0	1	1	0	0	0	1	0	0	0
1	0	0	1	0	0	0	0	0	1
1	0	0	0	1	0	0	0	0	0
0	1	0	0	0	1	0	0	0	0
0	0	1	0	0	0	0	0	1	0
0	0	0	1	0	0	0	1	0	0
1	0	0	0	0	0	0	0	0	0
0	0	0	0	0	1	0	0	0	0
0	0	0	0	1	0	0	0	0	0
0	1	0	0	0	0	0	0	0	0

0	10	10	0	0	0	10	0	0	0
10	0	0	10	0	0	0	0	0	10
10	0	0	0	10	0	0	0	0	0
0	10	0	0	0	10	0	0	0	0
0	0	10	0	0	0	0	0	10	0
0	0	0	10	0	0	0	10	0	0
10	0	0	0	0	0	0	0	0	0
0	0	0	0	0	10	0	0	0	0
0	0	0	0	10	0	0	0	0	0
0	10	0	0	0	0	0	0	0	0

0	1	1	0	0	0	1	0	0	0
1	0	0	1	0	0	0	0	0	1
1	0	0	0	1	0	0	0	0	0
0	1	0	0	0	1	0	0	0	0
0	0	1	0	0	0	0	0	1	0
0	0	0	1	0	0	0	1	0	0
1	0	0	0	0	0	0	0	0	0
0	0	0	0	0	1	0	0	0	0
0	0	0	0	1	0	0	0	0	0
0	1	0	0	0	0	0	0	0	0

0	1	1	0	0	0	1	0	0	0
1	0	0	1	0	0	0	0	0	1
1	0	0	0	1	0	0	0	0	0
0	1	0	0	0	1	0	0	0	0
0	0	1	0	0	0	0	0	1	0
0	0	0	1	0	0	0	1	0	0
1	0	0	0	0	0	0	0	0	0
0	0	0	0	0	1	0	0	0	0
0	0	0	0	1	0	0	0	0	0
0	1	0	0	0	0	0	0	0	0

21	20
21	18
17	22
15	20
21	24
20	23
18	23
17	17
20	16
25	25

0	10
6	12
12	1
1	2
2	8
2	7
5	3
1	3
10	12
8	1
