0	1	0	1	0	0	0	0	0
1	0	1	0	0	1	0	0	1
0	1	0	0	1	0	0	0	0
1	0	0	0	0	0	0	1	0
0	0	1	0	0	0	0	0	0
0	1	0	0	0	0	1	0	0
0	0	0	0	0	1	0	0	0
0	0	0	1	0	0	0	0	0
0	1	0	0	0	0	0	0	0

0	15	0	15	0	0	0	0	0
15	0	15	0	0	15	0	0	15
0	15	0	0	15	0	0	0	0
15	0	0	0	0	0	0	15	0
0	0	15	0	0	0	0	0	0
0	15	0	0	0	0	15	0	0
0	0	0	0	0	15	0	0	0
0	0	0	15	0	0	0	0	0
0	15	0	0	0	0	0	0	0

0	1	0	1	0	0	0	0	0
1	0	1	0	0	1	0	0	1
0	1	0	0	1	0	0	0	0
1	0	0	0	0	0	0	1	0
0	0	1	0	0	0	0	0	0
0	1	0	0	0	0	1	0	0
0	0	0	0	0	1	0	0	0
0	0	0	1	0	0	0	0	0
0	1	0	0	0	0	0	0	0

0	1	0	1	0	0	0	0	0
1	0	1	0	0	1	0	0	1
0	1	0	0	1	0	0	0	0
1	0	0	0	0	0	0	1	0
0	0	1	0	0	0	0	0	0
0	1	0	0	0	0	1	0	0
0	0	0	0	0	1	0	0	0
0	0	0	1	0	0	0	0	0
0	1	0	0	0	0	0	0	0

24	19
15	19
25	17
18	18
22	21
25	25
19	23
18	24
20	25

11	2
9	2
5	0
11	10
9	2
7	10
12	9
2	4
8	1
