0	1	1	1	0	0	0	0
1	0	0	0	0	0	0	0
1	0	0	0	1	0	0	0
1	0	0	0	0	0	1	0
0	0	1	0	0	1	0	0
0	0	0	0	1	0	0	1
0	0	0	1	0	0	0	0
0	0	0	0	0	1	0	0

0	25	25	25	0	0	0	0
25	0	0	0	0	0	0	0
25	0	0	0	25	0	0	0
25	0	0	0	0	0	25	0
0	0	25	0	0	25	0	0
0	0	0	0	25	0	0	25
0	0	0	25	0	0	0	0
0	0	0	0	0	25	0	0

0	1	1	1	0	0	0	0
1	0	0	0	0	0	0	0
1	0	0	0	1	0	0	0
1	0	0	0	0	0	1	0
0	0	1	0	0	1	0	0
0	0	0	0	1	0	0	1
0	0	0	1	0	0	0	0
0	0	0	0	0	1	0	0

0	1	1	1	0	0	0	0
1	0	0	0	0	0	0	0
1	0	0	0	1	0	0	0
1	0	0	0	0	0	1	0
0	0	1	0	0	1	0	0
0	0	0	0	1	0	0	1
0	0	0	1	0	0	0	0
0	0	0	0	0	1	0	0

22	18
25	22
19	25
17	21
22	24
19	19
22	19
16	23

2	11
4	8
3	13
6	2
12	11
9	3
3	6
4	2
