0	1	1	0	0	0	1	0	0
1	0	0	1	1	0	0	0	0
1	0	0	0	0	1	0	0	0
0	1	0	0	0	0	0	0	0
0	1	0	0	0	0	0	0	0
0	0	1	0	0	0	0	1	1
1	0	0	0	0	0	0	0	0
0	0	0	0	0	1	0	0	0
0	0	0	0	0	1	0	0	0

0	10	10	0	0	0	10	0	0
10	0	0	10	10	0	0	0	0
10	0	0	0	0	10	0	0	0
0	10	0	0	0	0	0	0	0
0	10	0	0	0	0	0	0	0
0	0	10	0	0	0	0	10	10
10	0	0	0	0	0	0	0	0
0	0	0	0	0	10	0	0	0
0	0	0	0	0	10	0	0	0

0	1	1	0	0	0	1	0	0
1	0	0	1	1	0	0	0	0
1	0	0	0	0	1	0	0	0
0	1	0	0	0	0	0	0	0
0	1	0	0	0	0	0	0	0
0	0	1	0	0	0	0	1	1
1	0	0	0	0	0	0	0	0
0	0	0	0	0	1	0	0	0
0	0	0	0	0	1	0	0	0

0	1	1	0	0	0	1	0	0
1	0	0	1	1	0	0	0	0
1	0	0	0	0	1	0	0	0
0	1	0	0	0	0	0	0	0
0	1	0	0	0	0	0	0	0
0	0	1	0	0	0	0	1	1
1	0	0	0	0	0	0	0	0
0	0	0	0	0	1	0	0	0
0	0	0	0	0	1	0	0	0

23	15
17	20
23	20
17	19
18	23
20	15
24	21
24	22
16	22

13	10
5	2
2	8
3	4
3	2
10	5
4	6
4	1
5	4
