0	1	1	0	0	0	0	0
1	0	0	0	0	0	0	0
1	0	0	1	1	0	0	0
0	0	1	0	0	1	0	0
0	0	1	0	0	0	1	0
0	0	0	1	0	0	0	0
0	0	0	0	1	0	0	1
0	0	0	0	0	0	1	0

0	15	15	0	0	0	0	0
15	0	0	0	0	0	0	0
15	0	0	15	15	0	0	0
0	0	15	0	0	15	0	0
0	0	15	0	0	0	15	0
0	0	0	15	0	0	0	0
0	0	0	0	15	0	0	15
0	0	0	0	0	0	15	0

0	1	1	0	0	0	0	0
1	0	0	0	0	0	0	0
1	0	0	1	1	0	0	0
0	0	1	0	0	1	0	0
0	0	1	0	0	0	1	0
0	0	0	1	0	0	0	0
0	0	0	0	1	0	0	1
0	0	0	0	0	0	1	0

0	1	1	0	0	0	0	0
1	0	0	0	0	0	0	0
1	0	0	1	1	0	0	0
0	0	1	0	0	1	0	0
0	0	1	0	0	0	1	0
0	0	0	1	0	0	0	0
0	0	0	0	1	0	0	1
0	0	0	0	0	0	1	0

16	23
17	22
20	21
15	16
19	24
22	16
24	25
17	18

12	4
11	12
9	3
13	11
6	1
12	3
11	13
7	8
