0	1	1	0	1	0	0	0	0
1	0	0	1	0	0	0	0	0
1	0	0	0	0	0	0	0	0
0	1	0	0	0	0	1	0	0
1	0	0	0	0	1	0	1	0
0	0	0	0	1	0	0	0	0
0	0	0	1	0	0	0	0	1
0	0	0	0	1	0	0	0	0
0	0	0	0	0	0	1	0	0

0	10	10	0	10	0	0	0	0
10	0	0	10	0	0	0	0	0
10	0	0	0	0	0	0	0	0
0	10	0	0	0	0	10	0	0
10	0	0	0	0	10	0	10	0
0	0	0	0	10	0	0	0	0
0	0	0	10	0	0	0	0	10
0	0	0	0	10	0	0	0	0
0	0	0	0	0	0	10	0	0

0	1	1	0	1	0	0	0	0
1	0	0	1	0	0	0	0	0
1	0	0	0	0	0	0	0	0
0	1	0	0	0	0	1	0	0
1	0	0	0	0	1	0	1	0
0	0	0	0	1	0	0	0	0
0	0	0	1	0	0	0	0	1
0	0	0	0	1	0	0	0	0
0	0	0	0	0	0	1	0	0

0	1	1	0	1	0	0	0	0
1	0	0	1	0	0	0	0	0
1	0	0	0	0	0	0	0	0
0	1	0	0	0	0	1	0	0
1	0	0	0	0	1	0	1	0
0	0	0	0	1	0	0	0	0
0	0	0	1	0	0	0	0	1
0	0	0	0	1	0	0	0	0
0	0	0	0	0	0	1	0	0

24	18
17	22
18	17
23	23
16	19
21	18
17	21
19	20
17	17

4	5
2	6
1	0
12	3
0	9
11	12
1	11
0	6
4	8
