0	1	0	0	0	0	0	0	0
1	0	1	0	0	0	0	0	0
0	1	0	1	1	1	0	0	1
0	0	1	0	0	0	0	1	0
0	0	1	0	0	0	0	0	0
0	0	1	0	0	0	1	0	0
0	0	0	0	0	1	0	0	0
0	0	0	1	0	0	0	0	0
0	0	1	0	0	0	0	0	0

0	10	0	0	0	0	0	0	0
10	0	10	0	0	0	0	0	0
0	10	0	10	10	10	0	0	10
0	0	10	0	0	0	0	10	0
0	0	10	0	0	0	0	0	0
0	0	10	0	0	0	10	0	0
0	0	0	0	0	10	0	0	0
0	0	0	10	0	0	0	0	0
0	0	10	0	0	0	0	0	0

0	1	0	0	0	0	0	0	0
1	0	1	0	0	0	0	0	0
0	1	0	1	1	1	0	0	1
0	0	1	0	0	0	0	1	0
0	0	1	0	0	0	0	0	0
0	0	1	0	0	0	1	0	0
0	0	0	0	0	1	0	0	0
0	0	0	1	0	0	0	0	0
0	0	1	0	0	0	0	0	0

0	1	0	0	0	0	0	0	0
1	0	1	0	0	0	0	0	0
0	1	0	1	1	1	0	0	1
0	0	1	0	0	0	0	1	0
0	0	1	0	0	0	0	0	0
0	0	1	0	0	0	1	0	0
0	0	0	0	0	1	0	0	0
0	0	0	1	0	0	0	0	0
0	0	1	0	0	0	0	0	0

22	25
23	15
23	18
21	24
21	17
19	15
17	23
25	22
16	21

5	3
8	3
11	9
9	13
0	2
8	11
3	2
0	12
11	7
