0	1	0	1	0	0	0	0
1	0	1	0	0	0	0	0
0	1	0	0	1	1	0	0
1	0	0	0	0	0	0	0
0	0	1	0	0	0	0	0
0	0	1	0	0	0	1	0
0	0	0	0	0	1	0	1
0	0	0	0	0	0	1	0

0	25	0	25	0	0	0	0
25	0	25	0	0	0	0	0
0	25	0	0	25	25	0	0
25	0	0	0	0	0	0	0
0	0	25	0	0	0	0	0
0	0	25	0	0	0	25	0
0	0	0	0	0	25	0	25
0	0	0	0	0	0	25	0

0	1	0	1	0	0	0	0
1	0	1	0	0	0	0	0
0	1	0	0	1	1	0	0
1	0	0	0	0	0	0	0
0	0	1	0	0	0	0	0
0	0	1	0	0	0	1	0
0	0	0	0	0	1	0	1
0	0	0	0	0	0	1	0

0	1	0	1	0	0	0	0
1	0	1	0	0	0	0	0
0	1	0	0	1	1	0	0
1	0	0	0	0	0	0	0
0	0	1	0	0	0	0	0
0	0	1	0	0	0	1	0
0	0	0	0	0	1	0	1
0	0	0	0	0	0	1	0

25	20
24	24
21	20
19	20
22	25
25	19
24	25
17	25

12	2
10	1
9	7
12	1
11	13
11	3
7	5
1	3
