0	1	1	0	0	1	0	0	0
1	0	0	0	0	0	0	0	0
1	0	0	1	1	0	0	0	1
0	0	1	0	0	0	1	0	0
0	0	1	0	0	0	0	0	0
1	0	0	0	0	0	0	0	0
0	0	0	1	0	0	0	1	0
0	0	0	0	0	0	1	0	0
0	0	1	0	0	0	0	0	0

0	15	15	0	0	15	0	0	0
15	0	0	0	0	0	0	0	0
15	0	0	15	15	0	0	0	15
0	0	15	0	0	0	15	0	0
0	0	15	0	0	0	0	0	0
15	0	0	0	0	0	0	0	0
0	0	0	15	0	0	0	15	0
0	0	0	0	0	0	15	0	0
0	0	15	0	0	0	0	0	0

0	1	1	0	0	1	0	0	0
1	0	0	0	0	0	0	0	0
1	0	0	1	1	0	0	0	1
0	0	1	0	0	0	1	0	0
0	0	1	0	0	0	0	0	0
1	0	0	0	0	0	0	0	0
0	0	0	1	0	0	0	1	0
0	0	0	0	0	0	1	0	0
0	0	1	0	0	0	0	0	0

0	1	1	0	0	1	0	0	0
1	0	0	0	0	0	0	0	0
1	0	0	1	1	0	0	0	1
0	0	1	0	0	0	1	0	0
0	0	1	0	0	0	0	0	0
1	0	0	0	0	0	0	0	0
0	0	0	1	0	0	0	1	0
0	0	0	0	0	0	1	0	0
0	0	1	0	0	0	0	0	0

21	17
16	17
19	24
20	18
25	24
23	19
20	22
24	25
24	16

2	5
7	5
12	5
8	9
9	8
11	1
2	13
11	4
11	5
