0	1	0	0	0	0	0	1
1	0	1	1	0	0	0	0
0	1	0	0	0	0	0	0
0	1	0	0	1	1	0	0
0	0	0	1	0	0	0	0
0	0	0	1	0	0	1	0
0	0	0	0	0	1	0	0
1	0	0	0	0	0	0	0

0	10	0	0	0	0	0	10
10	0	10	10	0	0	0	0
0	10	0	0	0	0	0	0
0	10	0	0	10	10	0	0
0	0	0	10	0	0	0	0
0	0	0	10	0	0	10	0
0	0	0	0	0	10	0	0
10	0	0	0	0	0	0	0

0	1	0	0	0	0	0	1
1	0	1	1	0	0	0	0
0	1	0	0	0	0	0	0
0	1	0	0	1	1	0	0
0	0	0	1	0	0	0	0
0	0	0	1	0	0	1	0
0	0	0	0	0	1	0	0
1	0	0	0	0	0	0	0

0	1	0	0	0	0	0	1
1	0	1	1	0	0	0	0
0	1	0	0	0	0	0	0
0	1	0	0	1	1	0	0
0	0	0	1	0	0	0	0
0	0	0	1	0	0	1	0
0	0	0	0	0	1	0	0
1	0	0	0	0	0	0	0

20	25
16	25
20	21
21	18
18	22
22	17
22	25
23	21

9	5
1	7
7	4
8	7
6	1
8	4
4	12
9	7
