0	1	1	0	0	0	0	0
1	0	0	0	0	0	0	0
1	0	0	1	0	0	0	0
0	0	1	0	1	1	0	0
0	0	0	1	0	0	1	1
0	0	0	1	0	0	0	0
0	0	0	0	1	0	0	0
0	0	0	0	1	0	0	0

0	15	15	0	0	0	0	0
15	0	0	0	0	0	0	0
15	0	0	15	0	0	0	0
0	0	15	0	15	15	0	0
0	0	0	15	0	0	15	15
0	0	0	15	0	0	0	0
0	0	0	0	15	0	0	0
0	0	0	0	15	0	0	0

0	1	1	0	0	0	0	0
1	0	0	0	0	0	0	0
1	0	0	1	0	0	0	0
0	0	1	0	1	1	0	0
0	0	0	1	0	0	1	1
0	0	0	1	0	0	0	0
0	0	0	0	1	0	0	0
0	0	0	0	1	0	0	0

0	1	1	0	0	0	0	0
1	0	0	0	0	0	0	0
1	0	0	1	0	0	0	0
0	0	1	0	1	1	0	0
0	0	0	1	0	0	1	1
0	0	0	1	0	0	0	0
0	0	0	0	1	0	0	0
0	0	0	0	1	0	0	0

17	17
17	25
21	21
25	16
17	25
23	17
20	24
18	16

11	3
4	3
0	7
3	6
10	5
9	10
10	0
5	9
