0	1	1	0	0	0	0	0	1	0
1	0	0	1	0	0	0	0	0	1
1	0	0	0	0	0	0	0	0	0
0	1	0	0	1	1	0	0	0	0
0	0	0	1	0	0	0	0	0	0
0	0	0	1	0	0	1	1	0	0
0	0	0	0	0	1	0	0	0	0
0	0	0	0	0	1	0	0	0	0
1	0	0	0	0	0	0	0	0	0
0	1	0	0	0	0	0	0	0	0

0	10	10	0	0	0	0	0	10	0
10	0	0	10	0	0	0	0	0	10
10	0	0	0	0	0	0	0	0	0
0	10	0	0	10	10	0	0	0	0
0	0	0	10	0	0	0	0	0	0
0	0	0	10	0	0	10	10	0	0
0	0	0	0	0	10	0	0	0	0
0	0	0	0	0	10	0	0	0	0
10	0	0	0	0	0	0	0	0	0
0	10	0	0	0	0	0	0	0	0

0	1	1	0	0	0	0	0	1	0
1	0	0	1	0	0	0	0	0	1
1	0	0	0	0	0	0	0	0	0
0	1	0	0	1	1	0	0	0	0
0	0	0	1	0	0	0	0	0	0
0	0	0	1	0	0	1	1	0	0
0	0	0	0	0	1	0	0	0	0
0	0	0	0	0	1	0	0	0	0
1	0	0	0	0	0	0	0	0	0
0	1	0	0	0	0	0	0	0	0

0	1	1	0	0	0	0	0	1	0
1	0	0	1	0	0	0	0	0	1
1	0	0	0	0	0	0	0	0	0
0	1	0	0	1	1	0	0	0	0
0	0	0	1	0	0	0	0	0	0
0	0	0	1	0	0	1	1	0	0
0	0	0	0	0	1	0	0	0	0
0	0	0	0	0	1	0	0	0	0
1	0	0	0	0	0	0	0	0	0
0	1	0	0	0	0	0	0	0	0

22	23
21	16
16	16
23	22
17	18
21	15
17	21
17	15
17	18
24	16

6	4
12	7
12	6
10	7
13	6
5	3
9	7
10	4
1	9
1	0
