0	1	1	0	1	0	1	0
1	0	0	0	0	0	0	0
1	0	0	1	0	0	0	0
0	0	1	0	0	1	0	0
1	0	0	0	0	0	0	0
0	0	0	1	0	0	0	1
1	0	0	0	0	0	0	0
0	0	0	0	0	1	0	0

0	15	15	0	15	0	15	0
15	0	0	0	0	0	0	0
15	0	0	15	0	0	0	0
0	0	15	0	0	15	0	0
15	0	0	0	0	0	0	0
0	0	0	15	0	0	0	15
15	0	0	0	0	0	0	0
0	0	0	0	0	15	0	0

0	1	1	0	1	0	1	0
1	0	0	0	0	0	0	0
1	0	0	1	0	0	0	0
0	0	1	0	0	1	0	0
1	0	0	0	0	0	0	0
0	0	0	1	0	0	0	1
1	0	0	0	0	0	0	0
0	0	0	0	0	1	0	0

0	1	1	0	1	0	1	0
1	0	0	0	0	0	0	0
1	0	0	1	0	0	0	0
0	0	1	0	0	1	0	0
1	0	0	0	0	0	0	0
0	0	0	1	0	0	0	1
1	0	0	0	0	0	0	0
0	0	0	0	0	1	0	0

18	16
20	21
21	19
22	23
15	22
16	19
25	17
23	22

5	3
0	12
0	9
2	8
1	6
7	5
2	0
7	9
