0	1	1	0	0	0	0	0	0
1	0	0	0	0	0	0	0	0
1	0	0	1	1	1	1	0	1
0	0	1	0	0	0	0	0	0
0	0	1	0	0	0	0	1	0
0	0	1	0	0	0	0	0	0
0	0	1	0	0	0	0	0	0
0	0	0	0	1	0	0	0	0
0	0	1	0	0	0	0	0	0

0	20	20	0	0	0	0	0	0
20	0	0	0	0	0	0	0	0
20	0	0	20	20	20	20	0	20
0	0	20	0	0	0	0	0	0
0	0	20	0	0	0	0	20	0
0	0	20	0	0	0	0	0	0
0	0	20	0	0	0	0	0	0
0	0	0	0	20	0	0	0	0
0	0	20	0	0	0	0	0	0

0	1	1	0	0	0	0	0	0
1	0	0	0	0	0	0	0	0
1	0	0	1	1	1	1	0	1
0	0	1	0	0	0	0	0	0
0	0	1	0	0	0	0	1	0
0	0	1	0	0	0	0	0	0
0	0	1	0	0	0	0	0	0
0	0	0	0	1	0	0	0	0
0	0	1	0	0	0	0	0	0

0	1	1	0	0	0	0	0	0
1	0	0	0	0	0	0	0	0
1	0	0	1	1	1	1	0	1
0	0	1	0	0	0	0	0	0
0	0	1	0	0	0	0	1	0
0	0	1	0	0	0	0	0	0
0	0	1	0	0	0	0	0	0
0	0	0	0	1	0	0	0	0
0	0	1	0	0	0	0	0	0

21	24
25	17
21	22
15	21
15	24
16	25
17	24
19	23
24	22

9	5
4	8
5	11
13	1
5	2
4	2
3	5
1	8
9	6
