0	1	1	0	0	1	0	0
1	0	0	0	0	0	0	1
1	0	0	1	0	0	1	0
0	0	1	0	1	0	0	0
0	0	0	1	0	0	0	0
1	0	0	0	0	0	0	0
0	0	1	0	0	0	0	0
0	1	0	0	0	0	0	0

0	10	10	0	0	10	0	0
10	0	0	0	0	0	0	10
10	0	0	10	0	0	10	0
0	0	10	0	10	0	0	0
0	0	0	10	0	0	0	0
10	0	0	0	0	0	0	0
0	0	10	0	0	0	0	0
0	10	0	0	0	0	0	0

0	1	1	0	0	1	0	0
1	0	0	0	0	0	0	1
1	0	0	1	0	0	1	0
0	0	1	0	1	0	0	0
0	0	0	1	0	0	0	0
1	0	0	0	0	0	0	0
0	0	1	0	0	0	0	0
0	1	0	0	0	0	0	0

0	1	1	0	0	1	0	0
1	0	0	0	0	0	0	1
1	0	0	1	0	0	1	0
0	0	1	0	1	0	0	0
0	0	0	1	0	0	0	0
1	0	0	0	0	0	0	0
0	0	1	0	0	0	0	0
0	1	0	0	0	0	0	0

19	22
24	25
23	18
16	18
16	16
21	15
23	15
25	17

8	13
13	3
7	3
10	2
6	4
9	1
0	9
2	11
