0	1	0	0	1	0	0	1	0
1	0	1	1	0	0	0	0	0
0	1	0	0	0	1	0	0	0
0	1	0	0	0	0	1	0	0
1	0	0	0	0	0	0	0	0
0	0	1	0	0	0	0	0	0
0	0	0	1	0	0	0	0	1
1	0	0	0	0	0	0	0	0
0	0	0	0	0	0	1	0	0

0	5	0	0	5	0	0	5	0
5	0	5	5	0	0	0	0	0
0	5	0	0	0	5	0	0	0
0	5	0	0	0	0	5	0	0
5	0	0	0	0	0	0	0	0
0	0	5	0	0	0	0	0	0
0	0	0	5	0	0	0	0	5
5	0	0	0	0	0	0	0	0
0	0	0	0	0	0	5	0	0

0	1	0	0	1	0	0	1	0
1	0	1	1	0	0	0	0	0
0	1	0	0	0	1	0	0	0
0	1	0	0	0	0	1	0	0
1	0	0	0	0	0	0	0	0
0	0	1	0	0	0	0	0	0
0	0	0	1	0	0	0	0	1
1	0	0	0	0	0	0	0	0
0	0	0	0	0	0	1	0	0

0	1	0	0	1	0	0	1	0
1	0	1	1	0	0	0	0	0
0	1	0	0	0	1	0	0	0
0	1	0	0	0	0	1	0	0
1	0	0	0	0	0	0	0	0
0	0	1	0	0	0	0	0	0
0	0	0	1	0	0	0	0	1
1	0	0	0	0	0	0	0	0
0	0	0	0	0	0	1	0	0

25	25
19	23
23	24
19	19
15	19
21	25
22	18
20	20
23	25

7	12
0	2
4	2
1	5
6	1
11	7
10	7
6	8
9	8
