0	1	1	0	1	1	0	0
1	0	0	0	0	0	0	0
1	0	0	1	0	0	0	0
0	0	1	0	0	0	0	0
1	0	0	0	0	0	1	0
1	0	0	0	0	0	0	0
0	0	0	0	1	0	0	1
0	0	0	0	0	0	1	0

0	25	25	0	25	25	0	0
25	0	0	0	0	0	0	0
25	0	0	25	0	0	0	0
0	0	25	0	0	0	0	0
25	0	0	0	0	0	25	0
25	0	0	0	0	0	0	0
0	0	0	0	25	0	0	25
0	0	0	0	0	0	25	0

0	1	1	0	1	1	0	0
1	0	0	0	0	0	0	0
1	0	0	1	0	0	0	0
0	0	1	0	0	0	0	0
1	0	0	0	0	0	1	0
1	0	0	0	0	0	0	0
0	0	0	0	1	0	0	1
0	0	0	0	0	0	1	0

0	1	1	0	1	1	0	0
1	0	0	0	0	0	0	0
1	0	0	1	0	0	0	0
0	0	1	0	0	0	0	0
1	0	0	0	0	0	1	0
1	0	0	0	0	0	0	0
0	0	0	0	1	0	0	1
0	0	0	0	0	0	1	0

16	15
19	16
20	25
23	22
17	20
25	19
21	23
20	18

4	1
6	8
6	0
10	7
0	12
11	4
2	3
11	10
