0	1	0	1	0	0	0	0	0	0
1	0	1	0	1	0	0	0	1	0
0	1	0	0	0	1	0	1	0	0
1	0	0	0	0	0	1	0	0	1
0	1	0	0	0	0	0	0	0	0
0	0	1	0	0	0	0	0	0	0
0	0	0	1	0	0	0	0	0	0
0	0	1	0	0	0	0	0	0	0
0	1	0	0	0	0	0	0	0	0
0	0	0	1	0	0	0	0	0	0

0	5	0	5	0	0	0	0	0	0
5	0	5	0	5	0	0	0	5	0
0	5	0	0	0	5	0	5	0	0
5	0	0	0	0	0	5	0	0	5
0	5	0	0	0	0	0	0	0	0
0	0	5	0	0	0	0	0	0	0
0	0	0	5	0	0	0	0	0	0
0	0	5	0	0	0	0	0	0	0
0	5	0	0	0	0	0	0	0	0
0	0	0	5	0	0	0	0	0	0

0	1	0	1	0	0	0	0	0	0
1	0	1	0	1	0	0	0	1	0
0	1	0	0	0	1	0	1	0	0
1	0	0	0	0	0	1	0	0	1
0	1	0	0	0	0	0	0	0	0
0	0	1	0	0	0	0	0	0	0
0	0	0	1	0	0	0	0	0	0
0	0	1	0	0	0	0	0	0	0
0	1	0	0	0	0	0	0	0	0
0	0	0	1	0	0	0	0	0	0

0	1	0	1	0	0	0	0	0	0
1	0	1	0	1	0	0	0	1	0
0	1	0	0	0	1	0	1	0	0
1	0	0	0	0	0	1	0	0	1
0	1	0	0	0	0	0	0	0	0
0	0	1	0	0	0	0	0	0	0
0	0	0	1	0	0	0	0	0	0
0	0	1	0	0	0	0	0	0	0
0	1	0	0	0	0	0	0	0	0
0	0	0	1	0	0	0	0	0	0

22	23
20	22
21	15
15	16
17	17
17	25
17	20
23	21
21	15
22	22

1	10
3	0
2	11
5	2
5	12
5	0
9	3
0	3
3	0
12	1
