0	1	1	0	1	0	0	0	0	0
1	0	0	0	0	0	1	1	0	0
1	0	0	1	0	1	0	0	1	0
0	0	1	0	0	0	0	0	0	0
1	0	0	0	0	0	0	0	0	0
0	0	1	0	0	0	0	0	0	0
0	1	0	0	0	0	0	0	0	1
0	1	0	0	0	0	0	0	0	0
0	0	1	0	0	0	0	0	0	0
0	0	0	0	0	0	1	0	0	0

0	20	20	0	20	0	0	0	0	0
20	0	0	0	0	0	20	20	0	0
20	0	0	20	0	20	0	0	20	0
0	0	20	0	0	0	0	0	0	0
20	0	0	0	0	0	0	0	0	0
0	0	20	0	0	0	0	0	0	0
0	20	0	0	0	0	0	0	0	20
0	20	0	0	0	0	0	0	0	0
0	0	20	0	0	0	0	0	0	0
0	0	0	0	0	0	20	0	0	0

0	1	1	0	1	0	0	0	0	0
1	0	0	0	0	0	1	1	0	0
1	0	0	1	0	1	0	0	1	0
0	0	1	0	0	0	0	0	0	0
1	0	0	0	0	0	0	0	0	0
0	0	1	0	0	0	0	0	0	0
0	1	0	0	0	0	0	0	0	1
0	1	0	0	0	0	0	0	0	0
0	0	1	0	0	0	0	0	0	0
0	0	0	0	0	0	1	0	0	0

0	1	1	0	1	0	0	0	0	0
1	0	0	0	0	0	1	1	0	0
1	0	0	1	0	1	0	0	1	0
0	0	1	0	0	0	0	0	0	0
1	0	0	0	0	0	0	0	0	0
0	0	1	0	0	0	0	0	0	0
0	1	0	0	0	0	0	0	0	1
0	1	0	0	0	0	0	0	0	0
0	0	1	0	0	0	0	0	0	0
0	0	0	0	0	0	1	0	0	0

25	21
24	17
23	24
15	15
22	16
18	24
23	22
22	24
21	22
20	16

8	5
10	11
1	11
0	4
5	13
13	9
4	1
3	1
2	0
7	0
