0	1	1	1	0	0	0	0	0	0
1	0	0	0	1	0	0	0	0	0
1	0	0	0	0	0	0	1	0	0
1	0	0	0	0	0	1	0	0	0
0	1	0	0	0	1	0	0	0	0
0	0	0	0	1	0	0	0	1	1
0	0	0	1	0	0	0	0	0	0
0	0	1	0	0	0	0	0	0	0
0	0	0	0	0	1	0	0	0	0
0	0	0	0	0	1	0	0	0	0

0	15	15	15	0	0	0	0	0	0
15	0	0	0	15	0	0	0	0	0
15	0	0	0	0	0	0	15	0	0
15	0	0	0	0	0	15	0	0	0
0	15	0	0	0	15	0	0	0	0
0	0	0	0	15	0	0	0	15	15
0	0	0	15	0	0	0	0	0	0
0	0	15	0	0	0	0	0	0	0
0	0	0	0	0	15	0	0	0	0
0	0	0	0	0	15	0	0	0	0

0	1	1	1	0	0	0	0	0	0
1	0	0	0	1	0	0	0	0	0
1	0	0	0	0	0	0	1	0	0
1	0	0	0	0	0	1	0	0	0
0	1	0	0	0	1	0	0	0	0
0	0	0	0	1	0	0	0	1	1
0	0	0	1	0	0	0	0	0	0
0	0	1	0	0	0	0	0	0	0
0	0	0	0	0	1	0	0	0	0
0	0	0	0	0	1	0	0	0	0

0	1	1	1	0	0	0	0	0	0
1	0	0	0	1	0	0	0	0	0
1	0	0	0	0	0	0	1	0	0
1	0	0	0	0	0	1	0	0	0
0	1	0	0	0	1	0	0	0	0
0	0	0	0	1	0	0	0	1	1
0	0	0	1	0	0	0	0	0	0
0	0	1	0	0	0	0	0	0	0
0	0	0	0	0	1	0	0	0	0
0	0	0	0	0	1	0	0	0	0

24	15
20	17
25	23
19	24
24	18
20	25
24	22
23	24
23	20
15	18

12	6
12	6
8	6
3	0
2	13
5	6
2	0
11	10
0	6
8	10
