0	1	0	0	0	0	1	1	0	0
1	0	1	1	0	1	0	0	0	0
0	1	0	0	0	0	0	0	0	0
0	1	0	0	1	0	0	0	0	0
0	0	0	1	0	0	0	0	1	0
0	1	0	0	0	0	0	0	0	1
1	0	0	0	0	0	0	0	0	0
1	0	0	0	0	0	0	0	0	0
0	0	0	0	1	0	0	0	0	0
0	0	0	0	0	1	0	0	0	0

0	15	0	0	0	0	15	15	0	0
15	0	15	15	0	15	0	0	0	0
0	15	0	0	0	0	0	0	0	0
0	15	0	0	15	0	0	0	0	0
0	0	0	15	0	0	0	0	15	0
0	15	0	0	0	0	0	0	0	15
15	0	0	0	0	0	0	0	0	0
15	0	0	0	0	0	0	0	0	0
0	0	0	0	15	0	0	0	0	0
0	0	0	0	0	15	0	0	0	0

0	1	0	0	0	0	1	1	0	0
1	0	1	1	0	1	0	0	0	0
0	1	0	0	0	0	0	0	0	0
0	1	0	0	1	0	0	0	0	0
0	0	0	1	0	0	0	0	1	0
0	1	0	0	0	0	0	0	0	1
1	0	0	0	0	0	0	0	0	0
1	0	0	0	0	0	0	0	0	0
0	0	0	0	1	0	0	0	0	0
0	0	0	0	0	1	0	0	0	0

0	1	0	0	0	0	1	1	0	0
1	0	1	1	0	1	0	0	0	0
0	1	0	0	0	0	0	0	0	0
0	1	0	0	1	0	0	0	0	0
0	0	0	1	0	0	0	0	1	0
0	1	0	0	0	0	0	0	0	1
1	0	0	0	0	0	0	0	0	0
1	0	0	0	0	0	0	0	0	0
0	0	0	0	1	0	0	0	0	0
0	0	0	0	0	1	0	0	0	0

15	21
21	23
21	19
20	17
22	16
15	19
17	17
17	17
21	18
17	23

6	1
13	11
4	5
8	3
1	4
12	3
6	4
3	8
4	8
7	13
