0	1	0	0	1	1	0	1	0	0
1	0	1	1	0	0	0	0	0	0
0	1	0	0	0	0	0	0	0	0
0	1	0	0	0	0	0	0	0	1
1	0	0	0	0	0	0	0	0	0
1	0	0	0	0	0	1	0	0	0
0	0	0	0	0	1	0	0	0	0
1	0	0	0	0	0	0	0	1	0
0	0	0	0	0	0	0	1	0	0
0	0	0	1	0	0	0	0	0	0

0	10	0	0	10	10	0	10	0	0
10	0	10	10	0	0	0	0	0	0
0	10	0	0	0	0	0	0	0	0
0	10	0	0	0	0	0	0	0	10
10	0	0	0	0	0	0	0	0	0
10	0	0	0	0	0	10	0	0	0
0	0	0	0	0	10	0	0	0	0
10	0	0	0	0	0	0	0	10	0
0	0	0	0	0	0	0	10	0	0
0	0	0	10	0	0	0	0	0	0

0	1	0	0	1	1	0	1	0	0
1	0	1	1	0	0	0	0	0	0
0	1	0	0	0	0	0	0	0	0
0	1	0	0	0	0	0	0	0	1
1	0	0	0	0	0	0	0	0	0
1	0	0	0	0	0	1	0	0	0
0	0	0	0	0	1	0	0	0	0
1	0	0	0	0	0	0	0	1	0
0	0	0	0	0	0	0	1	0	0
0	0	0	1	0	0	0	0	0	0

0	1	0	0	1	1	0	1	0	0
1	0	1	1	0	0	0	0	0	0
0	1	0	0	0	0	0	0	0	0
0	1	0	0	0	0	0	0	0	1
1	0	0	0	0	0	0	0	0	0
1	0	0	0	0	0	1	0	0	0
0	0	0	0	0	1	0	0	0	0
1	0	0	0	0	0	0	0	1	0
0	0	0	0	0	0	0	1	0	0
0	0	0	1	0	0	0	0	0	0

15	18
16	22
15	24
16	24
25	23
23	20
24	20
19	22
18	21
16	16

5	9
8	4
2	0
3	11
2	11
10	8
11	9
8	0
5	6
3	9
