0	1	0	0	1	0	0	0
1	0	1	0	0	0	0	1
0	1	0	1	0	1	1	0
0	0	1	0	0	0	0	0
1	0	0	0	0	0	0	0
0	0	1	0	0	0	0	0
0	0	1	0	0	0	0	0
0	1	0	0	0	0	0	0

0	25	0	0	25	0	0	0
25	0	25	0	0	0	0	25
0	25	0	25	0	25	25	0
0	0	25	0	0	0	0	0
25	0	0	0	0	0	0	0
0	0	25	0	0	0	0	0
0	0	25	0	0	0	0	0
0	25	0	0	0	0	0	0

0	1	0	0	1	0	0	0
1	0	1	0	0	0	0	1
0	1	0	1	0	1	1	0
0	0	1	0	0	0	0	0
1	0	0	0	0	0	0	0
0	0	1	0	0	0	0	0
0	0	1	0	0	0	0	0
0	1	0	0	0	0	0	0

0	1	0	0	1	0	0	0
1	0	1	0	0	0	0	1
0	1	0	1	0	1	1	0
0	0	1	0	0	0	0	0
1	0	0	0	0	0	0	0
0	0	1	0	0	0	0	0
0	0	1	0	0	0	0	0
0	1	0	0	0	0	0	0

25	21
25	19
20	21
25	21
25	20
16	24
25	23
15	16

13	12
11	2
6	5
3	2
1	10
13	6
8	6
5	12
