0	1	1	0	1	1	0	0	0	0
1	0	0	1	0	0	1	0	1	0
1	0	0	0	0	0	0	1	0	0
0	1	0	0	0	0	0	0	0	1
1	0	0	0	0	0	0	0	0	0
1	0	0	0	0	0	0	0	0	0
0	1	0	0	0	0	0	0	0	0
0	0	1	0	0	0	0	0	0	0
0	1	0	0	0	0	0	0	0	0
0	0	0	1	0	0	0	0	0	0

0	20	20	0	20	20	0	0	0	0
20	0	0	20	0	0	20	0	20	0
20	0	0	0	0	0	0	20	0	0
0	20	0	0	0	0	0	0	0	20
20	0	0	0	0	0	0	0	0	0
20	0	0	0	0	0	0	0	0	0
0	20	0	0	0	0	0	0	0	0
0	0	20	0	0	0	0	0	0	0
0	20	0	0	0	0	0	0	0	0
0	0	0	20	0	0	0	0	0	0

0	1	1	0	1	1	0	0	0	0
1	0	0	1	0	0	1	0	1	0
1	0	0	0	0	0	0	1	0	0
0	1	0	0	0	0	0	0	0	1
1	0	0	0	0	0	0	0	0	0
1	0	0	0	0	0	0	0	0	0
0	1	0	0	0	0	0	0	0	0
0	0	1	0	0	0	0	0	0	0
0	1	0	0	0	0	0	0	0	0
0	0	0	1	0	0	0	0	0	0

0	1	1	0	1	1	0	0	0	0
1	0	0	1	0	0	1	0	1	0
1	0	0	0	0	0	0	1	0	0
0	1	0	0	0	0	0	0	0	1
1	0	0	0	0	0	0	0	0	0
1	0	0	0	0	0	0	0	0	0
0	1	0	0	0	0	0	0	0	0
0	0	1	0	0	0	0	0	0	0
0	1	0	0	0	0	0	0	0	0
0	0	0	1	0	0	0	0	0	0

16	20
25	17
22	23
19	23
19	19
19	20
18	22
20	15
15	22
16	21

7	9
12	1
6	1
11	1
1	3
11	13
9	0
2	1
9	4
8	10
