0	1	0	1	0	0	0	0	0
1	0	1	0	0	0	0	0	1
0	1	0	0	1	0	1	0	0
1	0	0	0	0	0	0	0	0
0	0	1	0	0	1	0	0	0
0	0	0	0	1	0	0	0	0
0	0	1	0	0	0	0	1	0
0	0	0	0	0	0	1	0	0
0	1	0	0	0	0	0	0	0

0	10	0	10	0	0	0	0	0
10	0	10	0	0	0	0	0	10
0	10	0	0	10	0	10	0	0
10	0	0	0	0	0	0	0	0
0	0	10	0	0	10	0	0	0
0	0	0	0	10	0	0	0	0
0	0	10	0	0	0	0	10	0
0	0	0	0	0	0	10	0	0
0	10	0	0	0	0	0	0	0

0	1	0	1	0	0	0	0	0
1	0	1	0	0	0	0	0	1
0	1	0	0	1	0	1	0	0
1	0	0	0	0	0	0	0	0
0	0	1	0	0	1	0	0	0
0	0	0	0	1	0	0	0	0
0	0	1	0	0	0	0	1	0
0	0	0	0	0	0	1	0	0
0	1	0	0	0	0	0	0	0

0	1	0	1	0	0	0	0	0
1	0	1	0	0	0	0	0	1
0	1	0	0	1	0	1	0	0
1	0	0	0	0	0	0	0	0
0	0	1	0	0	1	0	0	0
0	0	0	0	1	0	0	0	0
0	0	1	0	0	0	0	1	0
0	0	0	0	0	0	1	0	0
0	1	0	0	0	0	0	0	0

21	24
20	23
20	24
18	18
21	24
24	20
18	20
16	18
15	16

5	7
3	9
2	12
11	0
9	6
8	4
1	10
13	8
4	9
