0	1	1	1	1	0	1	1	1
1	0	1	1	1	0	1	1	0
1	1	0	1	0	1	1	0	1
1	1	1	0	0	1	1	1	0
1	1	0	0	0	0	1	1	1
0	0	1	1	0	0	0	1	1
1	1	1	1	1	0	0	0	0
1	1	0	1	1	1	0	0	0
1	0	1	0	1	1	0	0	0

0	14	18	40	20	0	35	7	29
14	0	18	42	9	0	21	37	0
18	18	0	12	0	42	40	0	8
40	42	12	0	0	41	15	47	0
20	9	0	0	0	0	49	19	52
0	0	42	41	0	0	0	12	45
35	21	40	15	49	0	0	0	0
7	37	0	47	19	12	0	0	0
29	0	8	0	52	45	0	0	0

0	8	6	8	10	0	9	6	9
8	0	5	6	10	0	7	4	0
6	5	0	10	0	7	10	0	9
8	6	10	0	0	8	6	3	0
10	10	0	0	0	0	7	8	8
0	0	7	8	0	0	0	10	9
9	7	10	6	7	0	0	0	0
6	4	0	3	8	10	0	0	0
9	0	9	0	8	9	0	0	0

0	95	99	98	100	0	97	99	96
95	0	97	100	100	0	99	95	0
99	97	0	96	0	99	98	0	100
98	100	96	0	0	95	95	100	0
100	100	0	0	0	0	98	99	97
0	0	99	95	0	0	0	96	96
97	99	98	95	98	0	0	0	0
99	95	0	100	99	96	0	0	0
96	0	100	0	97	96	0	0	0

0	35	20	4	7	0	15	43	11
35	0	11	13	10	0	14	9	0
20	11	0	29	0	9	3	0	32
4	13	29	0	0	5	6	3	0
7	10	0	0	0	0	1	24	2
0	0	9	5	0	0	0	26	6
15	14	3	6	1	0	0	0	0
43	9	0	3	24	26	0	0	0
11	0	32	0	2	6	0	0	0

37	11
12	15
29	22
35	14
43	39
30	24
34	36
35	44
26	15
