0	1	1	0	1	1	1	1
1	0	1	1	1	1	1	1
1	1	0	1	1	1	1	1
0	1	1	0	0	1	1	1
1	1	1	0	0	1	1	0
1	1	1	1	1	0	0	1
1	1	1	1	1	0	0	0
1	1	1	1	0	1	0	0

0	32	27	0	48	41	53	39
32	0	16	11	28	30	44	9
27	16	0	33	38	19	33	14
0	11	33	0	0	19	26	32
48	28	38	0	0	9	9	0
41	30	19	19	9	0	0	49
53	44	33	26	9	0	0	0
39	9	14	32	0	49	0	0

0	10	3	0	9	3	8	6
10	0	3	9	10	3	5	4
3	3	0	4	5	8	6	3
0	9	4	0	0	9	4	8
9	10	5	0	0	9	5	0
3	3	8	9	9	0	0	4
8	5	6	4	5	0	0	0
6	4	3	8	0	4	0	0

0	100	98	0	98	97	97	98
100	0	97	96	100	95	97	98
98	97	0	99	99	96	100	96
0	96	99	0	0	100	100	98
98	100	99	0	0	100	100	0
97	95	96	100	100	0	0	97
97	97	100	100	100	0	0	0
98	98	96	98	0	97	0	0

0	9	12	0	5	7	2	7
9	0	29	2	20	7	2	30
12	29	0	5	7	28	13	37
0	2	5	0	0	14	0	1
5	20	7	0	0	41	13	0
7	7	28	14	41	0	0	6
2	2	13	0	13	0	0	0
7	30	37	1	0	6	0	0

25	42
20	21
13	29
35	35
23	46
10	28
14	19
27	42
