0	1	1	1	1	1	0
1	0	1	0	1	1	1
1	1	0	1	1	1	0
1	0	1	0	1	0	0
1	1	1	1	0	0	0
1	1	1	0	0	0	1
0	1	0	0	0	1	0

0	49	7	33	7	42	0
49	0	35	0	17	8	45
7	35	0	38	5	41	0
33	0	38	0	47	0	0
7	17	5	47	0	0	0
42	8	41	0	0	0	14
0	45	0	0	0	14	0

0	6	5	8	6	3	0
6	0	8	0	10	8	5
5	8	0	9	3	7	0
8	0	9	0	9	0	0
6	10	3	9	0	0	0
3	8	7	0	0	0	9
0	5	0	0	0	9	0

0	97	99	100	98	98	0
97	0	100	0	100	96	97
99	100	0	96	99	100	0
100	0	96	0	96	0	0
98	100	99	96	0	0	0
98	96	100	0	0	0	97
0	97	0	0	0	97	0

0	0	29	4	25	4	0
0	0	11	0	35	19	2
29	11	0	1	25	11	0
4	0	1	0	3	0	0
25	35	25	3	0	0	0
4	19	11	0	0	0	8
0	2	0	0	0	8	0

40	22
28	49
16	35
13	49
39	13
23	32
36	29
