0	1	1	1	1	1	1	1
1	0	0	1	0	1	1	1
1	0	0	1	1	0	0	1
1	1	1	0	1	0	0	1
1	0	1	1	0	1	1	0
1	1	0	0	1	0	1	1
1	1	0	0	1	1	0	1
1	1	1	1	0	1	1	0

0	7	22	21	21	46	18	53
7	0	0	6	0	52	32	50
22	0	0	28	34	0	0	35
21	6	28	0	27	0	0	23
21	0	34	27	0	46	52	0
46	52	0	0	46	0	49	17
18	32	0	0	52	49	0	52
53	50	35	23	0	17	52	0

0	10	7	8	7	10	5	4
10	0	0	10	0	7	4	4
7	0	0	8	8	0	0	8
8	10	8	0	10	0	0	5
7	0	8	10	0	7	8	0
10	7	0	0	7	0	10	8
5	4	0	0	8	10	0	5
4	4	8	5	0	8	5	0

0	96	97	99	97	100	100	99
96	0	0	99	0	95	99	95
97	0	0	98	95	0	0	95
99	99	98	0	99	0	0	97
97	0	95	99	0	95	100	0
100	95	0	0	95	0	96	98
100	99	0	0	100	96	0	96
99	95	95	97	0	98	96	0

0	46	9	7	8	6	30	1
46	0	0	2	0	1	1	4
9	0	0	7	19	0	0	14
7	2	7	0	21	0	0	17
8	0	19	21	0	5	1	0
6	1	0	0	5	0	1	1
30	1	0	0	1	1	0	1
1	4	14	17	0	1	1	0

37	13
17	23
41	24
39	20
35	10
34	24
47	10
19	48
