0	1	1	0	1	0	0	1	0	1
1	0	1	0	1	1	1	1	1	1
1	1	0	1	0	1	1	1	1	0
0	0	1	0	1	1	1	1	1	1
1	1	0	1	0	1	0	1	1	1
0	1	1	1	1	0	0	1	1	0
0	1	1	1	0	0	0	1	0	0
1	1	1	1	1	1	1	0	1	1
0	1	1	1	1	1	0	1	0	0
1	1	0	1	1	0	0	1	0	0

0	50	44	0	26	0	0	9	0	18
50	0	31	0	11	44	20	16	27	17
44	31	0	8	0	18	45	21	50	0
0	0	8	0	55	16	41	17	46	29
26	11	0	55	0	33	0	6	7	53
0	44	18	16	33	0	0	6	48	0
0	20	45	41	0	0	0	52	0	0
9	16	21	17	6	6	52	0	15	24
0	27	50	46	7	48	0	15	0	0
18	17	0	29	53	0	0	24	0	0

0	3	5	0	4	0	0	5	0	7
3	0	5	0	8	4	4	6	7	10
5	5	0	7	0	5	7	4	8	0
0	0	7	0	3	4	6	9	3	5
4	8	0	3	0	10	0	7	6	4
0	4	5	4	10	0	0	10	9	0
0	4	7	6	0	0	0	3	0	0
5	6	4	9	7	10	3	0	3	4
0	7	8	3	6	9	0	3	0	0
7	10	0	5	4	0	0	4	0	0

0	99	97	0	98	0	0	100	0	95
99	0	100	0	95	97	95	98	97	100
97	100	0	95	0	98	96	100	97	0
0	0	95	0	97	97	96	99	98	97
98	95	0	97	0	100	0	96	100	100
0	97	98	97	100	0	0	96	96	0
0	95	96	96	0	0	0	99	0	0
100	98	100	99	96	96	99	0	97	100
0	97	97	98	100	96	0	97	0	0
95	100	0	97	100	0	0	100	0	0

0	2	1	0	23	0	0	10	0	31
2	0	17	0	31	6	19	5	28	32
1	17	0	37	0	31	8	10	3	0
0	0	37	0	0	34	14	19	4	4
23	31	0	0	0	2	0	20	9	1
0	6	31	34	2	0	0	17	5	0
0	19	8	14	0	0	0	0	0	0
10	5	10	19	20	17	0	0	11	10
0	28	3	4	9	5	0	11	0	0
31	32	0	4	1	0	0	10	0	0

38	30
26	25
25	29
14	39
44	26
25	50
17	19
47	16
27	50
13	39
