0	1	1	1	1	1	1	1
1	0	1	1	1	1	1	0
1	1	0	0	0	1	1	1
1	1	0	0	1	1	1	1
1	1	0	1	0	1	1	1
1	1	1	1	1	0	1	1
1	1	1	1	1	1	0	0
1	0	1	1	1	1	0	0

0	11	54	14	35	30	26	18
11	0	15	28	42	25	47	0
54	15	0	0	0	51	13	26
14	28	0	0	48	38	14	53
35	42	0	48	0	45	18	45
30	25	51	38	45	0	42	25
26	47	13	14	18	42	0	0
18	0	26	53	45	25	0	0

0	10	8	7	5	3	7	3
10	0	4	3	9	4	9	0
8	4	0	0	0	9	10	3
7	3	0	0	8	8	5	9
5	9	0	8	0	4	5	4
3	4	9	8	4	0	9	3
7	9	10	5	5	9	0	0
3	0	3	9	4	3	0	0

0	97	98	99	98	96	97	98
97	0	97	95	98	100	100	0
98	97	0	0	0	96	100	99
99	95	0	0	98	96	98	95
98	98	0	98	0	100	96	98
96	100	96	96	100	0	99	96
97	100	100	98	96	99	0	0
98	0	99	95	98	96	0	0

0	5	1	1	16	9	22	4
5	0	8	25	10	28	5	0
1	8	0	0	0	0	13	7
1	25	0	0	1	7	40	2
16	10	0	1	0	2	25	4
9	28	0	7	2	0	2	25
22	5	13	40	25	2	0	0
4	0	7	2	4	25	0	0

28	17
43	11
45	34
11	38
23	37
30	37
47	50
28	41
