0	0	0	1	1	1	0	1	0	1
0	0	1	1	0	0	1	1	1	1
0	1	0	0	1	0	1	1	1	0
1	1	0	0	0	0	1	1	1	1
1	0	1	0	0	1	0	1	1	1
1	0	0	0	1	0	0	1	1	1
0	1	1	1	0	0	0	1	1	1
1	1	1	1	1	1	1	0	1	0
0	1	1	1	1	1	1	1	0	1
1	1	0	1	1	1	1	0	1	0

0	0	0	49	16	52	0	50	0	32
0	0	46	30	0	0	22	25	19	47
0	46	0	0	46	0	30	50	48	0
49	30	0	0	0	0	47	41	6	22
16	0	46	0	0	55	0	45	19	53
52	0	0	0	55	0	0	52	45	8
0	22	30	47	0	0	0	42	24	30
50	25	50	41	45	52	42	0	23	0
0	19	48	6	19	45	24	23	0	27
32	47	0	22	53	8	30	0	27	0

0	0	0	4	4	6	0	3	0	3
0	0	4	4	0	0	9	5	7	5
0	4	0	0	10	0	7	5	6	0
4	4	0	0	0	0	8	4	9	6
4	0	10	0	0	6	0	4	4	9
6	0	0	0	6	0	0	6	3	9
0	9	7	8	0	0	0	3	10	3
3	5	5	4	4	6	3	0	7	0
0	7	6	9	4	3	10	7	0	6
3	5	0	6	9	9	3	0	6	0

0	0	0	96	97	97	0	97	0	96
0	0	97	100	0	0	96	98	98	97
0	97	0	0	95	0	98	99	97	0
96	100	0	0	0	0	95	100	99	97
97	0	95	0	0	100	0	100	96	96
97	0	0	0	100	0	0	100	96	95
0	96	98	95	0	0	0	98	100	99
97	98	99	100	100	100	98	0	95	0
0	98	97	99	96	96	100	95	0	99
96	97	0	97	96	95	99	0	99	0

0	0	0	1	5	3	0	5	0	9
0	0	0	24	0	0	25	25	5	3
0	0	0	0	1	0	0	0	7	0
1	24	0	0	0	0	5	8	34	29
5	0	1	0	0	0	0	6	33	1
3	0	0	0	0	0	0	0	10	42
0	25	0	5	0	0	0	8	7	3
5	25	0	8	6	0	8	0	19	0
0	5	7	34	33	10	7	19	0	3
9	3	0	29	1	42	3	0	3	0

14	25
33	29
33	37
19	39
23	29
48	27
24	40
35	14
46	23
14	29
