0	1	1	0	1	0	1	1	1	1
1	0	1	1	1	1	1	1	0	1
1	1	0	0	0	1	0	1	0	0
0	1	0	0	0	1	0	1	0	1
1	1	0	0	0	1	1	1	1	1
0	1	1	1	1	0	1	1	1	1
1	1	0	0	1	1	0	1	0	0
1	1	1	1	1	1	1	0	1	1
1	0	0	0	1	1	0	1	0	1
1	1	0	1	1	1	0	1	1	0

0	42	39	0	39	0	43	50	5	34
42	0	31	31	37	24	15	52	0	42
39	31	0	0	0	27	0	36	0	0
0	31	0	0	0	42	0	41	0	50
39	37	0	0	0	45	46	13	45	12
0	24	27	42	45	0	45	11	20	29
43	15	0	0	46	45	0	45	0	0
50	52	36	41	13	11	45	0	42	9
5	0	0	0	45	20	0	42	0	15
34	42	0	50	12	29	0	9	15	0

0	10	3	0	8	0	6	6	6	4
10	0	9	7	5	6	3	8	0	8
3	9	0	0	0	4	0	10	0	0
0	7	0	0	0	6	0	5	0	7
8	5	0	0	0	3	5	8	7	7
0	6	4	6	3	0	10	6	7	9
6	3	0	0	5	10	0	3	0	0
6	8	10	5	8	6	3	0	9	5
6	0	0	0	7	7	0	9	0	9
4	8	0	7	7	9	0	5	9	0

0	97	100	0	97	0	99	98	100	97
97	0	98	100	97	95	96	97	0	99
100	98	0	0	0	99	0	98	0	0
0	100	0	0	0	95	0	96	0	96
97	97	0	0	0	98	100	99	96	98
0	95	99	95	98	0	100	97	96	100
99	96	0	0	100	100	0	95	0	0
98	97	98	96	99	97	95	0	97	95
100	0	0	0	96	96	0	97	0	99
97	99	0	96	98	100	0	95	99	0

0	2	12	0	8	0	12	5	47	7
2	0	21	7	1	11	15	1	0	4
12	21	0	0	0	27	0	10	0	0
0	7	0	0	0	10	0	14	0	4
8	1	0	0	0	1	3	23	9	34
0	11	27	10	1	0	7	6	5	11
12	15	0	0	3	7	0	3	0	0
5	1	10	14	23	6	3	0	5	17
47	0	0	0	9	5	0	5	0	9
7	4	0	4	34	11	0	17	9	0

26	21
31	19
42	18
32	11
40	23
38	19
25	14
41	43
10	36
39	38
