0	1	1	1	0	1	1	1	1
1	0	1	1	1	0	1	0	1
1	1	0	1	1	0	0	1	1
1	1	1	0	1	1	1	0	0
0	1	1	1	0	1	0	1	1
1	0	0	1	1	0	1	0	1
1	1	0	1	0	1	0	1	1
1	0	1	0	1	0	1	0	1
1	1	1	0	1	1	1	1	0

0	28	30	26	0	14	51	45	28
28	0	50	17	19	0	37	0	6
30	50	0	41	5	0	0	10	34
26	17	41	0	46	35	14	0	0
0	19	5	46	0	7	0	5	38
14	0	0	35	7	0	36	0	55
51	37	0	14	0	36	0	11	34
45	0	10	0	5	0	11	0	9
28	6	34	0	38	55	34	9	0

0	6	7	5	0	5	4	4	5
6	0	9	6	9	0	8	0	7
7	9	0	8	6	0	0	5	5
5	6	8	0	3	8	7	0	0
0	9	6	3	0	7	0	10	5
5	0	0	8	7	0	4	0	8
4	8	0	7	0	4	0	6	9
4	0	5	0	10	0	6	0	8
5	7	5	0	5	8	9	8	0

0	96	98	97	0	100	100	95	99
96	0	98	98	95	0	100	0	99
98	98	0	96	100	0	0	97	97
97	98	96	0	100	96	100	0	0
0	95	100	100	0	97	0	97	96
100	0	0	96	97	0	97	0	97
100	100	0	100	0	97	0	97	95
95	0	97	0	97	0	97	0	99
99	99	97	0	96	97	95	99	0

0	3	25	23	0	7	2	4	4
3	0	4	27	22	0	5	0	48
25	4	0	1	22	0	0	16	10
23	27	1	0	3	8	36	0	0
0	22	22	3	0	42	0	17	17
7	0	0	8	42	0	12	0	0
2	5	0	36	0	12	0	31	16
4	0	16	0	17	0	31	0	23
4	48	10	0	17	0	16	23	0

23	17
22	41
17	40
12	14
15	38
12	44
17	48
36	43
12	27
