0	1	0	1	1	1	0	1	1	0
1	0	0	0	1	1	0	1	1	0
0	0	0	1	1	1	1	1	1	1
1	0	1	0	1	0	1	1	1	1
1	1	1	1	0	1	1	1	0	1
1	1	1	0	1	0	0	0	1	1
0	0	1	1	1	0	0	1	1	1
1	1	1	1	1	0	1	0	0	1
1	1	1	1	0	1	1	0	0	1
0	0	1	1	1	1	1	1	1	0

0	54	0	19	14	25	0	36	22	0
54	0	0	0	7	45	0	50	22	0
0	0	0	17	53	37	36	12	33	38
19	0	17	0	19	0	21	45	43	26
14	7	53	19	0	29	51	5	0	32
25	45	37	0	29	0	0	0	26	5
0	0	36	21	51	0	0	6	30	43
36	50	12	45	5	0	6	0	0	17
22	22	33	43	0	26	30	0	0	52
0	0	38	26	32	5	43	17	52	0

0	4	0	3	10	3	0	6	6	0
4	0	0	0	8	10	0	3	10	0
0	0	0	9	5	10	9	7	4	7
3	0	9	0	6	0	9	4	3	7
10	8	5	6	0	4	5	6	0	6
3	10	10	0	4	0	0	0	6	5
0	0	9	9	5	0	0	6	5	9
6	3	7	4	6	0	6	0	0	10
6	10	4	3	0	6	5	0	0	9
0	0	7	7	6	5	9	10	9	0

0	96	0	95	95	98	0	95	95	0
96	0	0	0	98	95	0	99	97	0
0	0	0	100	100	96	96	95	98	99
95	0	100	0	96	0	96	95	98	97
95	98	100	96	0	99	100	96	0	99
98	95	96	0	99	0	0	0	97	98
0	0	96	96	100	0	0	97	98	97
95	99	95	95	96	0	97	0	0	97
95	97	98	98	0	97	98	0	0	100
0	0	99	97	99	98	97	97	100	0

0	1	0	21	38	6	0	11	4	0
1	0	0	0	12	0	0	0	22	0
0	0	0	34	2	3	1	2	9	5
21	0	34	0	14	0	34	2	0	4
38	12	2	14	0	11	0	27	0	15
6	0	3	0	11	0	0	0	15	10
0	0	1	34	0	0	0	42	13	0
11	0	2	2	27	0	42	0	0	8
4	22	9	0	0	15	13	0	0	3
0	0	5	4	15	10	0	8	3	0

17	42
34	13
37	36
12	39
18	34
32	16
27	12
30	34
35	22
29	40
