0	1	1	1	1	1	1	0	0
1	0	1	0	1	0	0	0	1
1	1	0	1	1	1	1	0	1
1	0	1	0	1	1	1	1	1
1	1	1	1	0	1	0	0	0
1	0	1	1	1	0	1	0	1
1	0	1	1	0	1	0	0	1
0	0	0	1	0	0	0	0	0
0	1	1	1	0	1	1	0	0

0	21	26	24	35	33	34	0	0
21	0	45	0	48	0	0	0	53
26	45	0	10	52	54	29	0	34
24	0	10	0	29	41	25	51	40
35	48	52	29	0	15	0	0	0
33	0	54	41	15	0	52	0	37
34	0	29	25	0	52	0	0	14
0	0	0	51	0	0	0	0	0
0	53	34	40	0	37	14	0	0

0	4	6	9	8	6	4	0	0
4	0	7	0	7	0	0	0	9
6	7	0	5	9	5	10	0	9
9	0	5	0	7	5	9	9	10
8	7	9	7	0	10	0	0	0
6	0	5	5	10	0	5	0	10
4	0	10	9	0	5	0	0	8
0	0	0	9	0	0	0	0	0
0	9	9	10	0	10	8	0	0

0	95	100	96	98	100	97	0	0
95	0	98	0	99	0	0	0	95
100	98	0	100	99	99	97	0	99
96	0	100	0	97	98	95	98	97
98	99	99	97	0	99	0	0	0
100	0	99	98	99	0	97	0	98
97	0	97	95	0	97	0	0	95
0	0	0	98	0	0	0	0	0
0	95	99	97	0	98	95	0	0

0	13	25	1	4	10	12	0	0
13	0	0	0	1	0	0	0	1
25	0	0	28	2	0	20	0	0
1	0	28	0	18	9	19	1	0
4	1	2	18	0	36	0	0	0
10	0	0	9	36	0	3	0	16
12	0	20	19	0	3	0	0	37
0	0	0	1	0	0	0	0	0
0	1	0	0	0	16	37	0	0

45	19
27	30
35	17
17	25
34	34
46	11
20	17
28	16
50	44
