0	1	1	1	1	0	1	1	1	0
1	0	0	1	1	0	1	1	0	1
1	0	0	1	1	0	1	1	0	1
1	1	1	0	0	1	0	0	1	0
1	1	1	0	0	1	1	1	0	0
0	0	0	1	1	0	0	1	1	1
1	1	1	0	1	0	0	0	1	0
1	1	1	0	1	1	0	0	1	0
1	0	0	1	0	1	1	1	0	0
0	1	1	0	0	1	0	0	0	0

0	21	13	19	37	0	50	29	40	0
21	0	0	32	37	0	47	53	0	7
13	0	0	41	16	0	25	34	0	45
19	32	41	0	0	27	0	0	18	0
37	37	16	0	0	8	9	44	0	0
0	0	0	27	8	0	0	32	25	5
50	47	25	0	9	0	0	0	47	0
29	53	34	0	44	32	0	0	25	0
40	0	0	18	0	25	47	25	0	0
0	7	45	0	0	5	0	0	0	0

0	3	4	6	7	0	8	4	6	0
3	0	0	7	5	0	5	8	0	5
4	0	0	9	4	0	3	7	0	6
6	7	9	0	0	10	0	0	9	0
7	5	4	0	0	9	8	3	0	0
0	0	0	10	9	0	0	9	4	10
8	5	3	0	8	0	0	0	9	0
4	8	7	0	3	9	0	0	3	0
6	0	0	9	0	4	9	3	0	0
0	5	6	0	0	10	0	0	0	0

0	100	95	97	100	0	99	96	100	0
100	0	0	97	96	0	98	97	0	99
95	0	0	98	97	0	96	95	0	100
97	97	98	0	0	97	0	0	96	0
100	96	97	0	0	100	99	97	0	0
0	0	0	97	100	0	0	99	96	97
99	98	96	0	99	0	0	0	99	0
96	97	95	0	97	99	0	0	99	0
100	0	0	96	0	96	99	99	0	0
0	99	100	0	0	97	0	0	0	0

0	33	29	22	16	0	3	24	15	0
33	0	0	4	8	0	7	1	0	41
29	0	0	3	25	0	17	7	0	8
22	4	3	0	0	12	0	0	15	0
16	8	25	0	0	14	23	7	0	0
0	0	0	12	14	0	0	6	19	34
3	7	17	0	23	0	0	0	6	0
24	1	7	0	7	6	0	0	11	0
15	0	0	15	0	19	6	11	0	0
0	41	8	0	0	34	0	0	0	0

18	26
15	42
16	46
48	38
27	32
21	24
43	36
14	45
38	38
40	17
