0	1	1	1	0	1	0	0	0
1	0	1	1	1	1	1	1	1
1	1	0	0	0	1	1	1	1
1	1	0	0	0	1	1	0	0
0	1	0	0	0	1	0	0	1
1	1	1	1	1	0	1	0	1
0	1	1	1	0	1	0	1	1
0	1	1	0	0	0	1	0	0
0	1	1	0	1	1	1	0	0

0	44	22	47	0	20	0	0	0
44	0	14	37	17	27	32	24	17
22	14	0	0	0	11	26	7	12
47	37	0	0	0	12	50	0	0
0	17	0	0	0	54	0	0	25
20	27	11	12	54	0	38	0	55
0	32	26	50	0	38	0	26	31
0	24	7	0	0	0	26	0	0
0	17	12	0	25	55	31	0	0

0	8	10	8	0	8	0	0	0
8	0	4	10	8	7	9	4	6
10	4	0	0	0	5	9	9	5
8	10	0	0	0	8	3	0	0
0	8	0	0	0	5	0	0	6
8	7	5	8	5	0	8	0	7
0	9	9	3	0	8	0	10	10
0	4	9	0	0	0	10	0	0
0	6	5	0	6	7	10	0	0

0	98	96	97	0	98	0	0	0
98	0	98	99	100	100	99	95	99
96	98	0	0	0	100	99	99	99
97	99	0	0	0	100	97	0	0
0	100	0	0	0	96	0	0	96
98	100	100	100	96	0	98	0	98
0	99	99	97	0	98	0	100	98
0	95	99	0	0	0	100	0	0
0	99	99	0	96	98	98	0	0

0	10	33	7	0	35	0	0	0
10	0	35	6	12	0	3	23	19
33	35	0	0	0	21	29	35	28
7	6	0	0	0	16	0	0	0
0	12	0	0	0	1	0	0	16
35	0	21	16	1	0	2	0	0
0	3	29	0	0	2	0	29	15
0	23	35	0	0	0	29	0	0
0	19	28	0	16	0	15	0	0

36	46
24	12
21	19
27	16
27	32
46	27
40	20
26	11
22	43
