0	1	1	1	1	1	1
1	0	0	1	1	1	1
1	0	0	1	0	0	1
1	1	1	0	1	1	1
1	1	0	1	0	0	1
1	1	0	1	0	0	1
1	1	1	1	1	1	0

0	51	10	51	11	51	12
51	0	0	33	32	39	14
10	0	0	20	0	0	44
51	33	20	0	49	35	39
11	32	0	49	0	0	41
51	39	0	35	0	0	18
12	14	44	39	41	18	0

0	8	9	9	4	8	5
8	0	0	9	10	8	7
9	0	0	4	0	0	5
9	9	4	0	9	4	7
4	10	0	9	0	0	4
8	8	0	4	0	0	6
5	7	5	7	4	6	0

0	100	96	98	99	99	98
100	0	0	100	100	95	97
96	0	0	100	0	0	95
98	100	100	0	100	98	96
99	100	0	100	0	0	97
99	95	0	98	0	0	98
98	97	95	96	97	98	0

0	1	37	3	17	0	13
1	0	0	8	20	16	38
37	0	0	18	0	0	6
3	8	18	0	2	17	16
17	20	0	2	0	0	8
0	16	0	17	0	0	10
13	38	6	16	8	10	0

28	27
40	18
20	10
18	39
28	50
14	31
31	29
