0	0	1	0	1	0	0
0	0	1	1	0	1	1
1	1	0	1	1	0	1
0	1	1	0	0	0	1
1	0	1	0	0	1	0
0	1	0	0	1	0	1
0	1	1	1	0	1	0

0	0	39	0	30	0	0
0	0	12	43	0	36	48
39	12	0	19	50	0	20
0	43	19	0	0	0	55
30	0	50	0	0	26	0
0	36	0	0	26	0	46
0	48	20	55	0	46	0

0	0	5	0	8	0	0
0	0	4	10	0	3	10
5	4	0	9	4	0	4
0	10	9	0	0	0	9
8	0	4	0	0	3	0
0	3	0	0	3	0	8
0	10	4	9	0	8	0

0	0	99	0	95	0	0
0	0	95	97	0	96	98
99	95	0	99	99	0	95
0	97	99	0	0	0	96
95	0	99	0	0	96	0
0	96	0	0	96	0	95
0	98	95	96	0	95	0

0	0	12	0	15	0	0
0	0	0	9	0	8	0
12	0	0	34	3	0	21
0	9	34	0	0	0	0
15	0	3	0	0	26	0
0	8	0	0	26	0	6
0	0	21	0	0	6	0

32	50
15	24
28	42
37	36
18	12
19	34
21	25
