0	1	1	1	0	0	1	0	1
1	0	1	1	1	1	1	1	1
1	1	0	1	0	0	1	1	1
1	1	1	0	0	0	1	1	1
0	1	0	0	0	0	1	1	1
0	1	0	0	0	0	1	0	1
1	1	1	1	1	1	0	1	1
0	1	1	1	1	0	1	0	0
1	1	1	1	1	1	1	0	0

0	54	9	28	0	0	21	0	48
54	0	53	35	32	30	15	34	14
9	53	0	15	0	0	48	11	16
28	35	15	0	0	0	42	51	52
0	32	0	0	0	0	13	33	7
0	30	0	0	0	0	14	0	30
21	15	48	42	13	14	0	44	24
0	34	11	51	33	0	44	0	0
48	14	16	52	7	30	24	0	0

0	8	6	8	0	0	3	0	10
8	0	7	8	3	4	3	6	4
6	7	0	10	0	0	9	8	5
8	8	10	0	0	0	4	7	8
0	3	0	0	0	0	7	5	10
0	4	0	0	0	0	10	0	8
3	3	9	4	7	10	0	5	9
0	6	8	7	5	0	5	0	0
10	4	5	8	10	8	9	0	0

0	100	100	97	0	0	100	0	99
100	0	99	100	96	95	96	97	96
100	99	0	98	0	0	99	95	100
97	100	98	0	0	0	100	98	96
0	96	0	0	0	0	100	100	100
0	95	0	0	0	0	97	0	97
100	96	99	100	100	97	0	97	97
0	97	95	98	100	0	97	0	0
99	96	100	96	100	97	97	0	0

0	1	10	8	0	0	2	0	5
1	0	2	7	1	0	40	16	41
10	2	0	2	0	0	7	18	14
8	7	2	0	0	0	2	1	1
0	1	0	0	0	0	15	13	2
0	0	0	0	0	0	36	0	0
2	40	7	2	15	36	0	7	10
0	16	18	1	13	0	7	0	0
5	41	14	1	2	0	10	0	0

21	39
39	20
23	43
30	31
29	24
47	27
42	47
38	15
10	29
