0	1	0	1	1	1	1	0
1	0	1	1	0	1	1	0
0	1	0	1	0	1	0	0
1	1	1	0	0	1	1	1
1	0	0	0	0	1	0	1
1	1	1	1	1	0	0	0
1	1	0	1	0	0	0	1
0	0	0	1	1	0	1	0

0	40	0	32	46	22	19	0
40	0	20	7	0	7	24	0
0	20	0	40	0	30	0	0
32	7	40	0	0	14	52	20
46	0	0	0	0	41	0	18
22	7	30	14	41	0	0	0
19	24	0	52	0	0	0	48
0	0	0	20	18	0	48	0

0	7	0	6	3	9	9	0
7	0	3	9	0	9	10	0
0	3	0	3	0	3	0	0
6	9	3	0	0	4	3	3
3	0	0	0	0	7	0	4
9	9	3	4	7	0	0	0
9	10	0	3	0	0	0	5
0	0	0	3	4	0	5	0

0	96	0	95	96	98	97	0
96	0	99	98	0	97	98	0
0	99	0	96	0	100	0	0
95	98	96	0	0	98	95	96
96	0	0	0	0	95	0	96
98	97	100	98	95	0	0	0
97	98	0	95	0	0	0	100
0	0	0	96	96	0	100	0

0	11	0	19	7	30	23	0
11	0	24	29	0	15	9	0
0	24	0	6	0	16	0	0
19	29	6	0	0	13	2	35
7	0	0	0	0	5	0	20
30	15	16	13	5	0	0	0
23	9	0	2	0	0	0	5
0	0	0	35	20	0	5	0

29	34
12	43
30	27
13	41
46	45
34	21
21	12
16	45
