0	1	1	0	1	0	0	1	0	1
1	0	1	0	1	1	1	1	1	1
1	1	0	1	0	1	1	1	1	0
0	0	1	0	1	1	1	1	1	1
1	1	0	1	0	1	0	1	1	1
0	1	1	1	1	0	0	1	1	0
0	1	1	1	0	0	0	1	0	0
1	1	1	1	1	1	1	0	1	1
0	1	1	1	1	1	0	1	0	0
1	1	0	1	1	0	0	1	0	0

0	5	48	0	8	0	0	34	0	41
5	0	44	0	28	51	42	13	12	16
48	44	0	10	0	19	6	40	48	0
0	0	10	0	38	20	21	34	39	42
8	28	0	38	0	17	0	5	45	44
0	51	19	20	17	0	0	6	26	0
0	42	6	21	0	0	0	43	0	0
34	13	40	34	5	6	43	0	35	51
0	12	48	39	45	26	0	35	0	0
41	16	0	42	44	0	0	51	0	0

0	9	4	0	5	0	0	3	0	8
9	0	8	0	8	3	7	8	9	7
4	8	0	8	0	6	4	4	3	0
0	0	8	0	3	9	5	4	3	6
5	8	0	3	0	5	0	7	6	5
0	3	6	9	5	0	0	3	9	0
0	7	4	5	0	0	0	10	0	0
3	8	4	4	7	3	10	0	4	3
0	9	3	3	6	9	0	4	0	0
8	7	0	6	5	0	0	3	0	0

0	100	95	0	99	0	0	98	0	96
100	0	99	0	95	97	99	97	96	97
95	99	0	96	0	98	99	99	100	0
0	0	96	0	97	98	100	96	97	100
99	95	0	97	0	97	0	100	100	96
0	97	98	98	97	0	0	97	99	0
0	99	99	100	0	0	0	99	0	0
98	97	99	96	100	97	99	0	97	99
0	96	100	97	100	99	0	97	0	0
96	97	0	100	96	0	0	99	0	0

0	46	4	0	27	0	0	18	0	7
46	0	9	0	5	4	2	34	33	13
4	9	0	39	0	11	32	6	2	0
0	0	39	0	4	12	31	15	2	7
27	5	0	4	0	30	0	17	0	9
0	4	11	12	30	0	0	19	8	0
0	2	32	31	0	0	0	9	0	0
18	34	6	15	17	19	9	0	1	2
0	33	2	2	0	8	0	1	0	0
7	13	0	7	9	0	0	2	0	0

40	20
17	10
22	38
26	31
46	49
40	19
30	31
19	26
46	37
31	26
