0	1	1	1	1	1	1	1	1	1
1	0	1	1	1	0	0	1	1	1
1	1	0	1	1	0	1	0	1	1
1	1	1	0	1	1	1	1	1	1
1	1	1	1	0	1	1	0	0	1
1	0	0	1	1	0	1	1	0	1
1	0	1	1	1	1	0	1	1	0
1	1	0	1	0	1	1	0	1	1
1	1	1	1	0	0	1	1	0	0
1	1	1	1	1	1	0	1	0	0

0	10	53	30	14	23	20	55	16	6
10	0	49	29	29	0	0	54	16	24
53	49	0	18	10	0	20	0	25	6
30	29	18	0	35	29	23	46	24	48
14	29	10	35	0	55	18	0	0	37
23	0	0	29	55	0	35	26	0	10
20	0	20	23	18	35	0	44	47	0
55	54	0	46	0	26	44	0	36	34
16	16	25	24	0	0	47	36	0	0
6	24	6	48	37	10	0	34	0	0

0	8	9	3	4	3	10	5	5	4
8	0	10	6	7	0	0	7	7	10
9	10	0	4	4	0	9	0	4	3
3	6	4	0	9	9	5	6	7	10
4	7	4	9	0	6	3	0	0	7
3	0	0	9	6	0	3	9	0	3
10	0	9	5	3	3	0	3	9	0
5	7	0	6	0	9	3	0	7	10
5	7	4	7	0	0	9	7	0	0
4	10	3	10	7	3	0	10	0	0

0	98	99	98	99	99	100	96	99	100
98	0	97	99	99	0	0	100	100	97
99	97	0	100	96	0	97	0	98	97
98	99	100	0	96	98	100	99	98	99
99	99	96	96	0	99	99	0	0	97
99	0	0	98	99	0	97	99	0	95
100	0	97	100	99	97	0	96	97	0
96	100	0	99	0	99	96	0	96	99
99	100	98	98	0	0	97	96	0	0
100	97	97	99	97	95	0	99	0	0

0	19	0	23	6	1	35	0	20	39
19	0	4	25	1	0	0	0	11	19
0	4	0	7	27	0	28	0	25	7
23	25	7	0	19	11	4	4	24	4
6	1	27	19	0	0	11	0	0	6
1	0	0	11	0	0	16	12	0	24
35	0	28	4	11	16	0	5	6	0
0	0	0	4	0	12	5	0	10	11
20	11	25	24	0	0	6	10	0	0
39	19	7	4	6	24	0	11	0	0

36	41
33	32
22	45
27	12
17	22
17	37
42	12
23	16
18	40
32	30
