0	1	0	1	1	0	1	1	1	1
1	0	0	1	0	0	0	1	1	1
0	0	0	1	0	1	1	1	1	0
1	1	1	0	1	1	1	0	1	1
1	0	0	1	0	1	0	0	0	1
0	0	1	1	1	0	0	1	1	0
1	0	1	1	0	0	0	1	0	1
1	1	1	0	0	1	1	0	0	1
1	1	1	1	0	1	0	0	0	0
1	1	0	1	1	0	1	1	0	0

0	30	0	6	50	0	14	16	43	37
30	0	0	40	0	0	0	13	43	55
0	0	0	24	0	33	36	9	49	0
6	40	24	0	5	28	39	0	36	28
50	0	0	5	0	24	0	0	0	19
0	0	33	28	24	0	0	9	7	0
14	0	36	39	0	0	0	8	0	15
16	13	9	0	0	9	8	0	0	38
43	43	49	36	0	7	0	0	0	0
37	55	0	28	19	0	15	38	0	0

0	10	0	5	8	0	8	9	6	4
10	0	0	8	0	0	0	4	9	4
0	0	0	5	0	10	9	10	10	0
5	8	5	0	3	3	8	0	8	7
8	0	0	3	0	6	0	0	0	8
0	0	10	3	6	0	0	9	4	0
8	0	9	8	0	0	0	5	0	3
9	4	10	0	0	9	5	0	0	8
6	9	10	8	0	4	0	0	0	0
4	4	0	7	8	0	3	8	0	0

0	100	0	98	98	0	96	100	98	99
100	0	0	97	0	0	0	96	98	100
0	0	0	97	0	98	100	99	98	0
98	97	97	0	100	96	96	0	96	99
98	0	0	100	0	100	0	0	0	97
0	0	98	96	100	0	0	100	95	0
96	0	100	96	0	0	0	96	0	100
100	96	99	0	0	100	96	0	0	95
98	98	98	96	0	95	0	0	0	0
99	100	0	99	97	0	100	95	0	0

0	16	0	37	5	0	37	18	2	8
16	0	0	15	0	0	0	28	3	0
0	0	0	24	0	22	4	18	0	0
37	15	24	0	3	0	2	0	1	6
5	0	0	3	0	24	0	0	0	0
0	0	22	0	24	0	0	38	6	0
37	0	4	2	0	0	0	9	0	37
18	28	18	0	0	38	9	0	0	9
2	3	0	1	0	6	0	0	0	0
8	0	0	6	0	0	37	9	0	0

20	31
47	30
27	25
23	23
39	15
39	23
32	31
43	31
44	22
15	19
