0	1	1	1	1	1	0	0	1
1	0	1	0	1	1	1	1	1
1	1	0	1	0	1	1	1	1
1	0	1	0	1	0	1	0	1
1	1	0	1	0	1	1	1	1
1	1	1	0	1	0	1	1	1
0	1	1	1	1	1	0	1	1
0	1	1	0	1	1	1	0	1
1	1	1	1	1	1	1	1	0

0	48	34	13	22	16	0	0	8
48	0	6	0	34	31	35	36	10
34	6	0	52	0	48	25	23	6
13	0	52	0	29	0	29	0	20
22	34	0	29	0	40	19	18	5
16	31	48	0	40	0	14	39	8
0	35	25	29	19	14	0	39	45
0	36	23	0	18	39	39	0	30
8	10	6	20	5	8	45	30	0

0	4	7	3	7	4	0	0	9
4	0	3	0	10	3	10	5	7
7	3	0	10	0	8	5	8	4
3	0	10	0	6	0	6	0	4
7	10	0	6	0	10	4	7	6
4	3	8	0	10	0	9	6	9
0	10	5	6	4	9	0	10	7
0	5	8	0	7	6	10	0	9
9	7	4	4	6	9	7	9	0

0	98	97	97	100	96	0	0	97
98	0	96	0	97	98	96	99	95
97	96	0	98	0	95	95	100	99
97	0	98	0	100	0	97	0	99
100	97	0	100	0	99	96	98	96
96	98	95	0	99	0	100	96	98
0	96	95	97	96	100	0	96	98
0	99	100	0	98	96	96	0	95
97	95	99	99	96	98	98	95	0

0	2	13	20	23	4	0	0	36
2	0	48	0	13	18	11	7	23
13	48	0	1	0	7	17	25	42
20	0	1	0	22	0	17	0	11
23	13	0	22	0	13	8	36	18
4	18	7	0	13	0	13	12	37
0	11	17	17	8	13	0	7	5
0	7	25	0	36	12	7	0	21
36	23	42	11	18	37	5	21	0

22	40
10	47
12	14
17	40
13	43
24	43
20	13
10	31
38	11
