0	0	1	1	0	1	0	1
0	0	1	1	1	1	1	1
1	1	0	1	1	0	1	1
1	1	1	0	1	1	1	1
0	1	1	1	0	0	1	1
1	1	0	1	0	0	1	1
0	1	1	1	1	1	0	1
1	1	1	1	1	1	1	0

0	0	16	5	0	24	0	34
0	0	26	37	28	14	47	26
16	26	0	34	29	0	7	45
5	37	34	0	51	31	35	27
0	28	29	51	0	0	51	9
24	14	0	31	0	0	22	31
0	47	7	35	51	22	0	41
34	26	45	27	9	31	41	0

0	0	4	9	0	4	0	9
0	0	4	3	5	4	6	8
4	4	0	6	3	0	8	3
9	3	6	0	9	7	6	8
0	5	3	9	0	0	3	4
4	4	0	7	0	0	8	7
0	6	8	6	3	8	0	9
9	8	3	8	4	7	9	0

0	0	99	96	0	100	0	100
0	0	97	95	98	100	96	99
99	97	0	97	96	0	99	99
96	95	97	0	100	95	100	98
0	98	96	100	0	0	97	98
100	100	0	95	0	0	98	98
0	96	99	100	97	98	0	98
100	99	99	98	98	98	98	0

0	0	31	38	0	25	0	4
0	0	10	16	11	28	1	23
31	10	0	17	11	0	36	0
38	16	17	0	1	1	8	20
0	11	11	1	0	0	4	20
25	28	0	1	0	0	27	6
0	1	36	8	4	27	0	3
4	23	0	20	20	6	3	0

34	10
37	24
28	46
30	33
27	37
11	45
44	47
17	40
