0	1	0	0	1	1	0
1	0	0	0	0	1	1
0	0	0	0	1	0	1
0	0	0	0	1	1	0
1	0	1	1	0	1	1
1	1	0	1	1	0	0
0	1	1	0	1	0	0

0	16	0	0	45	54	0
16	0	0	0	0	24	54
0	0	0	0	44	0	7
0	0	0	0	46	9	0
45	0	44	46	0	23	40
54	24	0	9	23	0	0
0	54	7	0	40	0	0

0	3	0	0	9	9	0
3	0	0	0	0	3	5
0	0	0	0	7	0	8
0	0	0	0	6	7	0
9	0	7	6	0	10	5
9	3	0	7	10	0	0
0	5	8	0	5	0	0

0	99	0	0	95	99	0
99	0	0	0	0	100	100
0	0	0	0	97	0	100
0	0	0	0	100	100	0
95	0	97	100	0	97	98
99	100	0	100	97	0	0
0	100	100	0	98	0	0

0	20	0	0	3	0	0
20	0	0	0	0	12	1
0	0	0	0	10	0	22
0	0	0	0	0	45	0
3	0	10	0	0	24	6
0	12	0	45	24	0	0
0	1	22	0	6	0	0

19	32
18	24
11	50
30	20
37	11
27	26
16	12
