0	1	1	1	1	1	1	0	1	0
1	0	1	1	1	1	1	1	1	1
1	1	0	1	0	1	0	1	0	1
1	1	1	0	1	1	0	0	1	0
1	1	0	1	0	1	1	1	1	1
1	1	1	1	1	0	1	1	1	0
1	1	0	0	1	1	0	1	1	1
0	1	1	0	1	1	1	0	0	1
1	1	0	1	1	1	1	0	0	1
0	1	1	0	1	0	1	1	1	0

0	37	12	36	48	17	31	0	45	0
37	0	51	29	37	45	31	55	27	52
12	51	0	7	0	26	0	34	0	48
36	29	7	0	31	52	0	0	44	0
48	37	0	31	0	16	47	18	40	24
17	45	26	52	16	0	27	35	41	0
31	31	0	0	47	27	0	44	46	15
0	55	34	0	18	35	44	0	0	53
45	27	0	44	40	41	46	0	0	11
0	52	48	0	24	0	15	53	11	0

0	5	10	7	5	10	10	0	7	0
5	0	5	10	7	5	10	3	4	3
10	5	0	7	0	10	0	6	0	10
7	10	7	0	3	5	0	0	5	0
5	7	0	3	0	4	5	9	9	4
10	5	10	5	4	0	3	4	4	0
10	10	0	0	5	3	0	4	7	8
0	3	6	0	9	4	4	0	0	3
7	4	0	5	9	4	7	0	0	5
0	3	10	0	4	0	8	3	5	0

0	97	97	97	96	100	96	0	98	0
97	0	100	99	95	97	97	100	97	99
97	100	0	98	0	97	0	95	0	95
97	99	98	0	100	98	0	0	99	0
96	95	0	100	0	96	96	95	99	100
100	97	97	98	96	0	98	100	98	0
96	97	0	0	96	98	0	100	99	100
0	100	95	0	95	100	100	0	0	97
98	97	0	99	99	98	99	0	0	99
0	99	95	0	100	0	100	97	99	0

0	13	39	17	6	5	11	0	0	0
13	0	3	19	3	2	22	0	27	1
39	3	0	43	0	1	0	8	0	3
17	19	43	0	17	0	0	0	6	0
6	3	0	17	0	33	8	11	7	28
5	2	1	0	33	0	20	4	11	0
11	22	0	0	8	20	0	2	1	8
0	0	8	0	11	4	2	0	0	0
0	27	0	6	7	11	1	0	0	33
0	1	3	0	28	0	8	0	33	0

36	23
31	43
31	27
50	47
26	32
20	26
24	42
46	36
26	14
26	16
