0	1	1	1	1	1	0	1	1
1	0	1	1	1	1	1	1	1
1	1	0	1	0	0	1	1	1
1	1	1	0	1	1	1	0	1
1	1	0	1	0	0	1	1	0
1	1	0	1	0	0	1	1	0
0	1	1	1	1	1	0	0	1
1	1	1	0	1	1	0	0	1
1	1	1	1	0	0	1	1	0

0	31	25	37	48	39	0	44	47
31	0	51	14	20	33	54	13	7
25	51	0	38	0	0	23	19	39
37	14	38	0	19	23	50	0	29
48	20	0	19	0	0	48	33	0
39	33	0	23	0	0	38	12	0
0	54	23	50	48	38	0	0	25
44	13	19	0	33	12	0	0	9
47	7	39	29	0	0	25	9	0

0	4	7	6	4	6	0	8	10
4	0	4	8	10	6	9	10	5
7	4	0	3	0	0	9	10	8
6	8	3	0	7	3	7	0	7
4	10	0	7	0	0	5	9	0
6	6	0	3	0	0	10	6	0
0	9	9	7	5	10	0	0	10
8	10	10	0	9	6	0	0	7
10	5	8	7	0	0	10	7	0

0	98	95	97	95	95	0	97	99
98	0	99	95	95	97	99	97	97
95	99	0	100	0	0	95	96	98
97	95	100	0	99	98	97	0	97
95	95	0	99	0	0	95	96	0
95	97	0	98	0	0	97	100	0
0	99	95	97	95	97	0	0	95
97	97	96	0	96	100	0	0	96
99	97	98	97	0	0	95	96	0

0	24	0	11	6	16	0	5	7
24	0	3	34	4	12	1	12	18
0	3	0	6	0	0	14	36	14
11	34	6	0	21	8	4	0	9
6	4	0	21	0	0	6	17	0
16	12	0	8	0	0	1	13	0
0	1	14	4	6	1	0	0	6
5	12	36	0	17	13	0	0	15
7	18	14	9	0	0	6	15	0

41	46
10	22
45	31
26	33
31	44
21	24
16	29
43	38
46	30
