0	1	1	0	1	1	1
1	0	0	1	1	0	0
1	0	0	1	1	1	1
0	1	1	0	1	1	0
1	1	1	1	0	1	1
1	0	1	1	1	0	1
1	0	1	0	1	1	0

0	30	35	0	26	17	34
30	0	0	42	6	0	0
35	0	0	45	17	37	32
0	42	45	0	43	30	0
26	6	17	43	0	14	39
17	0	37	30	14	0	32
34	0	32	0	39	32	0

0	5	9	0	3	7	5
5	0	0	10	4	0	0
9	0	0	5	7	3	4
0	10	5	0	8	9	0
3	4	7	8	0	3	9
7	0	3	9	3	0	8
5	0	4	0	9	8	0

0	95	100	0	96	98	97
95	0	0	96	97	0	0
100	0	0	97	96	95	99
0	96	97	0	100	99	0
96	97	96	100	0	98	95
98	0	95	99	98	0	97
97	0	99	0	95	97	0

0	25	0	0	6	22	3
25	0	0	2	39	0	0
0	0	0	7	24	0	1
0	2	7	0	10	24	0
6	39	24	10	0	24	9
22	0	0	24	24	0	6
3	0	1	0	9	6	0

41	40
21	28
16	27
47	10
27	20
48	21
30	36
