0	1	1	0	1	0	1	1	1	1
1	0	1	0	0	0	1	1	1	0
1	1	0	1	0	1	1	1	1	0
0	0	1	0	1	1	0	1	0	1
1	0	0	1	0	1	1	1	1	1
0	0	1	1	1	0	1	1	0	1
1	1	1	0	1	1	0	1	0	1
1	1	1	1	1	1	1	0	1	1
1	1	1	0	1	0	0	1	0	1
1	0	0	1	1	1	1	1	1	0

0	46	14	0	5	0	29	35	21	13
46	0	34	0	0	0	37	10	16	0
14	34	0	29	0	20	36	34	28	0
0	0	29	0	33	29	0	50	0	24
5	0	0	33	0	25	8	52	49	48
0	0	20	29	25	0	6	28	0	12
29	37	36	0	8	6	0	24	0	11
35	10	34	50	52	28	24	0	15	31
21	16	28	0	49	0	0	15	0	19
13	0	0	24	48	12	11	31	19	0

0	6	3	0	8	0	5	7	3	3
6	0	6	0	0	0	4	8	6	0
3	6	0	4	0	8	10	6	4	0
0	0	4	0	4	8	0	3	0	9
8	0	0	4	0	4	5	9	10	9
0	0	8	8	4	0	10	3	0	3
5	4	10	0	5	10	0	10	0	6
7	8	6	3	9	3	10	0	7	7
3	6	4	0	10	0	0	7	0	10
3	0	0	9	9	3	6	7	10	0

0	97	98	0	95	0	96	96	97	99
97	0	97	0	0	0	95	100	97	0
98	97	0	100	0	97	99	97	98	0
0	0	100	0	96	97	0	97	0	98
95	0	0	96	0	96	100	95	95	96
0	0	97	97	96	0	98	99	0	98
96	95	99	0	100	98	0	95	0	97
96	100	97	97	95	99	95	0	96	100
97	97	98	0	95	0	0	96	0	100
99	0	0	98	96	98	97	100	100	0

0	2	4	0	29	0	10	7	14	18
2	0	12	0	0	0	13	7	19	0
4	12	0	21	0	15	15	19	27	0
0	0	21	0	12	21	0	1	0	10
29	0	0	12	0	23	29	2	4	0
0	0	15	21	23	0	12	2	0	5
10	13	15	0	29	12	0	8	0	30
7	7	19	1	2	2	8	0	31	15
14	19	27	0	4	0	0	31	0	3
18	0	0	10	0	5	30	15	3	0

49	23
29	19
22	45
26	44
41	11
50	25
49	31
44	26
17	23
47	40
