0	1	1	1	1	1	0	1	1
1	0	1	1	1	1	1	1	1
1	1	0	1	0	0	1	1	1
1	1	1	0	1	1	1	0	1
1	1	0	1	0	0	1	1	0
1	1	0	1	0	0	1	1	0
0	1	1	1	1	1	0	0	1
1	1	1	0	1	1	0	0	1
1	1	1	1	0	0	1	1	0

0	34	11	28	35	13	0	23	22
34	0	24	51	24	16	37	34	53
11	24	0	45	0	0	32	16	51
28	51	45	0	51	30	49	0	54
35	24	0	51	0	0	49	15	0
13	16	0	30	0	0	24	48	0
0	37	32	49	49	24	0	0	29
23	34	16	0	15	48	0	0	28
22	53	51	54	0	0	29	28	0

0	7	8	5	4	6	0	5	5
7	0	3	4	10	8	10	3	6
8	3	0	7	0	0	5	10	10
5	4	7	0	7	6	7	0	6
4	10	0	7	0	0	10	8	0
6	8	0	6	0	0	3	6	0
0	10	5	7	10	3	0	0	4
5	3	10	0	8	6	0	0	4
5	6	10	6	0	0	4	4	0

0	97	96	99	95	96	0	99	97
97	0	95	98	100	100	95	95	99
96	95	0	99	0	0	99	97	97
99	98	99	0	98	98	97	0	96
95	100	0	98	0	0	100	95	0
96	100	0	98	0	0	99	97	0
0	95	99	97	100	99	0	0	99
99	95	97	0	95	97	0	0	95
97	99	97	96	0	0	99	95	0

0	9	4	7	16	27	0	24	4
9	0	23	1	12	11	8	18	2
4	23	0	4	0	0	12	25	0
7	1	4	0	1	2	3	0	0
16	12	0	1	0	0	1	38	0
27	11	0	2	0	0	25	3	0
0	8	12	3	1	25	0	0	12
24	18	25	0	38	3	0	0	1
4	2	0	0	0	0	12	1	0

22	27
28	16
22	36
32	39
30	13
28	10
15	19
11	18
30	14
