0	0	0	1	1	1	0
0	0	0	1	1	1	1
0	0	0	1	0	1	0
1	1	1	0	0	1	1
1	1	0	0	0	1	1
1	1	1	1	1	0	1
0	1	0	1	1	1	0

0	0	0	23	17	41	0
0	0	0	53	9	43	13
0	0	0	26	0	30	0
23	53	26	0	0	35	5
17	9	0	0	0	33	44
41	43	30	35	33	0	6
0	13	0	5	44	6	0

0	0	0	7	10	8	0
0	0	0	7	4	10	5
0	0	0	9	0	7	0
7	7	9	0	0	6	9
10	4	0	0	0	4	7
8	10	7	6	4	0	5
0	5	0	9	7	5	0

0	0	0	100	99	99	0
0	0	0	100	95	95	97
0	0	0	95	0	97	0
100	100	95	0	0	98	98
99	95	0	0	0	97	95
99	95	97	98	97	0	99
0	97	0	98	95	99	0

0	0	0	18	11	12	0
0	0	0	2	22	7	19
0	0	0	20	0	11	0
18	2	20	0	0	19	19
11	22	0	0	0	13	11
12	7	11	19	13	0	35
0	19	0	19	11	35	0

38	29
15	28
48	48
25	25
47	29
47	11
48	15
