0	1	1	0	1	1	0	1	0
1	0	1	1	1	0	1	0	0
1	1	0	1	0	1	0	0	0
0	1	1	0	1	1	0	1	0
1	1	0	1	0	1	1	1	1
1	0	1	1	1	0	0	1	1
0	1	0	0	1	0	0	1	0
1	0	0	1	1	1	1	0	1
0	0	0	0	1	1	0	1	0

0	42	18	0	53	46	0	11	0
42	0	42	5	47	0	7	0	0
18	42	0	45	0	54	0	0	0
0	5	45	0	54	7	0	10	0
53	47	0	54	0	21	5	47	39
46	0	54	7	21	0	0	23	35
0	7	0	0	5	0	0	21	0
11	0	0	10	47	23	21	0	44
0	0	0	0	39	35	0	44	0

0	7	3	0	6	6	0	4	0
7	0	9	5	8	0	7	0	0
3	9	0	7	0	5	0	0	0
0	5	7	0	7	3	0	7	0
6	8	0	7	0	5	9	9	6
6	0	5	3	5	0	0	6	9
0	7	0	0	9	0	0	4	0
4	0	0	7	9	6	4	0	5
0	0	0	0	6	9	0	5	0

0	96	99	0	95	96	0	95	0
96	0	96	96	100	0	100	0	0
99	96	0	98	0	97	0	0	0
0	96	98	0	97	97	0	100	0
95	100	0	97	0	98	99	97	95
96	0	97	97	98	0	0	98	95
0	100	0	0	99	0	0	97	0
95	0	0	100	97	98	97	0	96
0	0	0	0	95	95	0	96	0

0	3	14	0	1	7	0	7	0
3	0	0	10	7	0	10	0	0
14	0	0	1	0	1	0	0	0
0	10	1	0	1	39	0	7	0
1	7	0	1	0	16	44	5	11
7	0	1	39	16	0	0	28	19
0	10	0	0	44	0	0	19	0
7	0	0	7	5	28	19	0	9
0	0	0	0	11	19	0	9	0

21	17
41	47
42	45
19	30
43	29
44	46
18	24
46	10
20	14
