0	1	0	1	0	0	1	0	1	1
1	0	0	1	0	0	1	1	1	1
0	0	0	0	1	1	1	1	1	1
1	1	0	0	0	1	1	1	1	1
0	0	1	0	0	1	1	1	1	1
0	0	1	1	1	0	1	0	1	0
1	1	1	1	1	1	0	1	1	0
0	1	1	1	1	0	1	0	1	0
1	1	1	1	1	1	1	1	0	0
1	1	1	1	1	0	0	0	0	0

0	31	0	14	0	0	16	0	7	43
31	0	0	12	0	0	20	35	43	43
0	0	0	0	47	30	46	48	41	6
14	12	0	0	0	40	33	48	42	20
0	0	47	0	0	36	15	18	35	16
0	0	30	40	36	0	51	0	18	0
16	20	46	33	15	51	0	25	28	0
0	35	48	48	18	0	25	0	29	0
7	43	41	42	35	18	28	29	0	0
43	43	6	20	16	0	0	0	0	0

0	7	0	10	0	0	10	0	9	9
7	0	0	3	0	0	5	6	8	4
0	0	0	0	6	6	9	8	10	4
10	3	0	0	0	7	5	7	4	9
0	0	6	0	0	3	5	5	8	7
0	0	6	7	3	0	6	0	3	0
10	5	9	5	5	6	0	9	4	0
0	6	8	7	5	0	9	0	6	0
9	8	10	4	8	3	4	6	0	0
9	4	4	9	7	0	0	0	0	0

0	98	0	99	0	0	100	0	97	95
98	0	0	95	0	0	99	98	96	99
0	0	0	0	100	96	100	97	99	95
99	95	0	0	0	99	95	97	100	99
0	0	100	0	0	100	96	97	99	95
0	0	96	99	100	0	97	0	96	0
100	99	100	95	96	97	0	99	96	0
0	98	97	97	97	0	99	0	100	0
97	96	99	100	99	96	96	100	0	0
95	99	95	99	95	0	0	0	0	0

0	20	0	40	0	0	35	0	39	6
20	0	0	38	0	0	24	7	12	1
0	0	0	0	1	16	7	6	12	3
40	38	0	0	0	2	6	3	12	34
0	0	1	0	0	3	26	12	9	8
0	0	16	2	3	0	1	0	0	0
35	24	7	6	26	1	0	11	8	0
0	7	6	3	12	0	11	0	8	0
39	12	12	12	9	0	8	8	0	0
6	1	3	34	8	0	0	0	0	0

42	43
32	29
47	33
49	30
10	26
19	30
20	38
49	42
24	13
39	44
