0	0	1	0	1	1	0	1	0
0	0	1	1	1	1	1	0	1
1	1	0	1	1	1	1	1	0
0	1	1	0	1	1	1	1	0
1	1	1	1	0	1	1	0	1
1	1	1	1	1	0	1	1	1
0	1	1	1	1	1	0	0	1
1	0	1	1	0	1	0	0	1
0	1	0	0	1	1	1	1	0

0	0	23	0	17	23	0	10	0
0	0	53	10	13	45	36	0	21
23	53	0	43	12	5	49	39	0
0	10	43	0	21	48	21	35	0
17	13	12	21	0	39	35	0	33
23	45	5	48	39	0	33	32	5
0	36	49	21	35	33	0	0	43
10	0	39	35	0	32	0	0	15
0	21	0	0	33	5	43	15	0

0	0	10	0	9	3	0	10	0
0	0	7	10	9	7	3	0	6
10	7	0	9	4	6	10	7	0
0	10	9	0	10	8	7	8	0
9	9	4	10	0	7	7	0	7
3	7	6	8	7	0	9	8	7
0	3	10	7	7	9	0	0	9
10	0	7	8	0	8	0	0	5
0	6	0	0	7	7	9	5	0

0	0	95	0	96	97	0	100	0
0	0	96	98	95	98	100	0	95
95	96	0	99	97	100	99	97	0
0	98	99	0	96	99	95	95	0
96	95	97	96	0	95	95	0	96
97	98	100	99	95	0	97	95	96
0	100	99	95	95	97	0	0	98
100	0	97	95	0	95	0	0	98
0	95	0	0	96	96	98	98	0

0	0	16	0	24	29	0	36	0
0	0	2	32	34	4	4	0	12
16	2	0	11	18	17	0	10	0
0	32	11	0	9	5	2	14	0
24	34	18	9	0	11	7	0	7
29	4	17	5	11	0	20	5	10
0	4	0	2	7	20	0	0	1
36	0	10	14	0	5	0	0	3
0	12	0	0	7	10	1	3	0

16	15
48	38
41	39
35	18
13	39
23	43
45	22
45	45
44	40
