0	1	1	1	1	1	0	1	1
1	0	1	1	1	1	1	1	1
1	1	0	1	1	0	1	0	1
1	1	1	0	1	1	1	1	1
1	1	1	1	0	1	1	0	1
1	1	0	1	1	0	1	1	1
0	1	1	1	1	1	0	1	1
1	1	0	1	0	1	1	0	1
1	1	1	1	1	1	1	1	0

0	47	28	15	55	26	0	15	18
47	0	50	52	42	16	39	45	30
28	50	0	46	10	0	7	0	13
15	52	46	0	46	36	27	18	22
55	42	10	46	0	13	8	0	35
26	16	0	36	13	0	48	15	6
0	39	7	27	8	48	0	7	10
15	45	0	18	0	15	7	0	43
18	30	13	22	35	6	10	43	0

0	6	10	3	7	3	0	7	6
6	0	8	9	8	6	3	4	5
10	8	0	9	8	0	8	0	10
3	9	9	0	3	3	6	3	6
7	8	8	3	0	6	7	0	8
3	6	0	3	6	0	6	5	7
0	3	8	6	7	6	0	4	4
7	4	0	3	0	5	4	0	5
6	5	10	6	8	7	4	5	0

0	99	97	97	98	98	0	97	98
99	0	96	100	96	97	99	99	99
97	96	0	97	99	0	99	0	95
97	100	97	0	98	100	100	95	100
98	96	99	98	0	97	99	0	100
98	97	0	100	97	0	100	98	97
0	99	99	100	99	100	0	99	95
97	99	0	95	0	98	99	0	95
98	99	95	100	100	97	95	95	0

0	4	15	16	0	10	0	15	34
4	0	4	2	5	39	3	1	12
15	4	0	6	20	0	42	0	9
16	2	6	0	2	2	11	12	33
0	5	20	2	0	34	31	0	2
10	39	0	2	34	0	4	35	26
0	3	42	11	31	4	0	7	1
15	1	0	12	0	35	7	0	11
34	12	9	33	2	26	1	11	0

37	29
24	19
48	39
17	34
46	44
15	18
21	48
47	11
46	19
