0	0	1	1	1	1	1	0
0	0	0	1	1	1	1	1
1	0	0	1	1	1	0	1
1	1	1	0	1	0	0	0
1	1	1	1	0	1	1	1
1	1	1	0	1	0	1	1
1	1	0	0	1	1	0	0
0	1	1	0	1	1	0	0

0	0	30	49	5	45	42	0
0	0	0	20	28	20	18	20
30	0	0	18	17	11	0	42
49	20	18	0	35	0	0	0
5	28	17	35	0	7	49	30
45	20	11	0	7	0	30	53
42	18	0	0	49	30	0	0
0	20	42	0	30	53	0	0

0	0	8	3	8	8	7	0
0	0	0	10	8	5	7	7
8	0	0	10	5	6	0	8
3	10	10	0	7	0	0	0
8	8	5	7	0	3	6	10
8	5	6	0	3	0	4	8
7	7	0	0	6	4	0	0
0	7	8	0	10	8	0	0

0	0	98	99	97	95	99	0
0	0	0	99	99	97	99	98
98	0	0	95	98	96	0	100
99	99	95	0	99	0	0	0
97	99	98	99	0	98	100	97
95	97	96	0	98	0	95	99
99	99	0	0	100	95	0	0
0	98	100	0	97	99	0	0

0	0	9	0	38	10	11	0
0	0	0	33	13	11	1	17
9	0	0	17	7	0	0	9
0	33	17	0	16	0	0	0
38	13	7	16	0	36	1	4
10	11	0	0	36	0	15	1
11	1	0	0	1	15	0	0
0	17	9	0	4	1	0	0

35	37
21	50
18	35
13	20
35	17
29	18
32	39
27	27
