0	1	1	0	1	1	0	0	1
1	0	0	1	0	1	1	1	0
1	0	0	1	1	1	1	1	1
0	1	1	0	1	1	1	1	1
1	0	1	1	0	1	1	0	1
1	1	1	1	1	0	0	1	1
0	1	1	1	1	0	0	0	1
0	1	1	1	0	1	0	0	0
1	0	1	1	1	1	1	0	0

0	22	54	0	12	37	0	0	51
22	0	0	22	0	32	32	33	0
54	0	0	48	24	35	41	38	32
0	22	48	0	29	26	26	20	46
12	0	24	29	0	42	37	0	9
37	32	35	26	42	0	0	35	22
0	32	41	26	37	0	0	0	21
0	33	38	20	0	35	0	0	0
51	0	32	46	9	22	21	0	0

0	10	8	0	10	5	0	0	6
10	0	0	9	0	5	3	3	0
8	0	0	6	3	3	8	3	4
0	9	6	0	8	9	10	9	9
10	0	3	8	0	9	5	0	4
5	5	3	9	9	0	0	10	7
0	3	8	10	5	0	0	0	7
0	3	3	9	0	10	0	0	0
6	0	4	9	4	7	7	0	0

0	96	98	0	95	95	0	0	100
96	0	0	100	0	95	96	97	0
98	0	0	96	98	95	96	96	97
0	100	96	0	95	95	97	100	98
95	0	98	95	0	95	96	0	95
95	95	95	95	95	0	0	100	96
0	96	96	97	96	0	0	0	95
0	97	96	100	0	100	0	0	0
100	0	97	98	95	96	95	0	0

0	6	0	0	13	1	0	0	2
6	0	0	3	0	18	15	11	0
0	0	0	5	1	3	3	12	15
0	3	5	0	24	9	24	23	9
13	0	1	24	0	4	0	0	23
1	18	3	9	4	0	0	11	15
0	15	3	24	0	0	0	0	5
0	11	12	23	0	11	0	0	0
2	0	15	9	23	15	5	0	0

25	21
35	14
32	16
33	17
24	41
44	40
32	24
24	15
16	48
