0	1	0	0	1	0	1
1	0	1	0	1	1	1
0	1	0	1	1	1	0
0	0	1	0	1	1	0
1	1	1	1	0	1	1
0	1	1	1	1	0	0
1	1	0	0	1	0	0

0	50	0	0	5	0	19
50	0	35	0	32	17	42
0	35	0	12	51	12	0
0	0	12	0	26	52	0
5	32	51	26	0	11	14
0	17	12	52	11	0	0
19	42	0	0	14	0	0

0	4	0	0	7	0	6
4	0	5	0	3	9	6
0	5	0	10	9	3	0
0	0	10	0	6	7	0
7	3	9	6	0	10	6
0	9	3	7	10	0	0
6	6	0	0	6	0	0

0	99	0	0	98	0	97
99	0	95	0	99	99	98
0	95	0	100	95	95	0
0	0	100	0	97	95	0
98	99	95	97	0	97	99
0	99	95	95	97	0	0
97	98	0	0	99	0	0

0	4	0	0	23	0	35
4	0	7	0	4	16	0
0	7	0	24	4	40	0
0	0	24	0	6	3	0
23	4	4	6	0	42	4
0	16	40	3	42	0	0
35	0	0	0	4	0	0

40	44
37	18
28	34
21	39
30	29
11	27
32	29
