0	1	1	0	1	0	1	1	1	1
1	0	1	0	0	0	1	1	1	0
1	1	0	1	0	1	1	1	1	0
0	0	1	0	1	1	0	1	0	1
1	0	0	1	0	1	1	1	1	1
0	0	1	1	1	0	1	1	0	1
1	1	1	0	1	1	0	1	0	1
1	1	1	1	1	1	1	0	1	1
1	1	1	0	1	0	0	1	0	1
1	0	0	1	1	1	1	1	1	0

0	22	33	0	46	0	20	44	27	38
22	0	29	0	0	0	20	17	31	0
33	29	0	55	0	55	25	6	32	0
0	0	55	0	47	30	0	55	0	36
46	0	0	47	0	20	36	6	50	54
0	0	55	30	20	0	9	48	0	41
20	20	25	0	36	9	0	20	0	27
44	17	6	55	6	48	20	0	15	49
27	31	32	0	50	0	0	15	0	47
38	0	0	36	54	41	27	49	47	0

0	9	8	0	7	0	9	6	3	6
9	0	9	0	0	0	8	3	8	0
8	9	0	9	0	10	9	7	5	0
0	0	9	0	8	8	0	9	0	8
7	0	0	8	0	8	8	5	6	4
0	0	10	8	8	0	8	3	0	10
9	8	9	0	8	8	0	5	0	4
6	3	7	9	5	3	5	0	7	6
3	8	5	0	6	0	0	7	0	4
6	0	0	8	4	10	4	6	4	0

0	99	98	0	99	0	96	95	95	98
99	0	95	0	0	0	100	100	98	0
98	95	0	99	0	97	95	95	95	0
0	0	99	0	98	95	0	98	0	100
99	0	0	98	0	96	96	98	98	98
0	0	97	95	96	0	99	97	0	95
96	100	95	0	96	99	0	97	0	97
95	100	95	98	98	97	97	0	99	97
95	98	95	0	98	0	0	99	0	97
98	0	0	100	98	95	97	97	97	0

0	6	16	0	0	0	33	1	22	4
6	0	6	0	0	0	7	13	0	0
16	6	0	0	0	0	19	46	15	0
0	0	0	0	6	21	0	0	0	3
0	0	0	6	0	10	4	9	5	1
0	0	0	21	10	0	0	5	0	6
33	7	19	0	4	0	0	33	0	27
1	13	46	0	9	5	33	0	17	3
22	0	15	0	5	0	0	17	0	5
4	0	0	3	1	6	27	3	5	0

12	16
25	20
49	15
30	27
33	12
23	34
36	17
36	17
41	37
28	35
