0	0	1	1	0	1	1	0	1	1
0	0	0	0	1	1	0	0	0	1
1	0	0	0	1	0	1	1	1	1
1	0	0	0	0	1	0	1	0	0
0	1	1	0	0	1	0	1	1	0
1	1	0	1	1	0	1	0	1	0
1	0	1	0	0	1	0	1	0	1
0	0	1	1	1	0	1	0	1	1
1	0	1	0	1	1	0	1	0	1
1	1	1	0	0	0	1	1	1	0

0	0	30	5	0	22	5	0	37	20
0	0	0	0	41	53	0	0	0	55
30	0	0	0	15	0	32	48	40	11
5	0	0	0	0	5	0	31	0	0
0	41	15	0	0	5	0	14	25	0
22	53	0	5	5	0	50	0	34	0
5	0	32	0	0	50	0	18	0	28
0	0	48	31	14	0	18	0	16	16
37	0	40	0	25	34	0	16	0	41
20	55	11	0	0	0	28	16	41	0

0	0	9	4	0	8	7	0	5	7
0	0	0	0	5	8	0	0	0	8
9	0	0	0	5	0	5	8	10	10
4	0	0	0	0	10	0	9	0	0
0	5	5	0	0	10	0	10	3	0
8	8	0	10	10	0	7	0	7	0
7	0	5	0	0	7	0	8	0	9
0	0	8	9	10	0	8	0	6	4
5	0	10	0	3	7	0	6	0	8
7	8	10	0	0	0	9	4	8	0

0	0	100	99	0	96	96	0	98	100
0	0	0	0	95	98	0	0	0	95
100	0	0	0	95	0	99	98	96	95
99	0	0	0	0	96	0	98	0	0
0	95	95	0	0	96	0	100	96	0
96	98	0	96	96	0	95	0	98	0
96	0	99	0	0	95	0	99	0	100
0	0	98	98	100	0	99	0	100	100
98	0	96	0	96	98	0	100	0	99
100	95	95	0	0	0	100	100	99	0

0	0	12	33	0	10	49	0	7	26
0	0	0	0	8	2	0	0	0	0
12	0	0	0	31	0	4	3	3	12
33	0	0	0	0	30	0	3	0	0
0	8	31	0	0	41	0	17	8	0
10	2	0	30	41	0	1	0	19	0
49	0	4	0	0	1	0	12	0	11
0	0	3	3	17	0	12	0	34	9
7	0	3	0	8	19	0	34	0	9
26	0	12	0	0	0	11	9	9	0

38	40
36	19
33	10
18	47
49	36
28	31
41	10
47	16
25	21
34	47
