0	1	0	1	0	0	0
1	0	1	1	1	0	1
0	1	0	1	1	1	1
1	1	1	0	0	1	0
0	1	1	0	0	1	1
0	0	1	1	1	0	1
0	1	1	0	1	1	0

0	31	0	26	0	0	0
31	0	25	19	33	0	37
0	25	0	26	30	48	24
26	19	26	0	0	29	0
0	33	30	0	0	37	48
0	0	48	29	37	0	7
0	37	24	0	48	7	0

0	4	0	8	0	0	0
4	0	8	10	7	0	10
0	8	0	5	7	4	9
8	10	5	0	0	6	0
0	7	7	0	0	10	9
0	0	4	6	10	0	3
0	10	9	0	9	3	0

0	98	0	98	0	0	0
98	0	97	100	98	0	96
0	97	0	97	98	97	99
98	100	97	0	0	100	0
0	98	98	0	0	95	95
0	0	97	100	95	0	97
0	96	99	0	95	97	0

0	18	0	27	0	0	0
18	0	11	11	4	0	8
0	11	0	6	17	5	12
27	11	6	0	0	13	0
0	4	17	0	0	1	4
0	0	5	13	1	0	9
0	8	12	0	4	9	0

37	30
29	32
25	10
38	24
43	33
30	41
32	25
