0	1	1	1	1	1	0	0
1	0	1	1	1	1	1	1
1	1	0	1	1	1	0	1
1	1	1	0	0	1	1	1
1	1	1	0	0	1	1	0
1	1	1	1	1	0	1	1
0	1	0	1	1	1	0	1
0	1	1	1	0	1	1	0

0	37	38	9	39	22	0	0
37	0	22	25	50	18	19	38
38	22	0	50	50	34	0	20
9	25	50	0	0	39	37	27
39	50	50	0	0	39	44	0
22	18	34	39	39	0	10	19
0	19	0	37	44	10	0	34
0	38	20	27	0	19	34	0

0	5	10	8	8	7	0	0
5	0	8	8	4	3	5	6
10	8	0	3	9	6	0	5
8	8	3	0	0	5	10	10
8	4	9	0	0	3	4	0
7	3	6	5	3	0	10	10
0	5	0	10	4	10	0	4
0	6	5	10	0	10	4	0

0	97	99	96	97	99	0	0
97	0	100	100	95	97	97	98
99	100	0	95	98	98	0	96
96	100	95	0	0	99	97	95
97	95	98	0	0	100	98	0
99	97	98	99	100	0	98	96
0	97	0	97	98	98	0	96
0	98	96	95	0	96	96	0

0	4	5	0	1	33	0	0
4	0	19	13	4	3	12	10
5	19	0	4	2	2	0	10
0	13	4	0	0	12	12	8
1	4	2	0	0	4	0	0
33	3	2	12	4	0	9	15
0	12	0	12	0	9	0	0
0	10	10	8	0	15	0	0

41	26
35	15
25	18
45	34
28	37
49	14
40	21
30	21
