0	0	0	1	1	1	0
0	0	0	1	1	1	1
0	0	0	1	0	1	0
1	1	1	0	0	1	1
1	1	0	0	0	1	1
1	1	1	1	1	0	1
0	1	0	1	1	1	0

0	0	0	11	51	18	0
0	0	0	53	24	18	12
0	0	0	13	0	37	0
11	53	13	0	0	16	52
51	24	0	0	0	40	32
18	18	37	16	40	0	35
0	12	0	52	32	35	0

0	0	0	10	6	3	0
0	0	0	4	4	8	5
0	0	0	5	0	4	0
10	4	5	0	0	4	6
6	4	0	0	0	8	3
3	8	4	4	8	0	5
0	5	0	6	3	5	0

0	0	0	96	99	100	0
0	0	0	98	98	97	98
0	0	0	100	0	99	0
96	98	100	0	0	97	98
99	98	0	0	0	95	95
100	97	99	97	95	0	95
0	98	0	98	95	95	0

0	0	0	27	0	12	0
0	0	0	0	20	29	35
0	0	0	33	0	17	0
27	0	33	0	0	15	0
0	20	0	0	0	15	17
12	29	17	15	15	0	19
0	35	0	0	17	19	0

35	38
23	39
15	21
25	31
11	42
38	32
40	17
