0	1	1	1	1	1	1
1	0	1	0	1	1	1
1	1	0	1	1	0	0
1	0	1	0	0	1	1
1	1	1	0	0	1	0
1	1	0	1	1	0	0
1	1	0	1	0	0	0

0	26	6	34	25	42	47
26	0	45	0	12	5	33
6	45	0	36	35	0	0
34	0	36	0	0	5	28
25	12	35	0	0	53	0
42	5	0	5	53	0	0
47	33	0	28	0	0	0

0	10	5	7	4	8	9
10	0	3	0	10	4	10
5	3	0	4	10	0	0
7	0	4	0	0	10	9
4	10	10	0	0	5	0
8	4	0	10	5	0	0
9	10	0	9	0	0	0

0	99	100	95	95	100	97
99	0	98	0	100	97	98
100	98	0	100	99	0	0
95	0	100	0	0	100	98
95	100	99	0	0	98	0
100	97	0	100	98	0	0
97	98	0	98	0	0	0

0	24	12	19	20	0	2
24	0	9	0	22	30	1
12	9	0	19	12	0	0
19	0	19	0	0	30	19
20	22	12	0	0	1	0
0	30	0	30	1	0	0
2	1	0	19	0	0	0

14	24
33	23
38	19
43	42
18	48
38	50
18	15
