0	1	1	1	1	1	1	1	1	1
1	0	1	1	1	1	0	1	1	1
1	1	0	1	0	1	0	1	0	1
1	1	1	0	1	1	1	1	1	0
1	1	0	1	0	1	1	0	0	0
1	1	1	1	1	0	0	1	1	1
1	0	0	1	1	0	0	0	1	0
1	1	1	1	0	1	0	0	1	0
1	1	0	1	0	1	1	1	0	1
1	1	1	0	0	1	0	0	1	0

0	23	47	38	21	43	48	54	13	20
23	0	32	9	29	44	0	47	25	12
47	32	0	14	0	43	0	40	0	17
38	9	14	0	21	37	28	42	44	0
21	29	0	21	0	23	49	0	0	0
43	44	43	37	23	0	0	26	48	9
48	0	0	28	49	0	0	0	6	0
54	47	40	42	0	26	0	0	7	0
13	25	0	44	0	48	6	7	0	11
20	12	17	0	0	9	0	0	11	0

0	3	9	5	9	4	6	7	10	6
3	0	3	7	5	10	0	6	5	8
9	3	0	7	0	3	0	10	0	7
5	7	7	0	6	6	3	7	5	0
9	5	0	6	0	5	5	0	0	0
4	10	3	6	5	0	0	10	4	9
6	0	0	3	5	0	0	0	8	0
7	6	10	7	0	10	0	0	6	0
10	5	0	5	0	4	8	6	0	7
6	8	7	0	0	9	0	0	7	0

0	100	100	96	97	97	99	95	95	98
100	0	96	96	97	98	0	95	100	98
100	96	0	99	0	98	0	96	0	98
96	96	99	0	99	97	97	96	95	0
97	97	0	99	0	97	99	0	0	0
97	98	98	97	97	0	0	98	99	99
99	0	0	97	99	0	0	0	99	0
95	95	96	96	0	98	0	0	97	0
95	100	0	95	0	99	99	97	0	97
98	98	98	0	0	99	0	0	97	0

0	17	3	17	21	9	0	0	40	32
17	0	20	1	5	0	0	0	10	42
3	20	0	9	0	7	0	1	0	16
17	1	9	0	26	16	20	7	0	0
21	5	0	26	0	11	0	0	0	0
9	0	7	16	11	0	0	6	2	43
0	0	0	20	0	0	0	0	42	0
0	0	1	7	0	6	0	0	36	0
40	10	0	0	0	2	42	36	0	1
32	42	16	0	0	43	0	0	1	0

37	33
16	22
36	43
31	50
14	37
42	40
30	32
29	17
13	24
39	41
