0	1	1	0	1	0	1	1	1	1
1	0	1	0	1	1	1	0	1	0
1	1	0	0	1	0	1	1	1	0
0	0	0	0	1	0	1	1	1	1
1	1	1	1	0	1	1	0	0	1
0	1	0	0	1	0	1	1	1	1
1	1	1	1	1	1	0	1	0	1
1	0	1	1	0	1	1	0	1	1
1	1	1	1	0	1	0	1	0	0
1	0	0	1	1	1	1	1	0	0

0	41	23	0	7	0	46	12	5	6
41	0	54	0	42	51	15	0	54	0
23	54	0	0	37	0	33	50	45	0
0	0	0	0	5	0	41	6	33	19
7	42	37	5	0	47	44	0	0	16
0	51	0	0	47	0	32	43	51	22
46	15	33	41	44	32	0	43	0	38
12	0	50	6	0	43	43	0	51	25
5	54	45	33	0	51	0	51	0	0
6	0	0	19	16	22	38	25	0	0

0	6	10	0	8	0	8	7	5	9
6	0	6	0	4	7	10	0	8	0
10	6	0	0	10	0	9	6	9	0
0	0	0	0	7	0	7	4	10	9
8	4	10	7	0	10	7	0	0	4
0	7	0	0	10	0	10	8	9	10
8	10	9	7	7	10	0	6	0	8
7	0	6	4	0	8	6	0	4	8
5	8	9	10	0	9	0	4	0	0
9	0	0	9	4	10	8	8	0	0

0	99	99	0	96	0	97	99	95	98
99	0	96	0	95	97	99	0	98	0
99	96	0	0	95	0	96	100	96	0
0	0	0	0	99	0	100	98	100	96
96	95	95	99	0	96	98	0	0	95
0	97	0	0	96	0	96	99	98	97
97	99	96	100	98	96	0	95	0	100
99	0	100	98	0	99	95	0	96	96
95	98	96	100	0	98	0	96	0	0
98	0	0	96	95	97	100	96	0	0

0	12	26	0	17	0	8	24	31	33
12	0	0	0	5	0	21	0	1	0
26	0	0	0	10	0	22	5	7	0
0	0	0	0	1	0	10	8	9	24
17	5	10	1	0	6	10	0	0	13
0	0	0	0	6	0	22	9	1	32
8	21	22	10	10	22	0	12	0	8
24	0	5	8	0	9	12	0	1	6
31	1	7	9	0	1	0	1	0	0
33	0	0	24	13	32	8	6	0	0

39	20
35	19
29	39
43	35
41	20
47	33
14	34
32	36
49	30
29	37
