0	1	0	0	1	1	1	0
1	0	0	0	1	0	1	1
0	0	0	1	1	1	1	1
0	0	1	0	1	1	0	0
1	1	1	1	0	1	1	0
1	0	1	1	1	0	1	1
1	1	1	0	1	1	0	1
0	1	1	0	0	1	1	0

0	51	0	0	23	18	18	0
51	0	0	0	46	0	12	31
0	0	0	29	5	15	52	29
0	0	29	0	46	18	0	0
23	46	5	46	0	43	14	0
18	0	15	18	43	0	42	38
18	12	52	0	14	42	0	16
0	31	29	0	0	38	16	0

0	9	0	0	9	4	6	0
9	0	0	0	10	0	3	5
0	0	0	4	7	10	7	4
0	0	4	0	9	4	0	0
9	10	7	9	0	5	4	0
4	0	10	4	5	0	6	3
6	3	7	0	4	6	0	10
0	5	4	0	0	3	10	0

0	96	0	0	99	99	100	0
96	0	0	0	98	0	97	100
0	0	0	96	99	95	98	96
0	0	96	0	95	100	0	0
99	98	99	95	0	98	95	0
99	0	95	100	98	0	100	98
100	97	98	0	95	100	0	99
0	100	96	0	0	98	99	0

0	1	0	0	26	32	11	0
1	0	0	0	3	0	11	24
0	0	0	9	2	5	3	4
0	0	9	0	8	13	0	0
26	3	2	8	0	5	12	0
32	0	5	13	5	0	2	14
11	11	3	0	12	2	0	37
0	24	4	0	0	14	37	0

38	32
22	40
44	14
14	29
43	23
44	14
13	47
14	38
