0	1	1	1	0	1	1
1	0	1	1	1	1	0
1	1	0	1	1	1	1
1	1	1	0	1	1	1
0	1	1	1	0	0	0
1	1	1	1	0	0	1
1	0	1	1	0	1	0

0	55	32	24	0	35	41
55	0	44	54	46	20	0
32	44	0	20	9	7	50
24	54	20	0	25	31	9
0	46	9	25	0	0	0
35	20	7	31	0	0	32
41	0	50	9	0	32	0

0	7	6	9	0	10	9
7	0	6	4	8	10	0
6	6	0	5	3	4	3
9	4	5	0	10	9	10
0	8	3	10	0	0	0
10	10	4	9	0	0	9
9	0	3	10	0	9	0

0	96	95	97	0	97	97
96	0	99	100	99	99	0
95	99	0	96	97	99	97
97	100	96	0	95	98	99
0	99	97	95	0	0	0
97	99	99	98	0	0	95
97	0	97	99	0	95	0

0	0	15	3	0	11	7
0	0	8	0	9	16	0
15	8	0	22	31	30	4
3	0	22	0	22	7	7
0	9	31	22	0	0	0
11	16	30	7	0	0	21
7	0	4	7	0	21	0

40	32
33	19
45	44
23	34
21	45
14	38
46	27
