0	1	0	1	1	1	1	0
1	0	1	1	1	1	1	1
0	1	0	1	1	1	1	1
1	1	1	0	1	1	1	0
1	1	1	1	0	1	0	1
1	1	1	1	1	0	1	1
1	1	1	1	0	1	0	0
0	1	1	0	1	1	0	0

0	20	0	41	13	47	32	0
20	0	18	32	24	36	32	35
0	18	0	6	52	7	13	36
41	32	6	0	23	8	37	0
13	24	52	23	0	30	0	32
47	36	7	8	30	0	27	7
32	32	13	37	0	27	0	0
0	35	36	0	32	7	0	0

0	6	0	10	4	6	5	0
6	0	9	10	6	8	6	10
0	9	0	3	5	8	5	6
10	10	3	0	8	4	3	0
4	6	5	8	0	4	0	5
6	8	8	4	4	0	10	9
5	6	5	3	0	10	0	0
0	10	6	0	5	9	0	0

0	100	0	98	97	99	97	0
100	0	97	100	98	97	100	96
0	97	0	100	98	100	99	97
98	100	100	0	96	97	98	0
97	98	98	96	0	97	0	96
99	97	100	97	97	0	99	96
97	100	99	98	0	99	0	0
0	96	97	0	96	96	0	0

0	28	0	4	32	0	21	0
28	0	15	2	3	4	4	0
0	15	0	6	0	21	39	4
4	2	6	0	23	13	8	0
32	3	0	23	0	6	0	23
0	4	21	13	6	0	20	35
21	4	39	8	0	20	0	0
0	0	4	0	23	35	0	0

23	16
42	47
43	25
46	29
10	44
20	42
18	22
47	12
