0	1	0	1	1	1	1	1
1	0	0	0	1	1	1	1
0	0	0	1	1	1	1	1
1	0	1	0	1	1	0	1
1	1	1	1	0	1	1	0
1	1	1	1	1	0	0	1
1	1	1	0	1	0	0	1
1	1	1	1	0	1	1	0

0	42	0	30	47	21	18	40
42	0	0	0	10	37	39	13
0	0	0	46	15	22	52	27
30	0	46	0	46	24	0	21
47	10	15	46	0	49	36	0
21	37	22	24	49	0	0	47
18	39	52	0	36	0	0	45
40	13	27	21	0	47	45	0

0	4	0	7	4	6	6	3
4	0	0	0	4	10	8	7
0	0	0	5	4	10	10	8
7	0	5	0	8	4	0	9
4	4	4	8	0	8	10	0
6	10	10	4	8	0	0	9
6	8	10	0	10	0	0	3
3	7	8	9	0	9	3	0

0	95	0	99	96	96	100	96
95	0	0	0	98	97	98	96
0	0	0	99	99	97	95	95
99	0	99	0	96	98	0	95
96	98	99	96	0	100	95	0
96	97	97	98	100	0	0	97
100	98	95	0	95	0	0	98
96	96	95	95	0	97	98	0

0	7	0	20	8	22	5	0
7	0	0	0	0	0	2	19
0	0	0	6	0	33	1	25
20	0	6	0	3	0	0	13
8	0	0	3	0	5	7	0
22	0	33	0	5	0	0	6
5	2	1	0	7	0	0	3
0	19	25	13	0	6	3	0

38	15
48	50
35	11
12	21
27	14
50	48
22	25
26	18
