0	1	1	1	0	1	1	1	1
1	0	1	1	1	1	0	1	0
1	1	0	1	1	1	1	1	1
1	1	1	0	0	0	1	0	1
0	1	1	0	0	1	1	1	0
1	1	1	0	1	0	1	1	1
1	0	1	1	1	1	0	0	1
1	1	1	0	1	1	0	0	1
1	0	1	1	0	1	1	1	0

0	45	16	36	0	37	50	28	41
45	0	43	37	51	5	0	42	0
16	43	0	6	8	33	32	7	33
36	37	6	0	0	0	9	0	48
0	51	8	0	0	25	7	49	0
37	5	33	0	25	0	15	25	38
50	0	32	9	7	15	0	0	8
28	42	7	0	49	25	0	0	38
41	0	33	48	0	38	8	38	0

0	3	10	6	0	7	8	8	8
3	0	6	3	9	5	0	8	0
10	6	0	7	5	10	10	5	3
6	3	7	0	0	0	3	0	8
0	9	5	0	0	7	5	8	0
7	5	10	0	7	0	8	10	6
8	0	10	3	5	8	0	0	10
8	8	5	0	8	10	0	0	3
8	0	3	8	0	6	10	3	0

0	97	96	95	0	99	99	96	97
97	0	97	99	98	95	0	97	0
96	97	0	100	95	100	95	97	99
95	99	100	0	0	0	95	0	100
0	98	95	0	0	95	98	100	0
99	95	100	0	95	0	98	100	95
99	0	95	95	98	98	0	0	95
96	97	97	0	100	100	0	0	99
97	0	99	100	0	95	95	99	0

0	2	4	19	0	15	3	3	3
2	0	10	16	3	44	0	2	0
4	10	0	12	41	0	7	3	1
19	16	12	0	0	0	46	0	5
0	3	41	0	0	10	9	4	0
15	44	0	0	10	0	9	25	6
3	0	7	46	9	9	0	0	22
3	2	3	0	4	25	0	0	17
3	0	1	5	0	6	22	17	0

30	24
47	36
18	21
32	27
30	30
41	25
16	27
20	24
18	39
