0	1	1	1	1	0	0	0	1	1
1	0	0	1	0	1	0	0	1	1
1	0	0	1	1	1	1	1	0	0
1	1	1	0	1	1	1	1	1	1
1	0	1	1	0	1	1	1	1	0
0	1	1	1	1	0	0	1	1	1
0	0	1	1	1	0	0	1	0	0
0	0	1	1	1	1	1	0	1	0
1	1	0	1	1	1	0	1	0	0
1	1	0	1	0	1	0	0	0	0

0	46	17	55	6	0	0	0	17	38
46	0	0	49	0	46	0	0	22	28
17	0	0	10	17	42	30	21	0	0
55	49	10	0	53	22	47	21	8	6
6	0	17	53	0	53	49	51	52	0
0	46	42	22	53	0	0	52	21	45
0	0	30	47	49	0	0	22	0	0
0	0	21	21	51	52	22	0	7	0
17	22	0	8	52	21	0	7	0	0
38	28	0	6	0	45	0	0	0	0

0	9	10	7	7	0	0	0	7	8
9	0	0	6	0	7	0	0	6	6
10	0	0	3	8	6	6	3	0	0
7	6	3	0	10	5	6	3	8	3
7	0	8	10	0	9	7	10	5	0
0	7	6	5	9	0	0	3	8	3
0	0	6	6	7	0	0	8	0	0
0	0	3	3	10	3	8	0	9	0
7	6	0	8	5	8	0	9	0	0
8	6	0	3	0	3	0	0	0	0

0	95	96	96	98	0	0	0	95	100
95	0	0	97	0	98	0	0	99	95
96	0	0	100	99	96	100	96	0	0
96	97	100	0	99	98	100	99	100	100
98	0	99	99	0	96	100	99	98	0
0	98	96	98	96	0	0	96	95	98
0	0	100	100	100	0	0	95	0	0
0	0	96	99	99	96	95	0	96	0
95	99	0	100	98	95	0	96	0	0
100	95	0	100	0	98	0	0	0	0

0	9	4	0	20	0	0	0	28	8
9	0	0	4	0	9	0	0	30	20
4	0	0	25	34	4	17	15	0	0
0	4	25	0	1	2	2	22	4	23
20	0	34	1	0	0	6	4	1	0
0	9	4	2	0	0	0	1	24	7
0	0	17	2	6	0	0	30	0	0
0	0	15	22	4	1	30	0	47	0
28	30	0	4	1	24	0	47	0	0
8	20	0	23	0	7	0	0	0	0

14	50
32	37
42	11
25	20
19	39
39	31
15	17
44	47
21	43
50	23
