0	1	1	1	1	1	1	1	1
1	0	1	1	1	1	1	1	1
1	1	0	1	1	1	1	0	0
1	1	1	0	1	1	0	0	1
1	1	1	1	0	1	1	1	0
1	1	1	1	1	0	1	1	0
1	1	1	0	1	1	0	0	1
1	1	0	0	1	1	0	0	0
1	1	0	1	0	0	1	0	0

0	22	11	22	10	47	40	27	17
22	0	12	5	39	50	49	35	32
11	12	0	24	29	51	30	0	0
22	5	24	0	42	28	0	0	52
10	39	29	42	0	39	20	25	0
47	50	51	28	39	0	23	8	0
40	49	30	0	20	23	0	0	16
27	35	0	0	25	8	0	0	0
17	32	0	52	0	0	16	0	0

0	7	7	7	9	7	6	3	10
7	0	3	6	4	6	5	10	5
7	3	0	3	7	7	7	0	0
7	6	3	0	8	10	0	0	10
9	4	7	8	0	4	9	8	0
7	6	7	10	4	0	7	9	0
6	5	7	0	9	7	0	0	9
3	10	0	0	8	9	0	0	0
10	5	0	10	0	0	9	0	0

0	98	99	100	96	97	99	97	100
98	0	100	100	98	98	97	97	99
99	100	0	95	96	96	98	0	0
100	100	95	0	100	99	0	0	96
96	98	96	100	0	98	97	96	0
97	98	96	99	98	0	96	100	0
99	97	98	0	97	96	0	0	99
97	97	0	0	96	100	0	0	0
100	99	0	96	0	0	99	0	0

0	0	5	2	39	0	12	12	19
0	0	26	22	5	3	2	1	19
5	26	0	27	22	2	21	0	0
2	22	27	0	8	16	0	0	0
39	5	22	8	0	6	12	6	0
0	3	2	16	6	0	16	6	0
12	2	21	0	12	16	0	0	18
12	1	0	0	6	6	0	0	0
19	19	0	0	0	0	18	0	0

15	44
22	36
22	46
48	16
33	22
10	42
31	37
36	10
13	46
