0	1	1	1	1	1	1	0	1	0
1	0	1	1	1	1	1	1	1	1
1	1	0	1	0	1	0	1	0	1
1	1	1	0	1	1	0	0	1	0
1	1	0	1	0	1	1	1	1	1
1	1	1	1	1	0	1	1	1	0
1	1	0	0	1	1	0	1	1	1
0	1	1	0	1	1	1	0	0	1
1	1	0	1	1	1	1	0	0	1
0	1	1	0	1	0	1	1	1	0

0	15	49	26	43	43	42	0	46	0
15	0	42	31	44	32	52	6	55	43
49	42	0	36	0	21	0	16	0	32
26	31	36	0	9	29	0	0	38	0
43	44	0	9	0	11	17	19	25	14
43	32	21	29	11	0	40	42	52	0
42	52	0	0	17	40	0	31	16	35
0	6	16	0	19	42	31	0	0	35
46	55	0	38	25	52	16	0	0	44
0	43	32	0	14	0	35	35	44	0

0	8	10	3	5	7	5	0	6	0
8	0	10	3	9	3	10	8	10	7
10	10	0	8	0	3	0	4	0	8
3	3	8	0	3	6	0	0	6	0
5	9	0	3	0	8	10	9	8	9
7	3	3	6	8	0	8	6	4	0
5	10	0	0	10	8	0	6	9	6
0	8	4	0	9	6	6	0	0	10
6	10	0	6	8	4	9	0	0	3
0	7	8	0	9	0	6	10	3	0

0	99	96	99	99	98	96	0	95	0
99	0	96	97	95	100	96	99	98	97
96	96	0	99	0	97	0	95	0	100
99	97	99	0	98	97	0	0	100	0
99	95	0	98	0	98	100	100	95	100
98	100	97	97	98	0	98	98	95	0
96	96	0	0	100	98	0	96	97	95
0	99	95	0	100	98	96	0	0	96
95	98	0	100	95	95	97	0	0	100
0	97	100	0	100	0	95	96	100	0

0	28	3	3	10	3	11	0	0	0
28	0	6	14	9	14	0	28	0	0
3	6	0	16	0	6	0	11	0	17
3	14	16	0	0	13	0	0	16	0
10	9	0	0	0	27	30	22	6	41
3	14	6	13	27	0	8	6	2	0
11	0	0	0	30	8	0	17	9	11
0	28	11	0	22	6	17	0	0	2
0	0	0	16	6	2	9	0	0	8
0	0	17	0	41	0	11	2	8	0

34	22
23	29
45	10
40	32
36	45
40	35
36	10
50	45
36	41
31	14
