0	1	1	1	1	1	1	0
1	0	1	1	1	1	1	1
1	1	0	1	1	0	1	0
1	1	1	0	0	1	1	1
1	1	1	0	0	0	1	1
1	1	0	1	0	0	1	1
1	1	1	1	1	1	0	1
0	1	0	1	1	1	1	0

0	54	23	30	23	7	8	0
54	0	53	13	16	50	8	26
23	53	0	30	50	0	37	0
30	13	30	0	0	8	36	11
23	16	50	0	0	0	47	17
7	50	0	8	0	0	39	52
8	8	37	36	47	39	0	6
0	26	0	11	17	52	6	0

0	7	4	8	6	7	3	0
7	0	9	9	3	10	3	8
4	9	0	4	5	0	8	0
8	9	4	0	0	6	9	6
6	3	5	0	0	0	5	4
7	10	0	6	0	0	10	10
3	3	8	9	5	10	0	4
0	8	0	6	4	10	4	0

0	95	95	100	99	95	98	0
95	0	96	97	97	96	100	99
95	96	0	99	95	0	95	0
100	97	99	0	0	100	98	99
99	97	95	0	0	0	96	99
95	96	0	100	0	0	100	97
98	100	95	98	96	100	0	97
0	99	0	99	99	97	97	0

0	0	13	23	2	16	42	0
0	0	1	24	35	2	12	29
13	1	0	22	5	0	15	0
23	24	22	0	0	38	18	19
2	35	5	0	0	0	8	14
16	2	0	38	0	0	16	3
42	12	15	18	8	16	0	37
0	29	0	19	14	3	37	0

33	50
11	31
49	13
40	37
10	31
39	30
50	31
12	16
