0	0	0	1	1	0	1	1	1
0	0	1	1	1	1	1	1	0
0	1	0	1	1	1	1	0	0
1	1	1	0	1	0	1	1	1
1	1	1	1	0	1	0	0	1
0	1	1	0	1	0	1	1	1
1	1	1	1	0	1	0	1	1
1	1	0	1	0	1	1	0	1
1	0	0	1	1	1	1	1	0

0	0	0	51	36	0	27	11	35
0	0	40	46	28	5	11	10	0
0	40	0	22	53	31	28	0	0
51	46	22	0	11	0	43	17	38
36	28	53	11	0	11	0	0	49
0	5	31	0	11	0	7	54	8
27	11	28	43	0	7	0	49	20
11	10	0	17	0	54	49	0	30
35	0	0	38	49	8	20	30	0

0	0	0	7	5	0	6	9	3
0	0	3	6	6	4	8	9	0
0	3	0	8	7	5	6	0	0
7	6	8	0	8	0	9	9	6
5	6	7	8	0	6	0	0	5
0	4	5	0	6	0	10	9	5
6	8	6	9	0	10	0	8	7
9	9	0	9	0	9	8	0	8
3	0	0	6	5	5	7	8	0

0	0	0	95	99	0	97	97	99
0	0	98	98	95	99	96	95	0
0	98	0	96	98	96	99	0	0
95	98	96	0	97	0	95	97	97
99	95	98	97	0	95	0	0	99
0	99	96	0	95	0	98	99	98
97	96	99	95	0	98	0	96	99
97	95	0	97	0	99	96	0	99
99	0	0	97	99	98	99	99	0

0	0	0	2	16	0	16	18	16
0	0	2	3	0	47	22	41	0
0	2	0	16	1	3	3	0	0
2	3	16	0	28	0	6	22	12
16	0	1	28	0	39	0	0	1
0	47	3	0	39	0	18	1	43
16	22	3	6	0	18	0	4	24
18	41	0	22	0	1	4	0	21
16	0	0	12	1	43	24	21	0

45	28
50	15
29	47
17	12
36	37
40	13
46	50
35	36
44	22
