0	1	0	1	0	1	1
1	0	0	0	0	0	1
0	0	0	1	0	1	0
1	0	1	0	1	1	0
0	0	0	1	0	0	1
1	0	1	1	0	0	1
1	1	0	0	1	1	0

0	27	0	10	0	27	32
27	0	0	0	0	0	25
0	0	0	36	0	25	0
10	0	36	0	45	26	0
0	0	0	45	0	0	5
27	0	25	26	0	0	30
32	25	0	0	5	30	0

0	4	0	9	0	3	7
4	0	0	0	0	0	9
0	0	0	10	0	7	0
9	0	10	0	9	10	0
0	0	0	9	0	0	6
3	0	7	10	0	0	4
7	9	0	0	6	4	0

0	97	0	98	0	96	97
97	0	0	0	0	0	98
0	0	0	95	0	99	0
98	0	95	0	99	96	0
0	0	0	99	0	0	99
96	0	99	96	0	0	96
97	98	0	0	99	96	0

0	22	0	26	0	2	9
22	0	0	0	0	0	11
0	0	0	12	0	19	0
26	0	12	0	6	16	0
0	0	0	6	0	0	23
2	0	19	16	0	0	21
9	11	0	0	23	21	0

21	46
11	31
10	38
13	48
24	35
12	15
30	15
