0	1	1	0	1	1	1	1	1	1
1	0	1	1	1	0	0	0	1	1
1	1	0	1	1	1	0	1	1	1
0	1	1	0	0	1	0	0	1	1
1	1	1	0	0	1	1	1	0	0
1	0	1	1	1	0	0	0	1	0
1	0	0	0	1	0	0	0	0	1
1	0	1	0	1	0	0	0	1	0
1	1	1	1	0	1	0	1	0	1
1	1	1	1	0	0	1	0	1	0

0	23	12	0	49	38	39	5	32	33
23	0	37	31	42	0	0	0	25	49
12	37	0	50	30	13	0	11	53	15
0	31	50	0	0	20	0	0	33	36
49	42	30	0	0	51	29	18	0	0
38	0	13	20	51	0	0	0	27	0
39	0	0	0	29	0	0	0	0	33
5	0	11	0	18	0	0	0	13	0
32	25	53	33	0	27	0	13	0	31
33	49	15	36	0	0	33	0	31	0

0	3	9	0	10	4	7	5	10	7
3	0	6	4	8	0	0	0	4	9
9	6	0	7	10	8	0	6	10	6
0	4	7	0	0	3	0	0	4	8
10	8	10	0	0	3	9	7	0	0
4	0	8	3	3	0	0	0	4	0
7	0	0	0	9	0	0	0	0	3
5	0	6	0	7	0	0	0	6	0
10	4	10	4	0	4	0	6	0	3
7	9	6	8	0	0	3	0	3	0

0	96	98	0	95	98	100	100	95	100
96	0	98	96	95	0	0	0	98	98
98	98	0	97	100	97	0	100	99	100
0	96	97	0	0	95	0	0	96	100
95	95	100	0	0	96	96	95	0	0
98	0	97	95	96	0	0	0	98	0
100	0	0	0	96	0	0	0	0	98
100	0	100	0	95	0	0	0	99	0
95	98	99	96	0	98	0	99	0	95
100	98	100	100	0	0	98	0	95	0

0	31	8	0	0	11	0	7	12	13
31	0	3	24	3	0	0	0	22	3
8	3	0	3	13	42	0	15	2	27
0	24	3	0	0	34	0	0	6	14
0	3	13	0	0	4	5	25	0	0
11	0	42	34	4	0	0	0	23	0
0	0	0	0	5	0	0	0	0	22
7	0	15	0	25	0	0	0	18	0
12	22	2	6	0	23	0	18	0	24
13	3	27	14	0	0	22	0	24	0

10	34
47	26
32	20
12	18
36	18
23	30
14	14
30	36
33	26
34	12
