0	1	0	1	1	1	1
1	0	1	1	1	1	0
0	1	0	0	1	0	1
1	1	0	0	1	1	1
1	1	1	1	0	1	1
1	1	0	1	1	0	1
1	0	1	1	1	1	0

0	45	0	37	32	33	34
45	0	15	51	32	52	0
0	15	0	0	34	0	19
37	51	0	0	50	37	6
32	32	34	50	0	25	41
33	52	0	37	25	0	8
34	0	19	6	41	8	0

0	7	0	3	8	5	10
7	0	5	10	7	8	0
0	5	0	0	10	0	6
3	10	0	0	10	8	6
8	7	10	10	0	4	9
5	8	0	8	4	0	8
10	0	6	6	9	8	0

0	97	0	98	97	99	96
97	0	95	99	99	95	0
0	95	0	0	96	0	97
98	99	0	0	95	97	100
97	99	96	95	0	95	99
99	95	0	97	95	0	96
96	0	97	100	99	96	0

0	8	0	2	22	5	14
8	0	37	0	12	2	0
0	37	0	0	13	0	28
2	0	0	0	2	16	11
22	12	13	2	0	19	14
5	2	0	16	19	0	15
14	0	28	11	14	15	0

17	22
30	42
35	43
41	28
29	12
49	45
17	25
