0	1	1	1	1	1	1	1
1	0	1	1	1	1	0	1
1	1	0	1	0	1	0	1
1	1	1	0	1	0	1	1
1	1	0	1	0	1	1	0
1	1	1	0	1	0	1	0
1	0	0	1	1	1	0	0
1	1	1	1	0	0	0	0

0	39	19	8	17	42	18	19
39	0	24	28	18	42	0	54
19	24	0	25	0	38	0	54
8	28	25	0	19	0	36	46
17	18	0	19	0	31	9	0
42	42	38	0	31	0	49	0
18	0	0	36	9	49	0	0
19	54	54	46	0	0	0	0

0	8	7	9	3	9	5	3
8	0	3	3	9	10	0	7
7	3	0	8	0	3	0	5
9	3	8	0	3	0	10	10
3	9	0	3	0	10	4	0
9	10	3	0	10	0	9	0
5	0	0	10	4	9	0	0
3	7	5	10	0	0	0	0

0	99	95	100	98	99	98	99
99	0	100	96	98	100	0	98
95	100	0	95	0	95	0	99
100	96	95	0	96	0	99	99
98	98	0	96	0	100	97	0
99	100	95	0	100	0	100	0
98	0	0	99	97	100	0	0
99	98	99	99	0	0	0	0

0	12	35	21	18	12	11	34
12	0	19	0	33	9	0	1
35	19	0	3	0	15	0	0
21	0	3	0	28	0	19	8
18	33	0	28	0	7	39	0
12	9	15	0	7	0	5	0
11	0	0	19	39	5	0	0
34	1	0	8	0	0	0	0

26	16
10	15
42	48
12	24
46	18
19	19
28	47
46	40
