0	1	0	1	1	1	1
1	0	1	1	1	1	1
0	1	0	0	0	1	1
1	1	0	0	0	1	1
1	1	0	0	0	1	0
1	1	1	1	1	0	0
1	1	1	1	0	0	0

0	42	0	22	32	51	7
42	0	37	5	6	11	34
0	37	0	0	0	42	23
22	5	0	0	0	54	54
32	6	0	0	0	53	0
51	11	42	54	53	0	0
7	34	23	54	0	0	0

0	4	0	10	9	3	3
4	0	10	5	9	6	7
0	10	0	0	0	3	10
10	5	0	0	0	10	7
9	9	0	0	0	5	0
3	6	3	10	5	0	0
3	7	10	7	0	0	0

0	95	0	99	97	97	97
95	0	99	96	96	97	95
0	99	0	0	0	95	97
99	96	0	0	0	98	100
97	96	0	0	0	98	0
97	97	95	98	98	0	0
97	95	97	100	0	0	0

0	1	0	7	23	1	13
1	0	10	13	19	39	14
0	10	0	0	0	10	29
7	13	0	0	0	0	1
23	19	0	0	0	2	0
1	39	10	0	2	0	0
13	14	29	1	0	0	0

19	39
24	40
20	21
27	13
29	50
46	48
39	43
