0	1	0	1	1	1	0	0
1	0	0	1	0	1	1	1
0	0	0	1	0	1	1	0
1	1	1	0	1	1	0	1
1	0	0	1	0	1	1	1
1	1	1	1	1	0	1	1
0	1	1	0	1	1	0	0
0	1	0	1	1	1	0	0

0	22	0	41	18	37	0	0
22	0	0	24	0	8	7	54
0	0	0	26	0	19	45	0
41	24	26	0	49	17	0	15
18	0	0	49	0	44	52	33
37	8	19	17	44	0	18	43
0	7	45	0	52	18	0	0
0	54	0	15	33	43	0	0

0	9	0	6	7	4	0	0
9	0	0	9	0	9	8	6
0	0	0	7	0	9	5	0
6	9	7	0	3	10	0	7
7	0	0	3	0	6	3	10
4	9	9	10	6	0	10	4
0	8	5	0	3	10	0	0
0	6	0	7	10	4	0	0

0	97	0	95	97	100	0	0
97	0	0	100	0	96	99	96
0	0	0	100	0	98	95	0
95	100	100	0	99	95	0	96
97	0	0	99	0	99	100	98
100	96	98	95	99	0	95	96
0	99	95	0	100	95	0	0
0	96	0	96	98	96	0	0

0	4	0	10	17	17	0	0
4	0	0	22	0	41	33	0
0	0	0	27	0	11	3	0
10	22	27	0	3	12	0	39
17	0	0	3	0	2	3	22
17	41	11	12	2	0	24	6
0	33	3	0	3	24	0	0
0	0	0	39	22	6	0	0

41	41
38	34
18	25
14	12
22	40
12	23
28	40
27	24
