0	1	1	1	1	1	1	1	1	1
1	0	1	1	1	1	0	1	1	1
1	1	0	1	0	1	0	1	0	1
1	1	1	0	1	1	1	1	1	0
1	1	0	1	0	1	1	0	0	0
1	1	1	1	1	0	0	1	1	1
1	0	0	1	1	0	0	0	1	0
1	1	1	1	0	1	0	0	1	0
1	1	0	1	0	1	1	1	0	1
1	1	1	0	0	1	0	0	1	0

0	32	30	52	17	10	36	48	47	12
32	0	6	23	10	49	0	9	47	5
30	6	0	43	0	47	0	34	0	31
52	23	43	0	42	27	27	22	36	0
17	10	0	42	0	11	15	0	0	0
10	49	47	27	11	0	0	37	15	48
36	0	0	27	15	0	0	0	35	0
48	9	34	22	0	37	0	0	27	0
47	47	0	36	0	15	35	27	0	48
12	5	31	0	0	48	0	0	48	0

0	8	5	3	8	3	7	6	10	8
8	0	8	5	9	7	0	5	7	9
5	8	0	8	0	7	0	5	0	8
3	5	8	0	4	10	3	10	6	0
8	9	0	4	0	10	8	0	0	0
3	7	7	10	10	0	0	6	9	7
7	0	0	3	8	0	0	0	4	0
6	5	5	10	0	6	0	0	5	0
10	7	0	6	0	9	4	5	0	6
8	9	8	0	0	7	0	0	6	0

0	100	98	98	98	96	98	96	98	99
100	0	99	96	95	96	0	99	95	98
98	99	0	98	0	100	0	98	0	96
98	96	98	0	100	95	99	99	98	0
98	95	0	100	0	97	99	0	0	0
96	96	100	95	97	0	0	100	99	99
98	0	0	99	99	0	0	0	100	0
96	99	98	99	0	100	0	0	99	0
98	95	0	98	0	99	100	99	0	99
99	98	96	0	0	99	0	0	99	0

0	5	17	2	14	27	3	1	0	26
5	0	20	19	14	6	0	13	6	3
17	20	0	0	0	6	0	11	0	9
2	19	0	0	9	18	19	3	5	0
14	14	0	9	0	25	16	0	0	0
27	6	6	18	25	0	0	8	1	1
3	0	0	19	16	0	0	0	18	0
1	13	11	3	0	8	0	0	25	0
0	6	0	5	0	1	18	25	0	3
26	3	9	0	0	1	0	0	3	0

41	18
37	32
26	44
22	25
47	34
38	17
44	49
45	49
16	49
35	36
