0	1	1	1	0	1	1	1	1	0
1	0	1	1	0	1	1	1	1	0
1	1	0	1	1	1	0	1	1	1
1	1	1	0	1	1	0	0	0	1
0	0	1	1	0	1	1	1	1	1
1	1	1	1	1	0	1	1	1	1
1	1	0	0	1	1	0	1	1	1
1	1	1	0	1	1	1	0	0	1
1	1	1	0	1	1	1	0	0	0
0	0	1	1	1	1	1	1	0	0

0	35	20	13	0	26	41	35	28	0
35	0	19	36	0	50	6	21	51	0
20	19	0	43	22	47	0	17	30	38
13	36	43	0	6	33	0	0	0	14
0	0	22	6	0	10	24	51	43	53
26	50	47	33	10	0	35	33	31	12
41	6	0	0	24	35	0	28	53	49
35	21	17	0	51	33	28	0	0	38
28	51	30	0	43	31	53	0	0	0
0	0	38	14	53	12	49	38	0	0

0	7	4	8	0	6	7	4	5	0
7	0	10	8	0	10	5	6	4	0
4	10	0	7	3	8	0	9	10	8
8	8	7	0	6	7	0	0	0	6
0	0	3	6	0	9	6	5	9	3
6	10	8	7	9	0	4	10	4	7
7	5	0	0	6	4	0	5	3	3
4	6	9	0	5	10	5	0	0	8
5	4	10	0	9	4	3	0	0	0
0	0	8	6	3	7	3	8	0	0

0	95	98	98	0	96	99	100	100	0
95	0	96	98	0	98	100	95	96	0
98	96	0	99	98	99	0	99	96	96
98	98	99	0	96	96	0	0	0	95
0	0	98	96	0	99	99	96	98	99
96	98	99	96	99	0	96	98	96	100
99	100	0	0	99	96	0	100	100	96
100	95	99	0	96	98	100	0	0	95
100	96	96	0	98	96	100	0	0	0
0	0	96	95	99	100	96	95	0	0

0	1	26	34	0	24	7	2	19	0
1	0	14	12	0	3	20	12	0	0
26	14	0	5	25	8	0	32	16	10
34	12	5	0	32	0	0	0	0	18
0	0	25	32	0	5	2	4	2	0
24	3	8	0	5	0	2	14	16	18
7	20	0	0	2	2	0	5	2	0
2	12	32	0	4	14	5	0	0	1
19	0	16	0	2	16	2	0	0	0
0	0	10	18	0	18	0	1	0	0

38	12
48	39
45	18
16	11
40	18
11	39
10	45
26	21
44	44
11	49
