0	1	0	1	1	1	1	0
1	0	1	1	1	1	1	0
0	1	0	0	0	1	1	0
1	1	0	0	1	0	1	0
1	1	0	1	0	0	0	1
1	1	1	0	0	0	1	1
1	1	1	1	0	1	0	0
0	0	0	0	1	1	0	0

0	37	0	5	53	16	20	0
37	0	39	9	45	25	31	0
0	39	0	0	0	16	42	0
5	9	0	0	40	0	34	0
53	45	0	40	0	0	0	48
16	25	16	0	0	0	37	12
20	31	42	34	0	37	0	0
0	0	0	0	48	12	0	0

0	8	0	8	5	10	7	0
8	0	9	7	3	10	9	0
0	9	0	0	0	5	9	0
8	7	0	0	7	0	5	0
5	3	0	7	0	0	0	6
10	10	5	0	0	0	6	6
7	9	9	5	0	6	0	0
0	0	0	0	6	6	0	0

0	96	0	96	98	95	96	0
96	0	98	98	100	99	100	0
0	98	0	0	0	95	96	0
96	98	0	0	95	0	98	0
98	100	0	95	0	0	0	98
95	99	95	0	0	0	96	95
96	100	96	98	0	96	0	0
0	0	0	0	98	95	0	0

0	1	0	1	0	18	17	0
1	0	12	2	8	24	22	0
0	12	0	0	0	17	1	0
1	2	0	0	9	0	7	0
0	8	0	9	0	0	0	4
18	24	17	0	0	0	17	24
17	22	1	7	0	17	0	0
0	0	0	0	4	24	0	0

50	17
21	37
36	29
26	15
11	13
35	11
43	30
34	14
