0	1	1	1	1	1	0	0	1	0
1	0	1	0	1	1	0	1	1	0
1	1	0	1	1	1	1	1	0	1
1	0	1	0	1	0	0	1	1	1
1	1	1	1	0	1	1	1	0	1
1	1	1	0	1	0	1	1	0	0
0	0	1	0	1	1	0	0	1	1
0	1	1	1	1	1	0	0	1	0
1	1	0	1	0	0	1	1	0	1
0	0	1	1	1	0	1	0	1	0

0	25	47	37	35	47	0	0	28	0
25	0	27	0	27	15	0	12	16	0
47	27	0	24	20	20	26	54	0	47
37	0	24	0	38	0	0	23	5	18
35	27	20	38	0	16	44	28	0	24
47	15	20	0	16	0	55	51	0	0
0	0	26	0	44	55	0	0	8	8
0	12	54	23	28	51	0	0	10	0
28	16	0	5	0	0	8	10	0	47
0	0	47	18	24	0	8	0	47	0

0	8	10	7	3	8	0	0	7	0
8	0	6	0	4	7	0	6	8	0
10	6	0	3	5	9	9	3	0	7
7	0	3	0	4	0	0	3	7	6
3	4	5	4	0	6	7	8	0	4
8	7	9	0	6	0	10	6	0	0
0	0	9	0	7	10	0	0	9	4
0	6	3	3	8	6	0	0	5	0
7	8	0	7	0	0	9	5	0	6
0	0	7	6	4	0	4	0	6	0

0	98	98	96	98	96	0	0	95	0
98	0	95	0	97	95	0	95	96	0
98	95	0	99	97	97	98	97	0	98
96	0	99	0	96	0	0	96	97	100
98	97	97	96	0	100	95	99	0	98
96	95	97	0	100	0	98	100	0	0
0	0	98	0	95	98	0	0	95	97
0	95	97	96	99	100	0	0	95	0
95	96	0	97	0	0	95	95	0	98
0	0	98	100	98	0	97	0	98	0

0	13	2	2	15	6	0	0	7	0
13	0	7	0	1	31	0	40	3	0
2	7	0	10	20	3	26	1	0	4
2	0	10	0	8	0	0	5	8	23
15	1	20	8	0	17	6	25	0	23
6	31	3	0	17	0	0	0	0	0
0	0	26	0	6	0	0	0	4	18
0	40	1	5	25	0	0	0	18	0
7	3	0	8	0	0	4	18	0	2
0	0	4	23	23	0	18	0	2	0

38	18
12	21
23	37
15	12
17	42
24	13
26	17
46	14
10	49
48	42
