0	0	1	1	1	1	0	1	1
0	0	1	0	1	0	1	1	1
1	1	0	0	1	0	1	0	1
1	0	0	0	1	1	1	1	1
1	1	1	1	0	0	1	0	1
1	0	0	1	0	0	1	1	1
0	1	1	1	1	1	0	1	1
1	1	0	1	0	1	1	0	0
1	1	1	1	1	1	1	0	0

0	0	38	45	13	25	0	31	48
0	0	10	0	37	0	48	21	6
38	10	0	0	8	0	28	0	31
45	0	0	0	9	45	20	5	41
13	37	8	9	0	0	23	0	36
25	0	0	45	0	0	50	27	49
0	48	28	20	23	50	0	24	53
31	21	0	5	0	27	24	0	0
48	6	31	41	36	49	53	0	0

0	0	7	3	6	6	0	8	8
0	0	5	0	3	0	8	7	3
7	5	0	0	9	0	6	0	5
3	0	0	0	6	8	8	5	3
6	3	9	6	0	0	3	0	5
6	0	0	8	0	0	9	5	5
0	8	6	8	3	9	0	8	6
8	7	0	5	0	5	8	0	0
8	3	5	3	5	5	6	0	0

0	0	100	95	97	98	0	100	100
0	0	95	0	98	0	96	98	97
100	95	0	0	97	0	100	0	96
95	0	0	0	96	96	100	96	95
97	98	97	96	0	0	98	0	95
98	0	0	96	0	0	95	100	95
0	96	100	100	98	95	0	96	99
100	98	0	96	0	100	96	0	0
100	97	96	95	95	95	99	0	0

0	0	14	9	15	7	0	20	1
0	0	28	0	18	0	2	32	9
14	28	0	0	40	0	26	0	17
9	0	0	0	11	3	26	48	4
15	18	40	11	0	0	5	0	11
7	0	0	3	0	0	4	0	1
0	2	26	26	5	4	0	15	2
20	32	0	48	0	0	15	0	0
1	9	17	4	11	1	2	0	0

31	16
27	24
28	25
31	41
40	14
26	15
49	15
11	17
37	44
