0	1	1	0	1	1	0	0	0	1
1	0	1	1	1	1	1	1	1	1
1	1	0	1	1	1	0	1	0	1
0	1	1	0	0	1	0	1	1	1
1	1	1	0	0	1	1	1	0	0
1	1	1	1	1	0	1	1	1	0
0	1	0	0	1	1	0	1	1	1
0	1	1	1	1	1	1	0	0	1
0	1	0	1	0	1	1	0	0	1
1	1	1	1	0	0	1	1	1	0

0	11	52	0	54	38	0	0	0	24
11	0	46	28	17	7	13	7	34	37
52	46	0	7	52	17	0	18	0	45
0	28	7	0	0	55	0	23	30	18
54	17	52	0	0	28	32	11	0	0
38	7	17	55	28	0	23	48	44	0
0	13	0	0	32	23	0	35	44	6
0	7	18	23	11	48	35	0	0	19
0	34	0	30	0	44	44	0	0	39
24	37	45	18	0	0	6	19	39	0

0	9	10	0	9	10	0	0	0	10
9	0	4	3	10	10	5	6	9	10
10	4	0	6	10	5	0	10	0	5
0	3	6	0	0	8	0	7	3	8
9	10	10	0	0	5	8	6	0	0
10	10	5	8	5	0	4	4	9	0
0	5	0	0	8	4	0	6	9	9
0	6	10	7	6	4	6	0	0	9
0	9	0	3	0	9	9	0	0	8
10	10	5	8	0	0	9	9	8	0

0	97	97	0	98	99	0	0	0	98
97	0	98	99	95	99	100	100	99	98
97	98	0	95	97	98	0	96	0	98
0	99	95	0	0	97	0	96	95	97
98	95	97	0	0	95	99	100	0	0
99	99	98	97	95	0	96	97	98	0
0	100	0	0	99	96	0	99	96	99
0	100	96	96	100	97	99	0	0	97
0	99	0	95	0	98	96	0	0	98
98	98	98	97	0	0	99	97	98	0

0	4	2	0	1	0	0	0	0	13
4	0	9	0	21	21	4	39	6	4
2	9	0	3	2	12	0	31	0	7
0	0	3	0	0	0	0	4	2	16
1	21	2	0	0	2	22	37	0	0
0	21	12	0	2	0	15	2	10	0
0	4	0	0	22	15	0	13	5	44
0	39	31	4	37	2	13	0	0	18
0	6	0	2	0	10	5	0	0	1
13	4	7	16	0	0	44	18	1	0

41	36
39	33
23	25
32	29
44	11
38	19
19	44
10	50
13	34
11	23
