0	1	0	0	1	1	1	0
1	0	0	0	1	0	1	1
0	0	0	1	1	1	1	1
0	0	1	0	1	1	0	0
1	1	1	1	0	1	1	0
1	0	1	1	1	0	1	1
1	1	1	0	1	1	0	1
0	1	1	0	0	1	1	0

0	30	0	0	35	39	54	0
30	0	0	0	33	0	14	11
0	0	0	32	7	43	6	13
0	0	32	0	27	54	0	0
35	33	7	27	0	26	39	0
39	0	43	54	26	0	20	11
54	14	6	0	39	20	0	12
0	11	13	0	0	11	12	0

0	5	0	0	3	3	5	0
5	0	0	0	7	0	5	9
0	0	0	4	10	9	7	4
0	0	4	0	9	10	0	0
3	7	10	9	0	10	3	0
3	0	9	10	10	0	9	8
5	5	7	0	3	9	0	9
0	9	4	0	0	8	9	0

0	97	0	0	99	96	98	0
97	0	0	0	98	0	95	96
0	0	0	97	98	99	100	96
0	0	97	0	98	96	0	0
99	98	98	98	0	97	97	0
96	0	99	96	97	0	99	96
98	95	100	0	97	99	0	100
0	96	96	0	0	96	100	0

0	16	0	0	18	6	0	0
16	0	0	0	7	0	10	32
0	0	0	7	46	3	17	15
0	0	7	0	28	1	0	0
18	7	46	28	0	16	13	0
6	0	3	1	16	0	17	0
0	10	17	0	13	17	0	20
0	32	15	0	0	0	20	0

41	10
13	32
46	22
29	47
31	27
45	20
33	28
30	46
