0	1	0	0	1	0	1	0
1	0	0	1	1	0	1	1
0	0	0	1	1	1	1	1
0	1	1	0	1	1	1	1
1	1	1	1	0	1	1	0
0	0	1	1	1	0	1	1
1	1	1	1	1	1	0	1
0	1	1	1	0	1	1	0

0	27	0	0	30	0	54	0
27	0	0	41	37	0	5	45
0	0	0	37	39	42	7	46
0	41	37	0	18	37	32	19
30	37	39	18	0	41	13	0
0	0	42	37	41	0	28	22
54	5	7	32	13	28	0	41
0	45	46	19	0	22	41	0

0	10	0	0	9	0	7	0
10	0	0	4	9	0	7	7
0	0	0	3	8	4	3	5
0	4	3	0	10	9	7	7
9	9	8	10	0	7	3	0
0	0	4	9	7	0	3	6
7	7	3	7	3	3	0	5
0	7	5	7	0	6	5	0

0	99	0	0	97	0	95	0
99	0	0	96	100	0	95	100
0	0	0	98	99	99	98	98
0	96	98	0	99	95	100	95
97	100	99	99	0	100	96	0
0	0	99	95	100	0	95	99
95	95	98	100	96	95	0	97
0	100	98	95	0	99	97	0

0	10	0	0	14	0	1	0
10	0	0	10	18	0	26	1
0	0	0	1	8	11	42	9
0	10	1	0	24	6	4	15
14	18	8	24	0	5	1	0
0	0	11	6	5	0	25	8
1	26	42	4	1	25	0	7
0	1	9	15	0	8	7	0

15	24
20	26
32	33
24	25
10	11
42	48
10	31
23	14
