0	1	1	1	1	1	1	1	1
1	0	1	0	1	1	0	1	0
1	1	0	0	1	0	1	1	1
1	0	0	0	1	0	1	1	1
1	1	1	1	0	0	1	1	1
1	1	0	0	0	0	1	1	1
1	0	1	1	1	1	0	1	1
1	1	1	1	1	1	1	0	1
1	0	1	1	1	1	1	1	0

0	34	5	47	12	38	10	25	23
34	0	46	0	36	51	0	19	0
5	46	0	0	31	0	39	55	14
47	0	0	0	33	0	28	32	29
12	36	31	33	0	0	31	16	9
38	51	0	0	0	0	54	41	13
10	0	39	28	31	54	0	41	9
25	19	55	32	16	41	41	0	25
23	0	14	29	9	13	9	25	0

0	9	9	4	4	9	4	8	6
9	0	6	0	7	4	0	5	0
9	6	0	0	4	0	4	10	6
4	0	0	0	10	0	8	10	3
4	7	4	10	0	0	5	5	6
9	4	0	0	0	0	10	9	4
4	0	4	8	5	10	0	5	4
8	5	10	10	5	9	5	0	3
6	0	6	3	6	4	4	3	0

0	99	96	99	100	98	97	99	100
99	0	98	0	98	96	0	99	0
96	98	0	0	98	0	96	99	96
99	0	0	0	98	0	99	97	95
100	98	98	98	0	0	97	99	100
98	96	0	0	0	0	95	97	97
97	0	96	99	97	95	0	97	100
99	99	99	97	99	97	97	0	95
100	0	96	95	100	97	100	95	0

0	7	20	6	0	17	11	27	30
7	0	1	0	5	1	0	28	0
20	1	0	0	16	0	13	0	20
6	0	0	0	5	0	21	18	17
0	5	16	5	0	0	15	28	25
17	1	0	0	0	0	0	7	8
11	0	13	21	15	0	0	11	8
27	28	0	18	28	7	11	0	26
30	0	20	17	25	8	8	26	0

48	32
23	23
13	10
26	19
23	26
37	17
15	36
31	47
20	16
