0	1	1	0	1	0	1	1
1	0	1	1	1	1	1	1
1	1	0	1	1	1	1	1
0	1	1	0	1	1	1	1
1	1	1	1	0	0	0	1
0	1	1	1	0	0	1	1
1	1	1	1	0	1	0	0
1	1	1	1	1	1	0	0

0	21	25	0	54	0	5	41
21	0	28	24	52	37	33	36
25	28	0	50	36	27	37	49
0	24	50	0	16	14	40	43
54	52	36	16	0	0	0	9
0	37	27	14	0	0	22	5
5	33	37	40	0	22	0	0
41	36	49	43	9	5	0	0

0	4	5	0	9	0	9	7
4	0	4	8	9	7	4	10
5	4	0	5	9	7	4	6
0	8	5	0	6	7	10	8
9	9	9	6	0	0	0	8
0	7	7	7	0	0	8	9
9	4	4	10	0	8	0	0
7	10	6	8	8	9	0	0

0	100	96	0	99	0	98	96
100	0	97	100	97	97	100	99
96	97	0	100	99	97	95	98
0	100	100	0	95	99	95	100
99	97	99	95	0	0	0	95
0	97	97	99	0	0	95	99
98	100	95	95	0	95	0	0
96	99	98	100	95	99	0	0

0	22	26	0	1	0	50	11
22	0	5	5	3	18	13	8
26	5	0	1	11	8	16	4
0	5	1	0	32	18	12	2
1	3	11	32	0	0	0	21
0	18	8	18	0	0	23	27
50	13	16	12	0	23	0	0
11	8	4	2	21	27	0	0

41	13
12	26
26	43
27	19
13	46
37	46
18	34
48	20
