0	1	1	0	0	0	1	1
1	0	0	1	0	1	0	1
1	0	0	1	1	1	1	0
0	1	1	0	1	1	0	1
0	0	1	1	0	1	1	0
0	1	1	1	1	0	1	1
1	0	1	0	1	1	0	1
1	1	0	1	0	1	1	0

0	30	35	0	0	0	26	20
30	0	0	25	0	42	0	11
35	0	0	27	7	16	43	0
0	25	27	0	38	38	0	20
0	0	7	38	0	48	34	0
0	42	16	38	48	0	36	53
26	0	43	0	34	36	0	40
20	11	0	20	0	53	40	0

0	4	4	0	0	0	5	10
4	0	0	4	0	3	0	3
4	0	0	8	6	10	8	0
0	4	8	0	10	9	0	4
0	0	6	10	0	9	6	0
0	3	10	9	9	0	9	6
5	0	8	0	6	9	0	6
10	3	0	4	0	6	6	0

0	97	96	0	0	0	99	99
97	0	0	98	0	98	0	95
96	0	0	98	95	100	97	0
0	98	98	0	100	100	0	100
0	0	95	100	0	99	98	0
0	98	100	100	99	0	98	95
99	0	97	0	98	98	0	99
99	95	0	100	0	95	99	0

0	17	10	0	0	0	25	33
17	0	0	12	0	13	0	18
10	0	0	4	41	25	5	0
0	12	4	0	11	2	0	25
0	0	41	11	0	7	10	0
0	13	25	2	7	0	7	1
25	0	5	0	10	7	0	14
33	18	0	25	0	1	14	0

29	46
47	33
25	30
13	38
47	48
47	32
34	29
36	28
