0	0	1	1	1	1	1	0
0	0	0	1	1	1	1	1
1	0	0	1	1	1	0	1
1	1	1	0	1	0	0	0
1	1	1	1	0	1	1	1
1	1	1	0	1	0	1	1
1	1	0	0	1	1	0	0
0	1	1	0	1	1	0	0

0	0	40	48	37	19	26	0
0	0	0	36	11	31	13	7
40	0	0	23	20	21	0	26
48	36	23	0	47	0	0	0
37	11	20	47	0	28	35	14
19	31	21	0	28	0	35	17
26	13	0	0	35	35	0	0
0	7	26	0	14	17	0	0

0	0	8	8	6	5	6	0
0	0	0	10	7	4	10	4
8	0	0	4	10	9	0	6
8	10	4	0	4	0	0	0
6	7	10	4	0	7	6	8
5	4	9	0	7	0	6	6
6	10	0	0	6	6	0	0
0	4	6	0	8	6	0	0

0	0	96	96	96	99	96	0
0	0	0	98	98	98	98	95
96	0	0	95	98	98	0	98
96	98	95	0	98	0	0	0
96	98	98	98	0	96	99	96
99	98	98	0	96	0	97	99
96	98	0	0	99	97	0	0
0	95	98	0	96	99	0	0

0	0	4	3	3	3	27	0
0	0	0	3	44	11	7	5
4	0	0	2	24	32	0	5
3	3	2	0	6	0	0	0
3	44	24	6	0	18	0	2
3	11	32	0	18	0	10	0
27	7	0	0	0	10	0	0
0	5	5	0	2	0	0	0

44	41
34	46
26	26
13	34
37	21
22	10
11	17
11	36
