0	0	0	1	1	1	1	0
0	0	0	1	0	0	0	1
0	0	0	1	1	1	1	1
1	1	1	0	0	1	0	0
1	0	1	0	0	1	0	0
1	0	1	1	1	0	0	1
1	0	1	0	0	0	0	1
0	1	1	0	0	1	1	0

0	0	0	49	46	27	52	0
0	0	0	9	0	0	0	43
0	0	0	13	43	46	20	12
49	9	13	0	0	10	0	0
46	0	43	0	0	11	0	0
27	0	46	10	11	0	0	15
52	0	20	0	0	0	0	55
0	43	12	0	0	15	55	0

0	0	0	9	9	3	10	0
0	0	0	3	0	0	0	7
0	0	0	3	7	9	7	7
9	3	3	0	0	4	0	0
9	0	7	0	0	9	0	0
3	0	9	4	9	0	0	4
10	0	7	0	0	0	0	10
0	7	7	0	0	4	10	0

0	0	0	97	99	98	97	0
0	0	0	95	0	0	0	100
0	0	0	96	98	95	97	100
97	95	96	0	0	97	0	0
99	0	98	0	0	97	0	0
98	0	95	97	97	0	0	98
97	0	97	0	0	0	0	97
0	100	100	0	0	98	97	0

0	0	0	5	3	5	1	0
0	0	0	17	0	0	0	8
0	0	0	27	7	6	23	20
5	17	27	0	0	14	0	0
3	0	7	0	0	41	0	0
5	0	6	14	41	0	0	13
1	0	23	0	0	0	0	0
0	8	20	0	0	13	0	0

41	36
18	22
35	36
37	23
50	44
15	26
30	49
23	29
