0	0	1	1	0	1	0	1	1
0	0	1	1	1	1	1	1	1
1	1	0	1	1	1	0	1	1
1	1	1	0	1	0	0	1	1
0	1	1	1	0	1	1	1	1
1	1	1	0	1	0	1	1	1
0	1	0	0	1	1	0	1	1
1	1	1	1	1	1	1	0	0
1	1	1	1	1	1	1	0	0

0	0	14	19	0	52	0	21	6
0	0	30	36	55	27	47	40	29
14	30	0	17	41	25	0	37	28
19	36	17	0	22	0	0	53	11
0	55	41	22	0	36	20	14	42
52	27	25	0	36	0	9	45	48
0	47	0	0	20	9	0	37	18
21	40	37	53	14	45	37	0	0
6	29	28	11	42	48	18	0	0

0	0	8	9	0	5	0	10	6
0	0	7	5	7	10	7	9	8
8	7	0	10	10	8	0	6	3
9	5	10	0	3	0	0	6	6
0	7	10	3	0	3	5	6	4
5	10	8	0	3	0	5	9	9
0	7	0	0	5	5	0	8	4
10	9	6	6	6	9	8	0	0
6	8	3	6	4	9	4	0	0

0	0	97	97	0	98	0	99	95
0	0	100	99	99	98	99	97	99
97	100	0	97	96	98	0	98	100
97	99	97	0	95	0	0	99	99
0	99	96	95	0	100	95	100	100
98	98	98	0	100	0	96	96	100
0	99	0	0	95	96	0	97	96
99	97	98	99	100	96	97	0	0
95	99	100	99	100	100	96	0	0

0	0	18	30	0	1	0	3	47
0	0	8	8	0	13	8	3	20
18	8	0	10	12	2	0	4	22
30	8	10	0	27	0	0	1	15
0	0	12	27	0	8	2	5	2
1	13	2	0	8	0	6	3	6
0	8	0	0	2	6	0	0	31
3	3	4	1	5	3	0	0	0
47	20	22	15	2	6	31	0	0

34	16
15	18
18	41
39	16
28	23
32	41
45	13
14	29
37	40
