0	1	0	1	1	0	0	1
1	0	1	1	1	1	1	1
0	1	0	1	0	0	0	1
1	1	1	0	1	1	0	1
1	1	0	1	0	1	1	0
0	1	0	1	1	0	1	0
0	1	0	0	1	1	0	1
1	1	1	1	0	0	1	0

0	41	0	41	14	0	0	9
41	0	36	18	19	55	18	21
0	36	0	37	0	0	0	41
41	18	37	0	40	52	0	6
14	19	0	40	0	6	6	0
0	55	0	52	6	0	47	0
0	18	0	0	6	47	0	32
9	21	41	6	0	0	32	0

0	7	0	4	9	0	0	5
7	0	6	3	9	5	5	5
0	6	0	8	0	0	0	3
4	3	8	0	4	5	0	10
9	9	0	4	0	3	9	0
0	5	0	5	3	0	9	0
0	5	0	0	9	9	0	9
5	5	3	10	0	0	9	0

0	100	0	96	96	0	0	96
100	0	96	95	95	95	96	96
0	96	0	96	0	0	0	100
96	95	96	0	96	98	0	95
96	95	0	96	0	100	97	0
0	95	0	98	100	0	99	0
0	96	0	0	97	99	0	96
96	96	100	95	0	0	96	0

0	0	0	9	10	0	0	26
0	0	4	26	15	0	12	6
0	4	0	16	0	0	0	12
9	26	16	0	8	1	0	7
10	15	0	8	0	1	47	0
0	0	0	1	1	0	8	0
0	12	0	0	47	8	0	4
26	6	12	7	0	0	4	0

43	44
35	50
45	44
34	37
41	49
26	46
16	47
27	24
