0	1	0	1	1	1	0
1	0	1	1	1	1	1
0	1	0	1	0	1	1
1	1	1	0	1	1	1
1	1	0	1	0	0	1
1	1	1	1	0	0	1
0	1	1	1	1	1	0

0	30	0	18	17	47	0
30	0	37	23	52	16	6
0	37	0	12	0	44	55
18	23	12	0	8	42	40
17	52	0	8	0	0	41
47	16	44	42	0	0	34
0	6	55	40	41	34	0

0	5	0	3	6	5	0
5	0	9	9	4	5	8
0	9	0	7	0	3	7
3	9	7	0	4	8	9
6	4	0	4	0	0	3
5	5	3	8	0	0	7
0	8	7	9	3	7	0

0	100	0	96	98	97	0
100	0	100	99	99	96	96
0	100	0	95	0	99	97
96	99	95	0	95	97	100
98	99	0	95	0	0	98
97	96	99	97	0	0	96
0	96	97	100	98	96	0

0	9	0	13	7	6	0
9	0	18	9	3	6	48
0	18	0	18	0	7	0
13	9	18	0	7	3	8
7	3	0	7	0	0	4
6	6	7	3	0	0	3
0	48	0	8	4	3	0

43	37
22	38
43	37
26	15
21	12
39	33
42	48
