0	0	0	1	1	1	0	1	0	1
0	0	1	1	0	0	1	1	1	1
0	1	0	0	1	0	1	1	1	0
1	1	0	0	0	0	1	1	1	1
1	0	1	0	0	1	0	1	1	1
1	0	0	0	1	0	0	1	1	1
0	1	1	1	0	0	0	1	1	1
1	1	1	1	1	1	1	0	1	0
0	1	1	1	1	1	1	1	0	1
1	1	0	1	1	1	1	0	1	0

0	0	0	27	29	12	0	44	0	25
0	0	7	20	0	0	45	50	26	52
0	7	0	0	50	0	40	8	29	0
27	20	0	0	0	0	31	32	23	26
29	0	50	0	0	23	0	10	32	51
12	0	0	0	23	0	0	5	54	55
0	45	40	31	0	0	0	37	43	46
44	50	8	32	10	5	37	0	50	0
0	26	29	23	32	54	43	50	0	34
25	52	0	26	51	55	46	0	34	0

0	0	0	7	5	5	0	9	0	3
0	0	8	6	0	0	3	4	6	7
0	8	0	0	10	0	9	8	10	0
7	6	0	0	0	0	6	3	4	10
5	0	10	0	0	7	0	3	5	6
5	0	0	0	7	0	0	10	3	4
0	3	9	6	0	0	0	8	8	7
9	4	8	3	3	10	8	0	4	0
0	6	10	4	5	3	8	4	0	8
3	7	0	10	6	4	7	0	8	0

0	0	0	98	99	98	0	100	0	100
0	0	100	99	0	0	95	98	97	99
0	100	0	0	99	0	96	99	100	0
98	99	0	0	0	0	98	97	98	97
99	0	99	0	0	97	0	98	98	95
98	0	0	0	97	0	0	95	99	98
0	95	96	98	0	0	0	100	95	95
100	98	99	97	98	95	100	0	96	0
0	97	100	98	98	99	95	96	0	96
100	99	0	97	95	98	95	0	96	0

0	0	0	8	20	38	0	2	0	0
0	0	46	18	0	0	1	1	25	3
0	46	0	0	3	0	8	24	15	0
8	18	0	0	0	0	8	7	23	8
20	0	3	0	0	11	0	9	11	3
38	0	0	0	11	0	0	36	1	0
0	1	8	8	0	0	0	12	4	2
2	1	24	7	9	36	12	0	3	0
0	25	15	23	11	1	4	3	0	6
0	3	0	8	3	0	2	0	6	0

26	38
46	40
42	50
40	47
32	43
39	17
13	44
48	30
13	20
48	29
