0	1	1	1	1	0	1	1	1
1	0	1	1	1	0	0	0	1
1	1	0	0	0	1	1	0	1
1	1	0	0	1	1	1	0	1
1	1	0	1	0	0	1	1	0
0	0	1	1	0	0	0	1	1
1	0	1	1	1	0	0	0	1
1	0	0	0	1	1	0	0	1
1	1	1	1	0	1	1	1	0

0	6	44	15	50	0	50	27	39
6	0	25	12	13	0	0	0	41
44	25	0	0	0	53	35	0	38
15	12	0	0	40	10	53	0	24
50	13	0	40	0	0	19	47	0
0	0	53	10	0	0	0	26	30
50	0	35	53	19	0	0	0	6
27	0	0	0	47	26	0	0	8
39	41	38	24	0	30	6	8	0

0	6	6	3	5	0	3	8	8
6	0	8	5	8	0	0	0	6
6	8	0	0	0	10	3	0	8
3	5	0	0	3	9	10	0	4
5	8	0	3	0	0	6	10	0
0	0	10	9	0	0	0	6	3
3	0	3	10	6	0	0	0	9
8	0	0	0	10	6	0	0	5
8	6	8	4	0	3	9	5	0

0	99	100	97	99	0	98	95	98
99	0	98	97	99	0	0	0	99
100	98	0	0	0	99	96	0	99
97	97	0	0	95	97	98	0	98
99	99	0	95	0	0	99	98	0
0	0	99	97	0	0	0	97	99
98	0	96	98	99	0	0	0	96
95	0	0	0	98	97	0	0	97
98	99	99	98	0	99	96	97	0

0	16	3	26	4	0	2	9	3
16	0	14	17	7	0	0	0	11
3	14	0	0	0	2	18	0	14
26	17	0	0	10	43	0	0	2
4	7	0	10	0	0	33	1	0
0	0	2	43	0	0	0	28	4
2	0	18	0	33	0	0	0	47
9	0	0	0	1	28	0	0	9
3	11	14	2	0	4	47	9	0

31	17
15	23
22	28
13	48
45	40
42	19
38	22
12	41
42	50
