0	0	1	1	1	0	1	1	0
0	0	1	1	1	1	1	1	1
1	1	0	1	1	1	1	1	0
1	1	1	0	0	1	1	1	0
1	1	1	0	0	0	1	1	0
0	1	1	1	0	0	0	1	1
1	1	1	1	1	0	0	1	0
1	1	1	1	1	1	1	0	1
0	1	0	0	0	1	0	1	0

0	0	30	11	19	0	25	41	0
0	0	49	7	39	45	25	10	22
30	49	0	17	16	12	8	41	0
11	7	17	0	0	14	22	11	0
19	39	16	0	0	0	42	45	0
0	45	12	14	0	0	0	24	19
25	25	8	22	42	0	0	51	0
41	10	41	11	45	24	51	0	16
0	22	0	0	0	19	0	16	0

0	0	5	4	6	0	7	3	0
0	0	6	4	5	4	7	8	7
5	6	0	5	5	6	3	8	0
4	4	5	0	0	6	7	5	0
6	5	5	0	0	0	3	4	0
0	4	6	6	0	0	0	6	3
7	7	3	7	3	0	0	8	0
3	8	8	5	4	6	8	0	6
0	7	0	0	0	3	0	6	0

0	0	98	100	98	0	97	95	0
0	0	98	100	97	98	99	96	96
98	98	0	100	100	99	97	99	0
100	100	100	0	0	98	99	100	0
98	97	100	0	0	0	97	96	0
0	98	99	98	0	0	0	97	99
97	99	97	99	97	0	0	100	0
95	96	99	100	96	97	100	0	96
0	96	0	0	0	99	0	96	0

0	0	6	9	0	0	21	5	0
0	0	0	46	6	5	25	21	22
6	0	0	13	35	5	6	6	0
9	46	13	0	0	25	3	37	0
0	6	35	0	0	0	12	8	0
0	5	5	25	0	0	0	8	18
21	25	6	3	12	0	0	1	0
5	21	6	37	8	8	1	0	9
0	22	0	0	0	18	0	9	0

39	47
48	26
35	26
38	21
21	25
19	23
46	25
46	19
30	12
