0	0	1	0	1	1	0	0
0	0	1	0	0	1	1	1
1	1	0	1	0	1	0	1
0	0	1	0	1	0	1	1
1	0	0	1	0	0	1	1
1	1	1	0	0	0	1	0
0	1	0	1	1	1	0	0
0	1	1	1	1	0	0	0

0	0	19	0	32	40	0	0
0	0	38	0	0	50	34	24
19	38	0	23	0	39	0	21
0	0	23	0	8	0	10	8
32	0	0	8	0	0	32	9
40	50	39	0	0	0	14	0
0	34	0	10	32	14	0	0
0	24	21	8	9	0	0	0

0	0	3	0	6	4	0	0
0	0	6	0	0	5	3	7
3	6	0	10	0	8	0	10
0	0	10	0	5	0	9	10
6	0	0	5	0	0	5	5
4	5	8	0	0	0	8	0
0	3	0	9	5	8	0	0
0	7	10	10	5	0	0	0

0	0	100	0	97	99	0	0
0	0	96	0	0	96	95	98
100	96	0	99	0	99	0	96
0	0	99	0	95	0	100	96
97	0	0	95	0	0	98	96
99	96	99	0	0	0	98	0
0	95	0	100	98	98	0	0
0	98	96	96	96	0	0	0

0	0	1	0	22	9	0	0
0	0	7	0	0	2	6	1
1	7	0	26	0	9	0	11
0	0	26	0	0	0	34	30
22	0	0	0	0	0	20	9
9	2	9	0	0	0	21	0
0	6	0	34	20	21	0	0
0	1	11	30	9	0	0	0

14	26
38	13
28	12
38	35
47	35
46	28
40	26
23	20
