0	1	1	1	1	1	1	1	0
1	0	0	0	0	0	0	1	1
1	0	0	0	0	0	1	1	1
1	0	0	0	1	1	1	1	1
1	0	0	1	0	1	0	0	1
1	0	0	1	1	0	1	0	1
1	0	1	1	0	1	0	1	0
1	1	1	1	0	0	1	0	0
0	1	1	1	1	1	0	0	0

0	13	47	47	6	36	18	20	0
13	0	0	0	0	0	0	32	8
47	0	0	0	0	0	16	12	20
47	0	0	0	54	26	27	44	26
6	0	0	54	0	13	0	0	41
36	0	0	26	13	0	10	0	48
18	0	16	27	0	10	0	40	0
20	32	12	44	0	0	40	0	0
0	8	20	26	41	48	0	0	0

0	6	10	10	8	5	3	10	0
6	0	0	0	0	0	0	9	5
10	0	0	0	0	0	7	8	9
10	0	0	0	4	7	7	7	5
8	0	0	4	0	6	0	0	5
5	0	0	7	6	0	4	0	7
3	0	7	7	0	4	0	3	0
10	9	8	7	0	0	3	0	0
0	5	9	5	5	7	0	0	0

0	97	99	97	95	97	97	99	0
97	0	0	0	0	0	0	95	98
99	0	0	0	0	0	98	98	95
97	0	0	0	96	99	99	100	95
95	0	0	96	0	100	0	0	98
97	0	0	99	100	0	100	0	98
97	0	98	99	0	100	0	96	0
99	95	98	100	0	0	96	0	0
0	98	95	95	98	98	0	0	0

0	21	4	3	7	2	12	21	0
21	0	0	0	0	0	0	15	10
4	0	0	0	0	0	10	16	31
3	0	0	0	1	6	14	0	28
7	0	0	1	0	38	0	0	4
2	0	0	6	38	0	44	0	7
12	0	10	14	0	44	0	11	0
21	15	16	0	0	0	11	0	0
0	10	31	28	4	7	0	0	0

13	26
43	32
48	44
42	37
37	32
48	13
49	10
36	49
48	30
