0	1	1	0	1	1	0	1
1	0	0	1	0	1	1	0
1	0	0	1	0	1	1	1
0	1	1	0	1	0	1	1
1	0	0	1	0	0	1	0
1	1	1	0	0	0	0	1
0	1	1	1	1	0	0	1
1	0	1	1	0	1	1	0

0	48	36	0	30	41	0	38
48	0	0	35	0	33	35	0
36	0	0	23	0	5	5	49
0	35	23	0	46	0	18	11
30	0	0	46	0	0	16	0
41	33	5	0	0	0	0	29
0	35	5	18	16	0	0	36
38	0	49	11	0	29	36	0

0	4	6	0	10	8	0	9
4	0	0	5	0	7	8	0
6	0	0	6	0	5	9	5
0	5	6	0	8	0	7	6
10	0	0	8	0	0	4	0
8	7	5	0	0	0	0	3
0	8	9	7	4	0	0	5
9	0	5	6	0	3	5	0

0	96	98	0	98	99	0	99
96	0	0	97	0	95	97	0
98	0	0	100	0	96	99	97
0	97	100	0	98	0	100	96
98	0	0	98	0	0	97	0
99	95	96	0	0	0	0	99
0	97	99	100	97	0	0	97
99	0	97	96	0	99	97	0

0	1	7	0	7	8	0	11
1	0	0	19	0	2	13	0
7	0	0	6	0	46	37	2
0	19	6	0	6	0	7	33
7	0	0	6	0	0	19	0
8	2	46	0	0	0	0	2
0	13	37	7	19	0	0	2
11	0	2	33	0	2	2	0

44	24
38	26
30	45
23	38
11	21
28	47
13	10
45	43
