0	0	1	1	1	1	0
0	0	1	0	1	1	1
1	1	0	0	0	1	1
1	0	0	0	1	1	1
1	1	0	1	0	1	1
1	1	1	1	1	0	1
0	1	1	1	1	1	0

0	0	17	23	31	42	0
0	0	20	0	44	39	48
17	20	0	0	0	53	32
23	0	0	0	44	53	11
31	44	0	44	0	42	47
42	39	53	53	42	0	50
0	48	32	11	47	50	0

0	0	9	8	3	7	0
0	0	7	0	4	8	10
9	7	0	0	0	4	8
8	0	0	0	3	4	6
3	4	0	3	0	7	8
7	8	4	4	7	0	7
0	10	8	6	8	7	0

0	0	97	98	97	97	0
0	0	100	0	97	95	100
97	100	0	0	0	98	97
98	0	0	0	100	96	99
97	97	0	100	0	100	100
97	95	98	96	100	0	100
0	100	97	99	100	100	0

0	0	18	12	15	8	0
0	0	13	0	4	15	3
18	13	0	0	0	2	12
12	0	0	0	1	0	29
15	4	0	1	0	8	2
8	15	2	0	8	0	4
0	3	12	29	2	4	0

22	26
18	33
18	35
30	14
28	33
19	34
37	34
