0	1	1	1	1	1	0
1	0	1	0	0	1	1
1	1	0	1	1	1	1
1	0	1	0	1	1	1
1	0	1	1	0	0	1
1	1	1	1	0	0	1
0	1	1	1	1	1	0

0	12	55	55	24	5	0
12	0	16	0	0	14	8
55	16	0	26	52	5	26
55	0	26	0	40	43	30
24	0	52	40	0	0	22
5	14	5	43	0	0	51
0	8	26	30	22	51	0

0	7	6	3	8	7	0
7	0	9	0	0	3	4
6	9	0	10	7	9	8
3	0	10	0	9	10	7
8	0	7	9	0	0	9
7	3	9	10	0	0	5
0	4	8	7	9	5	0

0	98	95	99	97	97	0
98	0	97	0	0	96	96
95	97	0	100	99	95	96
99	0	100	0	98	95	97
97	0	99	98	0	0	95
97	96	95	95	0	0	98
0	96	96	97	95	98	0

0	34	0	0	2	48	0
34	0	6	0	0	35	41
0	6	0	22	1	2	25
0	0	22	0	8	10	5
2	0	1	8	0	0	18
48	35	2	10	0	0	3
0	41	25	5	18	3	0

50	15
23	12
38	22
33	42
18	40
50	20
47	47
