0	0	0	1	1	0	0	1	0
0	0	1	1	1	1	1	1	0
0	1	0	0	1	1	1	0	0
1	1	0	0	0	1	1	1	1
1	1	1	0	0	1	1	1	1
0	1	1	1	1	0	1	1	1
0	1	1	1	1	1	0	0	0
1	1	0	1	1	1	0	0	1
0	0	0	1	1	1	0	1	0

0	0	0	52	34	0	0	31	0
0	0	15	35	14	9	29	44	0
0	15	0	0	28	6	14	0	0
52	35	0	0	0	15	43	16	16
34	14	28	0	0	29	15	23	50
0	9	6	15	29	0	20	25	29
0	29	14	43	15	20	0	0	0
31	44	0	16	23	25	0	0	25
0	0	0	16	50	29	0	25	0

0	0	0	4	6	0	0	4	0
0	0	5	3	10	8	3	9	0
0	5	0	0	5	4	7	0	0
4	3	0	0	0	9	9	6	10
6	10	5	0	0	4	9	10	5
0	8	4	9	4	0	7	5	8
0	3	7	9	9	7	0	0	0
4	9	0	6	10	5	0	0	8
0	0	0	10	5	8	0	8	0

0	0	0	96	95	0	0	98	0
0	0	95	98	98	98	99	95	0
0	95	0	0	96	97	97	0	0
96	98	0	0	0	95	96	97	97
95	98	96	0	0	96	96	100	98
0	98	97	95	96	0	96	95	99
0	99	97	96	96	96	0	0	0
98	95	0	97	100	95	0	0	95
0	0	0	97	98	99	0	95	0

0	0	0	2	16	0	0	19	0
0	0	23	12	30	8	25	11	0
0	23	0	0	5	42	32	0	0
2	12	0	0	0	27	4	28	4
16	30	5	0	0	24	40	0	4
0	8	42	27	24	0	26	0	9
0	25	32	4	40	26	0	0	0
19	11	0	28	0	0	0	0	12
0	0	0	4	4	9	0	12	0

18	50
20	37
21	33
24	48
10	13
12	15
26	34
38	25
24	39
