0	1	0	1	0	1	1	1	1	1
1	0	0	1	1	1	1	1	0	0
0	0	0	0	1	0	1	1	0	1
1	1	0	0	1	1	0	1	1	0
0	1	1	1	0	1	1	1	1	0
1	1	0	1	1	0	1	1	0	1
1	1	1	0	1	1	0	1	1	1
1	1	1	1	1	1	1	0	0	0
1	0	0	1	1	0	1	0	0	0
1	0	1	0	0	1	1	0	0	0

0	9	0	18	0	33	31	11	37	21
9	0	0	28	32	28	35	30	0	0
0	0	0	0	19	0	11	19	0	48
18	28	0	0	7	5	0	11	7	0
0	32	19	7	0	47	53	9	16	0
33	28	0	5	47	0	45	10	0	51
31	35	11	0	53	45	0	18	53	44
11	30	19	11	9	10	18	0	0	0
37	0	0	7	16	0	53	0	0	0
21	0	48	0	0	51	44	0	0	0

0	3	0	10	0	3	9	3	9	3
3	0	0	4	6	4	6	9	0	0
0	0	0	0	6	0	6	6	0	9
10	4	0	0	6	10	0	3	4	0
0	6	6	6	0	5	5	10	7	0
3	4	0	10	5	0	6	6	0	9
9	6	6	0	5	6	0	9	4	4
3	9	6	3	10	6	9	0	0	0
9	0	0	4	7	0	4	0	0	0
3	0	9	0	0	9	4	0	0	0

0	95	0	95	0	100	99	99	95	96
95	0	0	100	99	100	97	98	0	0
0	0	0	0	95	0	98	95	0	99
95	100	0	0	95	96	0	98	98	0
0	99	95	95	0	98	95	96	96	0
100	100	0	96	98	0	98	95	0	95
99	97	98	0	95	98	0	100	97	99
99	98	95	98	96	95	100	0	0	0
95	0	0	98	96	0	97	0	0	0
96	0	99	0	0	95	99	0	0	0

0	29	0	5	0	22	15	24	17	32
29	0	0	4	22	4	16	7	0	0
0	0	0	0	7	0	23	36	0	2
5	4	0	0	44	8	0	21	0	0
0	22	7	44	0	4	1	28	14	0
22	4	0	8	4	0	0	44	0	2
15	16	23	0	1	0	0	29	2	4
24	7	36	21	28	44	29	0	0	0
17	0	0	0	14	0	2	0	0	0
32	0	2	0	0	2	4	0	0	0

27	30
25	31
32	32
44	42
18	12
30	21
41	39
32	11
12	14
41	20
