0	1	1	1	0	1	0	1	1	1
1	0	0	0	1	1	1	0	1	0
1	0	0	1	1	1	0	1	0	1
1	0	1	0	1	1	0	1	1	1
0	1	1	1	0	1	1	1	1	0
1	1	1	1	1	0	1	1	1	1
0	1	0	0	1	1	0	1	0	0
1	0	1	1	1	1	1	0	1	1
1	1	0	1	1	1	0	1	0	0
1	0	1	1	0	1	0	1	0	0

0	22	10	25	0	17	0	17	53	20
22	0	0	0	28	48	27	0	10	0
10	0	0	8	31	26	0	27	0	53
25	0	8	0	46	10	0	53	37	45
0	28	31	46	0	17	28	7	27	0
17	48	26	10	17	0	15	11	45	25
0	27	0	0	28	15	0	9	0	0
17	0	27	53	7	11	9	0	15	19
53	10	0	37	27	45	0	15	0	0
20	0	53	45	0	25	0	19	0	0

0	4	9	7	0	7	0	9	6	8
4	0	0	0	3	4	10	0	5	0
9	0	0	7	5	10	0	7	0	3
7	0	7	0	5	9	0	10	10	4
0	3	5	5	0	9	7	5	8	0
7	4	10	9	9	0	5	3	6	3
0	10	0	0	7	5	0	5	0	0
9	0	7	10	5	3	5	0	9	9
6	5	0	10	8	6	0	9	0	0
8	0	3	4	0	3	0	9	0	0

0	95	95	97	0	97	0	96	98	96
95	0	0	0	97	96	95	0	97	0
95	0	0	98	98	98	0	98	0	100
97	0	98	0	96	95	0	97	99	100
0	97	98	96	0	97	95	99	97	0
97	96	98	95	97	0	99	100	98	95
0	95	0	0	95	99	0	98	0	0
96	0	98	97	99	100	98	0	95	97
98	97	0	99	97	98	0	95	0	0
96	0	100	100	0	95	0	97	0	0

0	15	5	7	0	9	0	36	0	14
15	0	0	0	23	5	7	0	3	0
5	0	0	18	7	26	0	18	0	1
7	0	18	0	0	8	0	2	12	5
0	23	7	0	0	4	21	3	7	0
9	5	26	8	4	0	1	24	8	5
0	7	0	0	21	1	0	39	0	0
36	0	18	2	3	24	39	0	3	35
0	3	0	12	7	8	0	3	0	0
14	0	1	5	0	5	0	35	0	0

19	35
47	35
45	40
43	11
43	10
29	34
23	19
13	24
44	42
19	23
