0	1	1	0	0	1	1
1	0	0	1	0	1	0
1	0	0	0	1	1	1
0	1	0	0	0	1	0
0	0	1	0	0	0	0
1	1	1	1	0	0	0
1	0	1	0	0	0	0

0	27	30	0	0	19	31
27	0	0	29	0	21	0
30	0	0	0	13	18	23
0	29	0	0	0	30	0
0	0	13	0	0	0	0
19	21	18	30	0	0	0
31	0	23	0	0	0	0

0	3	10	0	0	6	5
3	0	0	9	0	6	0
10	0	0	0	3	8	6
0	9	0	0	0	10	0
0	0	3	0	0	0	0
6	6	8	10	0	0	0
5	0	6	0	0	0	0

0	95	100	0	0	97	96
95	0	0	99	0	95	0
100	0	0	0	99	96	99
0	99	0	0	0	95	0
0	0	99	0	0	0	0
97	95	96	95	0	0	0
96	0	99	0	0	0	0

0	27	14	0	0	1	6
27	0	0	19	0	18	0
14	0	0	0	18	8	5
0	19	0	0	0	10	0
0	0	18	0	0	0	0
1	18	8	10	0	0	0
6	0	5	0	0	0	0

25	40
36	20
32	41
24	29
23	48
18	20
42	26
