0	1	1	1	1	1	1	1	1	0
1	0	1	0	1	1	1	1	0	0
1	1	0	1	1	0	1	0	0	1
1	0	1	0	1	1	1	1	1	1
1	1	1	1	0	1	1	1	0	1
1	1	0	1	1	0	1	1	1	1
1	1	1	1	1	1	0	1	1	1
1	1	0	1	1	1	1	0	1	1
1	0	0	1	0	1	1	1	0	1
0	0	1	1	1	1	1	1	1	0

0	34	43	20	11	12	49	39	36	0
34	0	19	0	6	17	27	18	0	0
43	19	0	35	49	0	54	0	0	20
20	0	35	0	38	30	53	5	5	5
11	6	49	38	0	35	32	35	0	29
12	17	0	30	35	0	18	25	7	8
49	27	54	53	32	18	0	30	40	14
39	18	0	5	35	25	30	0	17	26
36	0	0	5	0	7	40	17	0	18
0	0	20	5	29	8	14	26	18	0

0	9	6	5	6	4	7	5	8	0
9	0	9	0	5	10	6	9	0	0
6	9	0	7	9	0	10	0	0	6
5	0	7	0	3	10	8	7	9	4
6	5	9	3	0	3	7	3	0	6
4	10	0	10	3	0	4	9	6	8
7	6	10	8	7	4	0	5	8	10
5	9	0	7	3	9	5	0	5	7
8	0	0	9	0	6	8	5	0	9
0	0	6	4	6	8	10	7	9	0

0	100	96	97	95	98	100	98	98	0
100	0	100	0	95	98	95	96	0	0
96	100	0	97	95	0	100	0	0	100
97	0	97	0	100	96	95	95	98	100
95	95	95	100	0	100	100	96	0	96
98	98	0	96	100	0	96	97	97	98
100	95	100	95	100	96	0	99	97	98
98	96	0	95	96	97	99	0	96	99
98	0	0	98	0	97	97	96	0	97
0	0	100	100	96	98	98	99	97	0

0	0	12	27	39	10	6	13	9	0
0	0	16	0	15	5	7	32	0	0
12	16	0	3	3	0	0	0	0	18
27	0	3	0	11	20	1	39	39	48
39	15	3	11	0	18	14	8	0	1
10	5	0	20	18	0	22	10	42	24
6	7	0	1	14	22	0	12	1	25
13	32	0	39	8	10	12	0	6	21
9	0	0	39	0	42	1	6	0	22
0	0	18	48	1	24	25	21	22	0

20	31
21	43
26	23
24	25
23	41
34	36
40	13
26	36
17	32
50	24
