0	0	1	1	1	0	1	1
0	0	0	1	1	0	1	1
1	0	0	1	1	1	1	1
1	1	1	0	1	0	0	1
1	1	1	1	0	1	0	1
0	0	1	0	1	0	1	0
1	1	1	0	0	1	0	1
1	1	1	1	1	0	1	0

0	0	26	23	49	0	49	12
0	0	0	26	7	0	26	28
26	0	0	30	48	34	18	25
23	26	30	0	12	0	0	43
49	7	48	12	0	7	0	51
0	0	34	0	7	0	35	0
49	26	18	0	0	35	0	33
12	28	25	43	51	0	33	0

0	0	4	4	3	0	3	10
0	0	0	7	4	0	10	4
4	0	0	5	3	10	8	6
4	7	5	0	4	0	0	6
3	4	3	4	0	6	0	9
0	0	10	0	6	0	3	0
3	10	8	0	0	3	0	3
10	4	6	6	9	0	3	0

0	0	97	97	100	0	98	96
0	0	0	99	100	0	98	98
97	0	0	99	100	96	97	97
97	99	99	0	95	0	0	95
100	100	100	95	0	97	0	95
0	0	96	0	97	0	95	0
98	98	97	0	0	95	0	99
96	98	97	95	95	0	99	0

0	0	27	28	4	0	5	39
0	0	0	4	4	0	29	20
27	0	0	17	0	11	16	9
28	4	17	0	9	0	0	7
4	4	0	9	0	17	0	4
0	0	11	0	17	0	15	0
5	29	16	0	0	15	0	0
39	20	9	7	4	0	0	0

48	21
47	37
39	15
38	23
38	19
16	41
24	18
19	36
