0	1	1	1	1	1	0	1
1	0	1	1	1	0	0	1
1	1	0	1	1	1	0	0
1	1	1	0	0	1	1	0
1	1	1	0	0	0	1	0
1	0	1	1	0	0	0	0
0	0	0	1	1	0	0	1
1	1	0	0	0	0	1	0

0	15	52	44	26	46	0	49
15	0	52	51	14	0	0	45
52	52	0	19	40	14	0	0
44	51	19	0	0	30	48	0
26	14	40	0	0	0	9	0
46	0	14	30	0	0	0	0
0	0	0	48	9	0	0	9
49	45	0	0	0	0	9	0

0	6	9	10	5	7	0	6
6	0	10	8	4	0	0	10
9	10	0	4	5	6	0	0
10	8	4	0	0	4	4	0
5	4	5	0	0	0	7	0
7	0	6	4	0	0	0	0
0	0	0	4	7	0	0	7
6	10	0	0	0	0	7	0

0	96	98	95	95	100	0	97
96	0	100	98	98	0	0	95
98	100	0	97	95	100	0	0
95	98	97	0	0	100	99	0
95	98	95	0	0	0	95	0
100	0	100	100	0	0	0	0
0	0	0	99	95	0	0	99
97	95	0	0	0	0	99	0

0	22	1	10	26	6	0	4
22	0	2	4	19	0	0	10
1	2	0	19	3	19	0	0
10	4	19	0	0	3	0	0
26	19	3	0	0	0	31	0
6	0	19	3	0	0	0	0
0	0	0	0	31	0	0	33
4	10	0	0	0	0	33	0

11	35
25	44
34	29
28	36
15	40
40	35
31	23
47	43
