0	1	0	1	1	0	0	1
1	0	1	1	1	1	1	1
0	1	0	1	0	0	0	1
1	1	1	0	1	1	0	1
1	1	0	1	0	1	1	0
0	1	0	1	1	0	1	0
0	1	0	0	1	1	0	1
1	1	1	1	0	0	1	0

0	11	0	22	52	0	0	24
11	0	17	49	51	24	55	46
0	17	0	24	0	0	0	6
22	49	24	0	12	42	0	9
52	51	0	12	0	7	22	0
0	24	0	42	7	0	32	0
0	55	0	0	22	32	0	30
24	46	6	9	0	0	30	0

0	5	0	7	3	0	0	7
5	0	4	3	6	5	9	8
0	4	0	10	0	0	0	8
7	3	10	0	8	4	0	9
3	6	0	8	0	6	8	0
0	5	0	4	6	0	7	0
0	9	0	0	8	7	0	10
7	8	8	9	0	0	10	0

0	95	0	97	99	0	0	99
95	0	99	96	98	96	99	96
0	99	0	100	0	0	0	95
97	96	100	0	98	96	0	99
99	98	0	98	0	98	95	0
0	96	0	96	98	0	100	0
0	99	0	0	95	100	0	98
99	96	95	99	0	0	98	0

0	29	0	8	2	0	0	24
29	0	19	4	3	22	0	4
0	19	0	0	0	0	0	19
8	4	0	0	30	6	0	25
2	3	0	30	0	44	5	0
0	22	0	6	44	0	18	0
0	0	0	0	5	18	0	15
24	4	19	25	0	0	15	0

47	26
46	16
40	30
23	18
13	43
41	14
18	42
37	48
