0	1	0	1	1	1	0	0
1	0	1	0	1	1	1	1
0	1	0	1	1	1	0	1
1	0	1	0	0	1	1	1
1	1	1	0	0	0	0	1
1	1	1	1	0	0	0	1
0	1	0	1	0	0	0	1
0	1	1	1	1	1	1	0

0	52	0	16	39	37	0	0
52	0	30	0	51	7	54	43
0	30	0	36	43	7	0	28
16	0	36	0	0	37	47	17
39	51	43	0	0	0	0	19
37	7	7	37	0	0	0	27
0	54	0	47	0	0	0	44
0	43	28	17	19	27	44	0

0	4	0	4	3	5	0	0
4	0	10	0	5	9	3	7
0	10	0	9	10	5	0	5
4	0	9	0	0	10	9	6
3	5	10	0	0	0	0	4
5	9	5	10	0	0	0	10
0	3	0	9	0	0	0	5
0	7	5	6	4	10	5	0

0	97	0	96	95	98	0	0
97	0	96	0	95	96	95	99
0	96	0	99	99	97	0	100
96	0	99	0	0	100	99	100
95	95	99	0	0	0	0	96
98	96	97	100	0	0	0	99
0	95	0	99	0	0	0	100
0	99	100	100	96	99	100	0

0	0	0	3	0	8	0	0
0	0	15	0	4	13	0	12
0	15	0	0	1	22	0	14
3	0	0	0	0	17	4	20
0	4	1	0	0	0	0	3
8	13	22	17	0	0	0	1
0	0	0	4	0	0	0	0
0	12	14	20	3	1	0	0

34	32
49	30
33	13
17	15
38	47
27	34
25	18
45	36
