0	1	1	1	1	0	1	1
1	0	0	1	1	1	0	0
1	0	0	1	0	0	1	0
1	1	1	0	1	1	0	1
1	1	0	1	0	1	1	0
0	1	0	1	1	0	1	1
1	0	1	0	1	1	0	1
1	0	0	1	0	1	1	0

0	35	46	33	21	0	22	50
35	0	0	8	21	52	0	0
46	0	0	44	0	0	29	0
33	8	44	0	7	25	0	29
21	21	0	7	0	5	51	0
0	52	0	25	5	0	42	21
22	0	29	0	51	42	0	11
50	0	0	29	0	21	11	0

0	7	10	6	9	0	4	8
7	0	0	10	8	3	0	0
10	0	0	9	0	0	10	0
6	10	9	0	5	6	0	9
9	8	0	5	0	4	7	0
0	3	0	6	4	0	7	9
4	0	10	0	7	7	0	7
8	0	0	9	0	9	7	0

0	100	99	97	98	0	100	100
100	0	0	99	97	95	0	0
99	0	0	99	0	0	100	0
97	99	99	0	98	96	0	96
98	97	0	98	0	99	97	0
0	95	0	96	99	0	98	95
100	0	100	0	97	98	0	98
100	0	0	96	0	95	98	0

0	5	0	3	9	0	19	1
5	0	0	7	22	2	0	0
0	0	0	4	0	0	21	0
3	7	4	0	2	25	0	26
9	22	0	2	0	21	2	0
0	2	0	25	21	0	5	4
19	0	21	0	2	5	0	11
1	0	0	26	0	4	11	0

44	46
16	32
29	18
46	24
38	15
20	15
34	32
24	16
