0	0	0	1	1	1	0	1
0	0	0	0	1	0	1	1
0	0	0	1	1	1	1	1
1	0	1	0	1	1	1	1
1	1	1	1	0	1	1	1
1	0	1	1	1	0	0	1
0	1	1	1	1	0	0	0
1	1	1	1	1	1	0	0

0	0	0	15	55	5	0	41
0	0	0	0	36	0	44	44
0	0	0	8	5	28	39	10
15	0	8	0	20	31	54	40
55	36	5	20	0	51	6	15
5	0	28	31	51	0	0	27
0	44	39	54	6	0	0	0
41	44	10	40	15	27	0	0

0	0	0	10	10	5	0	10
0	0	0	0	10	0	4	9
0	0	0	6	3	5	5	6
10	0	6	0	6	9	5	4
10	10	3	6	0	5	6	6
5	0	5	9	5	0	0	6
0	4	5	5	6	0	0	0
10	9	6	4	6	6	0	0

0	0	0	100	97	98	0	100
0	0	0	0	98	0	95	98
0	0	0	98	97	97	97	96
100	0	98	0	100	96	96	100
97	98	97	100	0	100	98	96
98	0	97	96	100	0	0	96
0	95	97	96	98	0	0	0
100	98	96	100	96	96	0	0

0	0	0	9	0	22	0	1
0	0	0	0	9	0	6	9
0	0	0	38	46	0	10	39
9	0	38	0	27	16	0	13
0	9	46	27	0	0	4	2
22	0	0	16	0	0	0	1
0	6	10	0	4	0	0	0
1	9	39	13	2	1	0	0

19	46
34	14
37	39
24	17
38	40
42	12
43	31
24	17
