0	0	1	1	1	0	1	0	1
0	0	1	1	1	1	1	0	0
1	1	0	1	0	1	1	1	1
1	1	1	0	1	1	0	1	1
1	1	0	1	0	1	0	0	1
0	1	1	1	1	0	1	1	0
1	1	1	0	0	1	0	0	1
0	0	1	1	0	1	0	0	1
1	0	1	1	1	0	1	1	0

0	0	17	46	14	0	52	0	49
0	0	24	21	26	5	12	0	0
17	24	0	51	0	21	39	24	20
46	21	51	0	50	55	0	38	54
14	26	0	50	0	30	0	0	14
0	5	21	55	30	0	46	46	0
52	12	39	0	0	46	0	0	31
0	0	24	38	0	46	0	0	55
49	0	20	54	14	0	31	55	0

0	0	7	5	3	0	9	0	8
0	0	3	4	4	7	3	0	0
7	3	0	10	0	8	7	6	4
5	4	10	0	7	5	0	3	4
3	4	0	7	0	4	0	0	3
0	7	8	5	4	0	6	5	0
9	3	7	0	0	6	0	0	9
0	0	6	3	0	5	0	0	6
8	0	4	4	3	0	9	6	0

0	0	98	100	97	0	96	0	95
0	0	100	96	95	96	98	0	0
98	100	0	97	0	98	96	98	99
100	96	97	0	100	95	0	95	98
97	95	0	100	0	97	0	0	100
0	96	98	95	97	0	99	97	0
96	98	96	0	0	99	0	0	100
0	0	98	95	0	97	0	0	100
95	0	99	98	100	0	100	100	0

0	0	1	7	6	0	0	0	2
0	0	3	21	21	4	23	0	0
1	3	0	1	0	31	15	4	32
7	21	1	0	4	0	0	10	1
6	21	0	4	0	0	0	0	40
0	4	31	0	0	0	1	5	0
0	23	15	0	0	1	0	0	9
0	0	4	10	0	5	0	0	0
2	0	32	1	40	0	9	0	0

28	25
15	35
24	44
26	15
39	40
17	17
13	27
26	18
10	27
