0	1	0	1	1	1	0	1	1	0
1	0	0	0	1	1	0	1	1	0
0	0	0	1	1	1	1	1	1	1
1	0	1	0	1	0	1	1	1	1
1	1	1	1	0	1	1	1	0	1
1	1	1	0	1	0	0	0	1	1
0	0	1	1	1	0	0	1	1	1
1	1	1	1	1	0	1	0	0	1
1	1	1	1	0	1	1	0	0	1
0	0	1	1	1	1	1	1	1	0

0	15	0	14	9	13	0	42	39	0
15	0	0	0	52	20	0	17	8	0
0	0	0	33	53	9	19	41	5	49
14	0	33	0	24	0	42	33	31	16
9	52	53	24	0	30	19	24	0	50
13	20	9	0	30	0	0	0	14	39
0	0	19	42	19	0	0	35	26	33
42	17	41	33	24	0	35	0	0	35
39	8	5	31	0	14	26	0	0	49
0	0	49	16	50	39	33	35	49	0

0	7	0	9	9	7	0	3	7	0
7	0	0	0	9	5	0	4	8	0
0	0	0	10	6	6	5	6	7	9
9	0	10	0	9	0	10	7	9	5
9	9	6	9	0	6	10	10	0	5
7	5	6	0	6	0	0	0	7	10
0	0	5	10	10	0	0	8	8	10
3	4	6	7	10	0	8	0	0	8
7	8	7	9	0	7	8	0	0	4
0	0	9	5	5	10	10	8	4	0

0	98	0	100	97	98	0	98	99	0
98	0	0	0	100	99	0	98	97	0
0	0	0	100	96	95	95	99	98	96
100	0	100	0	96	0	100	100	95	95
97	100	96	96	0	98	100	97	0	100
98	99	95	0	98	0	0	0	100	99
0	0	95	100	100	0	0	98	99	97
98	98	99	100	97	0	98	0	0	98
99	97	98	95	0	100	99	0	0	100
0	0	96	95	100	99	97	98	100	0

0	21	0	16	7	35	0	7	0	0
21	0	0	0	3	27	0	34	8	0
0	0	0	15	2	2	13	4	11	1
16	0	15	0	18	0	6	10	5	11
7	3	2	18	0	5	3	9	0	1
35	27	2	0	5	0	0	0	17	0
0	0	13	6	3	0	0	5	5	3
7	34	4	10	9	0	5	0	0	18
0	8	11	5	0	17	5	0	0	4
0	0	1	11	1	0	3	18	4	0

30	18
17	25
41	44
50	28
42	38
12	42
46	18
17	47
39	46
27	10
