0	1	0	1	1	0	1	1	0	1
1	0	1	1	1	0	1	1	1	1
0	1	0	1	1	1	1	1	1	0
1	1	1	0	1	0	0	0	1	1
1	1	1	1	0	1	0	0	0	0
0	0	1	0	1	0	1	1	1	1
1	1	1	0	0	1	0	0	1	1
1	1	1	0	0	1	0	0	1	1
0	1	1	1	0	1	1	1	0	1
1	1	0	1	0	1	1	1	1	0

0	20	0	16	6	0	49	31	0	34
20	0	11	55	41	0	12	5	31	24
0	11	0	49	49	15	33	22	30	0
16	55	49	0	41	0	0	0	24	38
6	41	49	41	0	50	0	0	0	0
0	0	15	0	50	0	7	7	28	39
49	12	33	0	0	7	0	0	16	37
31	5	22	0	0	7	0	0	17	18
0	31	30	24	0	28	16	17	0	9
34	24	0	38	0	39	37	18	9	0

0	10	0	3	7	0	6	7	0	6
10	0	4	7	6	0	5	7	5	8
0	4	0	9	3	5	4	3	6	0
3	7	9	0	8	0	0	0	8	5
7	6	3	8	0	7	0	0	0	0
0	0	5	0	7	0	9	6	6	6
6	5	4	0	0	9	0	0	6	10
7	7	3	0	0	6	0	0	10	4
0	5	6	8	0	6	6	10	0	6
6	8	0	5	0	6	10	4	6	0

0	96	0	97	97	0	96	97	0	99
96	0	96	95	96	0	97	95	97	97
0	96	0	97	100	100	96	99	100	0
97	95	97	0	95	0	0	0	95	97
97	96	100	95	0	96	0	0	0	0
0	0	100	0	96	0	98	95	100	98
96	97	96	0	0	98	0	0	96	99
97	95	99	0	0	95	0	0	100	97
0	97	100	95	0	100	96	100	0	97
99	97	0	97	0	98	99	97	97	0

0	5	0	0	34	0	4	1	0	9
5	0	0	0	4	0	19	38	15	3
0	0	0	6	5	34	10	10	20	0
0	0	6	0	9	0	0	0	0	12
34	4	5	9	0	0	0	0	0	0
0	0	34	0	0	0	25	32	1	6
4	19	10	0	0	25	0	0	39	8
1	38	10	0	0	32	0	0	35	4
0	15	20	0	0	1	39	35	0	40
9	3	0	12	0	6	8	4	40	0

42	33
49	40
31	38
45	26
27	26
35	35
13	45
44	50
32	50
41	37
