0	1	1	0	1	1	1	0
1	0	1	1	1	0	0	1
1	1	0	1	1	1	1	0
0	1	1	0	0	0	1	1
1	1	1	0	0	1	0	1
1	0	1	0	1	0	1	0
1	0	1	1	0	1	0	1
0	1	0	1	1	0	1	0

0	16	21	0	24	6	13	0
16	0	31	21	10	0	0	11
21	31	0	48	32	21	31	0
0	21	48	0	0	0	32	38
24	10	32	0	0	37	0	40
6	0	21	0	37	0	17	0
13	0	31	32	0	17	0	26
0	11	0	38	40	0	26	0

0	7	5	0	5	7	7	0
7	0	6	7	5	0	0	6
5	6	0	8	9	7	9	0
0	7	8	0	0	0	5	9
5	5	9	0	0	9	0	8
7	0	7	0	9	0	9	0
7	0	9	5	0	9	0	8
0	6	0	9	8	0	8	0

0	99	97	0	99	97	99	0
99	0	97	98	98	0	0	99
97	97	0	100	95	98	96	0
0	98	100	0	0	0	97	98
99	98	95	0	0	95	0	96
97	0	98	0	95	0	99	0
99	0	96	97	0	99	0	95
0	99	0	98	96	0	95	0

0	23	23	0	3	28	8	0
23	0	6	33	24	0	0	1
23	6	0	0	1	7	7	0
0	33	0	0	0	0	15	11
3	24	1	0	0	0	0	1
28	0	7	0	0	0	2	0
8	0	7	15	0	2	0	19
0	1	0	11	1	0	19	0

13	10
47	34
29	47
36	37
38	31
50	28
14	43
21	15
