0	1	0	0	0	0	1	1	0
1	0	1	0	0	1	1	0	1
0	1	0	1	0	1	1	1	1
0	0	1	0	1	0	1	1	1
0	0	0	1	0	1	1	1	1
0	1	1	0	1	0	1	1	1
1	1	1	1	1	1	0	1	1
1	0	1	1	1	1	1	0	1
0	1	1	1	1	1	1	1	0

0	22	0	0	0	0	18	42	0
22	0	31	0	0	54	47	0	6
0	31	0	24	0	13	17	28	31
0	0	24	0	27	0	34	37	11
0	0	0	27	0	5	25	29	47
0	54	13	0	5	0	34	34	11
18	47	17	34	25	34	0	35	27
42	0	28	37	29	34	35	0	37
0	6	31	11	47	11	27	37	0

0	5	0	0	0	0	4	3	0
5	0	6	0	0	9	8	0	8
0	6	0	5	0	7	9	8	10
0	0	5	0	8	0	5	9	3
0	0	0	8	0	9	6	7	7
0	9	7	0	9	0	6	4	3
4	8	9	5	6	6	0	8	10
3	0	8	9	7	4	8	0	7
0	8	10	3	7	3	10	7	0

0	99	0	0	0	0	96	97	0
99	0	100	0	0	99	98	0	95
0	100	0	98	0	97	98	100	99
0	0	98	0	95	0	96	99	100
0	0	0	95	0	99	100	95	99
0	99	97	0	99	0	98	100	97
96	98	98	96	100	98	0	96	96
97	0	100	99	95	100	96	0	95
0	95	99	100	99	97	96	95	0

0	29	0	0	0	0	24	0	0
29	0	4	0	0	0	2	0	35
0	4	0	26	0	9	20	7	15
0	0	26	0	25	0	10	3	20
0	0	0	25	0	18	26	7	2
0	0	9	0	18	0	14	10	40
24	2	20	10	26	14	0	5	23
0	0	7	3	7	10	5	0	5
0	35	15	20	2	40	23	5	0

29	42
33	10
23	50
48	33
45	27
23	30
29	12
33	17
24	35
