0	1	0	1	1	1	1	1
1	0	0	1	1	1	1	1
0	0	0	1	1	0	0	1
1	1	1	0	0	1	1	0
1	1	1	0	0	0	1	1
1	1	0	1	0	0	0	0
1	1	0	1	1	0	0	1
1	1	1	0	1	0	1	0

0	37	0	39	46	32	20	48
37	0	0	55	41	15	9	35
0	0	0	44	36	0	0	14
39	55	44	0	0	54	14	0
46	41	36	0	0	0	19	39
32	15	0	54	0	0	0	0
20	9	0	14	19	0	0	36
48	35	14	0	39	0	36	0

0	3	0	3	5	6	4	3
3	0	0	6	10	5	4	8
0	0	0	8	9	0	0	4
3	6	8	0	0	4	6	0
5	10	9	0	0	0	5	8
6	5	0	4	0	0	0	0
4	4	0	6	5	0	0	4
3	8	4	0	8	0	4	0

0	99	0	98	99	95	96	99
99	0	0	100	99	97	99	97
0	0	0	95	96	0	0	99
98	100	95	0	0	96	97	0
99	99	96	0	0	0	100	97
95	97	0	96	0	0	0	0
96	99	0	97	100	0	0	97
99	97	99	0	97	0	97	0

0	5	0	15	3	9	29	0
5	0	0	0	3	11	41	16
0	0	0	7	19	0	0	33
15	0	7	0	0	1	37	0
3	3	19	0	0	0	14	3
9	11	0	1	0	0	0	0
29	41	0	37	14	0	0	8
0	16	33	0	3	0	8	0

27	34
20	29
44	47
46	47
24	24
23	39
18	37
11	23
