0	0	1	1	1	1	0	1	1	1
0	0	1	0	1	1	1	1	1	1
1	1	0	1	1	1	0	1	1	0
1	0	1	0	1	1	0	1	1	0
1	1	1	1	0	0	0	1	1	1
1	1	1	1	0	0	1	0	1	1
0	1	0	0	0	1	0	1	1	0
1	1	1	1	1	0	1	0	1	1
1	1	1	1	1	1	1	1	0	0
1	1	0	0	1	1	0	1	0	0

0	0	45	49	12	41	0	14	24	50
0	0	40	0	53	46	6	16	15	46
45	40	0	19	6	14	0	33	36	0
49	0	19	0	45	15	0	47	35	0
12	53	6	45	0	0	0	34	28	16
41	46	14	15	0	0	31	0	18	54
0	6	0	0	0	31	0	18	20	0
14	16	33	47	34	0	18	0	16	38
24	15	36	35	28	18	20	16	0	0
50	46	0	0	16	54	0	38	0	0

0	0	4	9	4	9	0	3	8	8
0	0	8	0	3	3	10	4	9	5
4	8	0	5	5	5	0	5	7	0
9	0	5	0	3	4	0	3	3	0
4	3	5	3	0	0	0	6	4	3
9	3	5	4	0	0	10	0	3	8
0	10	0	0	0	10	0	8	7	0
3	4	5	3	6	0	8	0	10	9
8	9	7	3	4	3	7	10	0	0
8	5	0	0	3	8	0	9	0	0

0	0	99	100	95	96	0	97	100	100
0	0	99	0	96	96	99	100	96	99
99	99	0	99	95	96	0	98	95	0
100	0	99	0	100	99	0	95	95	0
95	96	95	100	0	0	0	99	99	97
96	96	96	99	0	0	98	0	95	98
0	99	0	0	0	98	0	98	100	0
97	100	98	95	99	0	98	0	98	99
100	96	95	95	99	95	100	98	0	0
100	99	0	0	97	98	0	99	0	0

0	0	2	2	24	6	0	10	18	5
0	0	2	0	2	8	43	15	0	7
2	2	0	22	37	39	0	20	14	0
2	0	22	0	0	24	0	6	13	0
24	2	37	0	0	0	0	17	15	20
6	8	39	24	0	0	19	0	23	1
0	43	0	0	0	19	0	3	17	0
10	15	20	6	17	0	3	0	7	9
18	0	14	13	15	23	17	7	0	0
5	7	0	0	20	1	0	9	0	0

27	12
15	17
49	43
17	22
18	30
19	37
38	17
22	34
38	12
28	21
