0	1	1	1	1	1	0
1	0	0	1	1	1	1
1	0	0	1	1	0	1
1	1	1	0	0	1	1
1	1	1	0	0	0	0
1	1	0	1	0	0	1
0	1	1	1	0	1	0

0	34	25	26	21	50	0
34	0	0	7	50	33	53
25	0	0	36	15	0	54
26	7	36	0	0	28	13
21	50	15	0	0	0	0
50	33	0	28	0	0	15
0	53	54	13	0	15	0

0	8	4	5	8	8	0
8	0	0	8	9	3	7
4	0	0	4	6	0	8
5	8	4	0	0	9	4
8	9	6	0	0	0	0
8	3	0	9	0	0	7
0	7	8	4	0	7	0

0	100	96	99	95	98	0
100	0	0	97	100	98	96
96	0	0	99	99	0	95
99	97	99	0	0	100	96
95	100	99	0	0	0	0
98	98	0	100	0	0	100
0	96	95	96	0	100	0

0	7	20	11	9	5	0
7	0	0	5	0	5	2
20	0	0	7	14	0	1
11	5	7	0	0	21	40
9	0	14	0	0	0	0
5	5	0	21	0	0	23
0	2	1	40	0	23	0

36	20
21	30
42	39
44	14
39	48
18	16
43	35
