0	1	1	1	0	0	1
1	0	0	1	1	1	1
1	0	0	1	1	1	0
1	1	1	0	0	1	1
0	1	1	0	0	1	0
0	1	1	1	1	0	1
1	1	0	1	0	1	0

0	31	36	54	0	0	40
31	0	0	37	42	8	6
36	0	0	45	13	37	0
54	37	45	0	0	47	55
0	42	13	0	0	19	0
0	8	37	47	19	0	51
40	6	0	55	0	51	0

0	9	6	10	0	0	6
9	0	0	5	5	7	3
6	0	0	9	10	4	0
10	5	9	0	0	7	6
0	5	10	0	0	3	0
0	7	4	7	3	0	7
6	3	0	6	0	7	0

0	100	95	96	0	0	95
100	0	0	100	97	99	100
95	0	0	98	95	97	0
96	100	98	0	0	98	98
0	97	95	0	0	97	0
0	99	97	98	97	0	97
95	100	0	98	0	97	0

0	18	2	0	0	0	15
18	0	0	13	8	41	36
2	0	0	8	8	7	0
0	13	8	0	0	4	0
0	8	8	0	0	2	0
0	41	7	4	2	0	3
15	36	0	0	0	3	0

25	26
12	41
50	14
42	17
39	33
46	37
40	23
