0	1	1	0	0	1	1	0	0	1
1	0	1	0	1	1	1	0	1	0
1	1	0	0	1	1	1	0	1	0
0	0	0	0	1	1	0	0	1	1
0	1	1	1	0	1	1	1	0	1
1	1	1	1	1	0	1	0	0	1
1	1	1	0	1	1	0	1	1	0
0	0	0	0	1	0	1	0	1	1
0	1	1	1	0	0	1	1	0	0
1	0	0	1	1	1	0	1	0	0

0	32	30	0	0	35	33	0	0	34
32	0	10	0	7	41	41	0	24	0
30	10	0	0	34	43	9	0	25	0
0	0	0	0	55	31	0	0	16	15
0	7	34	55	0	45	50	50	0	9
35	41	43	31	45	0	22	0	0	54
33	41	9	0	50	22	0	43	34	0
0	0	0	0	50	0	43	0	53	28
0	24	25	16	0	0	34	53	0	0
34	0	0	15	9	54	0	28	0	0

0	7	3	0	0	10	6	0	0	7
7	0	8	0	10	5	8	0	10	0
3	8	0	0	9	3	6	0	10	0
0	0	0	0	6	5	0	0	6	10
0	10	9	6	0	5	10	7	0	10
10	5	3	5	5	0	8	0	0	9
6	8	6	0	10	8	0	6	10	0
0	0	0	0	7	0	6	0	7	8
0	10	10	6	0	0	10	7	0	0
7	0	0	10	10	9	0	8	0	0

0	100	98	0	0	95	99	0	0	96
100	0	98	0	96	99	99	0	96	0
98	98	0	0	99	98	99	0	97	0
0	0	0	0	99	96	0	0	97	98
0	96	99	99	0	98	99	99	0	97
95	99	98	96	98	0	96	0	0	95
99	99	99	0	99	96	0	100	96	0
0	0	0	0	99	0	100	0	96	95
0	96	97	97	0	0	96	96	0	0
96	0	0	98	97	95	0	95	0	0

0	0	0	0	0	11	2	0	0	19
0	0	30	0	30	5	13	0	18	0
0	30	0	0	10	5	23	0	23	0
0	0	0	0	0	20	0	0	1	2
0	30	10	0	0	1	1	5	0	16
11	5	5	20	1	0	15	0	0	1
2	13	23	0	1	15	0	8	16	0
0	0	0	0	5	0	8	0	1	12
0	18	23	1	0	0	16	1	0	0
19	0	0	2	16	1	0	12	0	0

48	41
49	33
33	27
32	20
33	24
36	25
50	29
10	41
38	26
33	24
