0	1	1	1	1	0	0
1	0	0	1	0	1	1
1	0	0	1	0	1	1
1	1	1	0	0	1	0
1	0	0	0	0	0	1
0	1	1	1	0	0	1
0	1	1	0	1	1	0

0	16	47	6	42	0	0
16	0	0	32	0	12	26
47	0	0	49	0	24	18
6	32	49	0	0	46	0
42	0	0	0	0	0	47
0	12	24	46	0	0	9
0	26	18	0	47	9	0

0	5	7	3	3	0	0
5	0	0	9	0	9	3
7	0	0	5	0	8	6
3	9	5	0	0	9	0
3	0	0	0	0	0	10
0	9	8	9	0	0	5
0	3	6	0	10	5	0

0	100	95	98	97	0	0
100	0	0	100	0	99	97
95	0	0	96	0	100	100
98	100	96	0	0	97	0
97	0	0	0	0	0	98
0	99	100	97	0	0	98
0	97	100	0	98	98	0

0	22	4	49	10	0	0
22	0	0	6	0	30	12
4	0	0	2	0	19	8
49	6	2	0	0	2	0
10	0	0	0	0	0	2
0	30	19	2	0	0	18
0	12	8	0	2	18	0

28	25
31	19
25	18
22	48
42	13
18	32
49	21
