0	0	1	1	1	1	1	1	1	1
0	0	1	1	0	1	0	0	1	1
1	1	0	0	1	1	0	1	1	1
1	1	0	0	0	1	1	0	1	1
1	0	1	0	0	1	1	0	1	1
1	1	1	1	1	0	1	1	1	1
1	0	0	1	1	1	0	0	1	0
1	0	1	0	0	1	0	0	1	1
1	1	1	1	1	1	1	1	0	1
1	1	1	1	1	1	0	1	1	0

0	0	51	49	38	43	30	51	17	29
0	0	53	10	0	39	0	0	24	31
51	53	0	0	18	35	0	30	33	53
49	10	0	0	0	55	40	0	28	15
38	0	18	0	0	34	22	0	21	8
43	39	35	55	34	0	41	46	13	55
30	0	0	40	22	41	0	0	33	0
51	0	30	0	0	46	0	0	43	13
17	24	33	28	21	13	33	43	0	52
29	31	53	15	8	55	0	13	52	0

0	0	3	7	7	8	4	10	8	8
0	0	4	3	0	5	0	0	6	5
3	4	0	0	9	10	0	3	9	3
7	3	0	0	0	3	3	0	8	3
7	0	9	0	0	5	10	0	8	8
8	5	10	3	5	0	5	8	8	4
4	0	0	3	10	5	0	0	8	0
10	0	3	0	0	8	0	0	5	4
8	6	9	8	8	8	8	5	0	4
8	5	3	3	8	4	0	4	4	0

0	0	98	100	96	96	97	100	98	98
0	0	97	99	0	95	0	0	98	97
98	97	0	0	100	97	0	100	95	96
100	99	0	0	0	97	97	0	96	96
96	0	100	0	0	100	98	0	100	95
96	95	97	97	100	0	98	100	95	100
97	0	0	97	98	98	0	0	96	0
100	0	100	0	0	100	0	0	98	98
98	98	95	96	100	95	96	98	0	96
98	97	96	96	95	100	0	98	96	0

0	0	3	5	15	5	0	0	13	11
0	0	1	5	0	15	0	0	14	7
3	1	0	0	9	9	0	21	18	2
5	5	0	0	0	0	6	0	4	7
15	0	9	0	0	15	17	0	28	19
5	15	9	0	15	0	2	8	33	0
0	0	0	6	17	2	0	0	11	0
0	0	21	0	0	8	0	0	3	23
13	14	18	4	28	33	11	3	0	2
11	7	2	7	19	0	0	23	2	0

15	11
29	11
27	34
16	37
15	20
12	18
26	32
11	17
38	27
27	22
