0	0	0	0	1	1	1	0	0
0	0	0	1	1	0	1	1	1
0	0	0	1	1	1	1	1	1
0	1	1	0	0	1	1	0	1
1	1	1	0	0	1	1	1	1
1	0	1	1	1	0	1	0	1
1	1	1	1	1	1	0	1	1
0	1	1	0	1	0	1	0	1
0	1	1	1	1	1	1	1	0

0	0	0	0	17	53	33	0	0
0	0	0	8	29	0	45	15	29
0	0	0	55	30	39	44	13	11
0	8	55	0	0	55	46	0	48
17	29	30	0	0	51	55	55	9
53	0	39	55	51	0	15	0	52
33	45	44	46	55	15	0	25	15
0	15	13	0	55	0	25	0	46
0	29	11	48	9	52	15	46	0

0	0	0	0	7	3	3	0	0
0	0	0	10	7	0	9	6	10
0	0	0	6	8	6	8	4	6
0	10	6	0	0	10	4	0	4
7	7	8	0	0	4	10	9	8
3	0	6	10	4	0	5	0	10
3	9	8	4	10	5	0	9	8
0	6	4	0	9	0	9	0	4
0	10	6	4	8	10	8	4	0

0	0	0	0	96	95	97	0	0
0	0	0	99	96	0	97	100	99
0	0	0	95	97	100	96	98	96
0	99	95	0	0	96	99	0	98
96	96	97	0	0	98	95	97	96
95	0	100	96	98	0	100	0	96
97	97	96	99	95	100	0	99	95
0	100	98	0	97	0	99	0	97
0	99	96	98	96	96	95	97	0

0	0	0	0	13	2	22	0	0
0	0	0	5	0	0	5	34	12
0	0	0	0	20	13	3	32	4
0	5	0	0	0	0	6	0	3
13	0	20	0	0	1	0	0	30
2	0	13	0	1	0	4	0	1
22	5	3	6	0	4	0	17	6
0	34	32	0	0	0	17	0	4
0	12	4	3	30	1	6	4	0

28	21
26	36
28	35
45	17
32	40
14	44
19	45
49	23
42	39
