0	0	0	1	0	1	1	1
0	0	0	1	1	1	1	0
0	0	0	1	0	1	1	1
1	1	1	0	1	1	1	0
0	1	0	1	0	1	0	0
1	1	1	1	1	0	1	1
1	1	1	1	0	1	0	1
1	0	1	0	0	1	1	0

0	0	0	43	0	37	40	15
0	0	0	38	9	36	47	0
0	0	0	18	0	19	20	13
43	38	18	0	53	34	40	0
0	9	0	53	0	28	0	0
37	36	19	34	28	0	6	55
40	47	20	40	0	6	0	6
15	0	13	0	0	55	6	0

0	0	0	4	0	3	4	8
0	0	0	9	5	8	4	0
0	0	0	10	0	6	5	4
4	9	10	0	8	8	3	0
0	5	0	8	0	9	0	0
3	8	6	8	9	0	9	9
4	4	5	3	0	9	0	9
8	0	4	0	0	9	9	0

0	0	0	100	0	99	98	97
0	0	0	97	95	99	97	0
0	0	0	96	0	97	99	100
100	97	96	0	96	96	98	0
0	95	0	96	0	97	0	0
99	99	97	96	97	0	95	100
98	97	99	98	0	95	0	99
97	0	100	0	0	100	99	0

0	0	0	10	0	5	7	32
0	0	0	2	2	5	5	0
0	0	0	28	0	26	14	19
10	2	28	0	2	1	9	0
0	2	0	2	0	11	0	0
5	5	26	1	11	0	6	0
7	5	14	9	0	6	0	1
32	0	19	0	0	0	1	0

38	26
21	13
27	11
16	44
33	19
10	24
16	36
30	26
