0	1	0	0	1	1	1	1
1	0	1	0	1	1	1	1
0	1	0	1	0	1	1	1
0	0	1	0	1	0	1	1
1	1	0	1	0	1	1	1
1	1	1	0	1	0	0	1
1	1	1	1	1	0	0	0
1	1	1	1	1	1	0	0

0	24	0	0	30	18	53	15
24	0	41	0	32	52	12	42
0	41	0	45	0	6	35	46
0	0	45	0	31	0	36	36
30	32	0	31	0	27	23	37
18	52	6	0	27	0	0	8
53	12	35	36	23	0	0	0
15	42	46	36	37	8	0	0

0	6	0	0	9	5	7	8
6	0	8	0	6	9	3	9
0	8	0	7	0	4	10	4
0	0	7	0	9	0	8	9
9	6	0	9	0	4	5	6
5	9	4	0	4	0	0	5
7	3	10	8	5	0	0	0
8	9	4	9	6	5	0	0

0	98	0	0	100	96	100	99
98	0	95	0	95	99	99	98
0	95	0	97	0	99	96	97
0	0	97	0	95	0	96	96
100	95	0	95	0	100	97	98
96	99	99	0	100	0	0	100
100	99	96	96	97	0	0	0
99	98	97	96	98	100	0	0

0	10	0	0	3	9	2	18
10	0	2	0	16	1	27	0
0	2	0	3	0	9	9	3
0	0	3	0	2	0	17	1
3	16	0	2	0	14	25	17
9	1	9	0	14	0	0	46
2	27	9	17	25	0	0	0
18	0	3	1	17	46	0	0

19	48
10	15
12	27
43	48
38	48
27	13
48	21
14	32
