0	0	0	1	1	0	1	1
0	0	1	0	1	1	1	1
0	1	0	1	1	0	1	1
1	0	1	0	1	1	1	0
1	1	1	1	0	0	0	1
0	1	0	1	0	0	0	0
1	1	1	1	0	0	0	1
1	1	1	0	1	0	1	0

0	0	0	8	51	0	6	15
0	0	18	0	5	16	38	6
0	18	0	10	6	0	47	15
8	0	10	0	48	43	8	0
51	5	6	48	0	0	0	29
0	16	0	43	0	0	0	0
6	38	47	8	0	0	0	32
15	6	15	0	29	0	32	0

0	0	0	9	10	0	6	5
0	0	7	0	5	10	5	5
0	7	0	5	7	0	5	5
9	0	5	0	7	8	8	0
10	5	7	7	0	0	0	6
0	10	0	8	0	0	0	0
6	5	5	8	0	0	0	10
5	5	5	0	6	0	10	0

0	0	0	99	99	0	97	98
0	0	100	0	100	96	97	98
0	100	0	98	96	0	98	95
99	0	98	0	100	98	95	0
99	100	96	100	0	0	0	95
0	96	0	98	0	0	0	0
97	97	98	95	0	0	0	97
98	98	95	0	95	0	97	0

0	0	0	47	2	0	49	17
0	0	14	0	26	7	6	19
0	14	0	21	45	0	3	18
47	0	21	0	7	11	4	0
2	26	45	7	0	0	0	12
0	7	0	11	0	0	0	0
49	6	3	4	0	0	0	0
17	19	18	0	12	0	0	0

27	32
36	36
44	43
43	49
11	44
30	41
24	32
39	41
