0	0	1	1	1	1	0	1	1
0	0	1	1	1	1	0	0	1
1	1	0	1	0	0	1	1	1
1	1	1	0	0	1	1	1	1
1	1	0	0	0	1	1	1	1
1	1	0	1	1	0	0	1	1
0	0	1	1	1	0	0	1	0
1	0	1	1	1	1	1	0	1
1	1	1	1	1	1	0	1	0

0	0	10	54	38	41	0	21	18
0	0	35	25	6	52	0	0	16
10	35	0	47	0	0	9	46	13
54	25	47	0	0	47	55	41	9
38	6	0	0	0	18	14	51	44
41	52	0	47	18	0	0	33	15
0	0	9	55	14	0	0	28	0
21	0	46	41	51	33	28	0	9
18	16	13	9	44	15	0	9	0

0	0	8	5	9	3	0	7	10
0	0	9	7	6	8	0	0	6
8	9	0	9	0	0	3	4	3
5	7	9	0	0	7	3	3	10
9	6	0	0	0	9	4	8	6
3	8	0	7	9	0	0	8	10
0	0	3	3	4	0	0	8	0
7	0	4	3	8	8	8	0	7
10	6	3	10	6	10	0	7	0

0	0	98	99	98	99	0	95	97
0	0	96	97	98	99	0	0	100
98	96	0	95	0	0	98	96	98
99	97	95	0	0	97	99	100	96
98	98	0	0	0	97	99	97	97
99	99	0	97	97	0	0	99	98
0	0	98	99	99	0	0	95	0
95	0	96	100	97	99	95	0	100
97	100	98	96	97	98	0	100	0

0	0	13	0	1	7	0	34	26
0	0	9	21	12	0	0	0	29
13	9	0	3	0	0	4	1	5
0	21	3	0	0	2	0	4	27
1	12	0	0	0	26	0	2	8
7	0	0	2	26	0	0	16	8
0	0	4	0	0	0	0	27	0
34	0	1	4	2	16	27	0	36
26	29	5	27	8	8	0	36	0

25	21
10	34
30	43
36	31
47	45
15	45
33	13
13	22
49	14
