0	0	1	1	1	1	1	0	1	1
0	0	1	1	1	1	1	1	1	1
1	1	0	1	0	1	1	1	0	1
1	1	1	0	1	1	1	1	1	1
1	1	0	1	0	0	1	1	1	0
1	1	1	1	0	0	1	1	0	1
1	1	1	1	1	1	0	1	1	0
0	1	1	1	1	1	1	0	1	1
1	1	0	1	1	0	1	1	0	0
1	1	1	1	0	1	0	1	0	0

0	0	45	7	50	9	47	0	11	48
0	0	31	36	23	40	13	36	5	20
45	31	0	22	0	43	32	7	0	11
7	36	22	0	19	41	44	31	45	16
50	23	0	19	0	0	50	44	39	0
9	40	43	41	0	0	8	20	0	20
47	13	32	44	50	8	0	31	35	0
0	36	7	31	44	20	31	0	8	35
11	5	0	45	39	0	35	8	0	0
48	20	11	16	0	20	0	35	0	0

0	0	6	4	10	3	3	0	7	5
0	0	10	6	6	7	5	10	7	4
6	10	0	10	0	8	6	9	0	8
4	6	10	0	10	7	8	8	4	9
10	6	0	10	0	0	5	8	4	0
3	7	8	7	0	0	7	7	0	5
3	5	6	8	5	7	0	4	8	0
0	10	9	8	8	7	4	0	10	9
7	7	0	4	4	0	8	10	0	0
5	4	8	9	0	5	0	9	0	0

0	0	96	99	96	95	98	0	98	99
0	0	95	95	97	95	96	95	95	100
96	95	0	100	0	98	100	100	0	96
99	95	100	0	96	98	98	96	96	96
96	97	0	96	0	0	100	95	97	0
95	95	98	98	0	0	95	99	0	98
98	96	100	98	100	95	0	98	95	0
0	95	100	96	95	99	98	0	97	98
98	95	0	96	97	0	95	97	0	0
99	100	96	96	0	98	0	98	0	0

0	0	5	47	5	28	1	0	36	3
0	0	16	16	24	15	42	14	16	30
5	16	0	27	0	7	6	11	0	22
47	16	27	0	26	14	2	21	4	27
5	24	0	26	0	0	0	4	2	0
28	15	7	14	0	0	14	35	0	33
1	42	6	2	0	14	0	11	6	0
0	14	11	21	4	35	11	0	36	8
36	16	0	4	2	0	6	36	0	0
3	30	22	27	0	33	0	8	0	0

23	25
19	13
10	17
49	29
29	26
40	18
11	12
15	20
31	22
31	43
