0	1	1	0	0	1	1
1	0	0	1	0	1	0
1	0	0	0	1	1	1
0	1	0	0	0	1	0
0	0	1	0	0	0	0
1	1	1	1	0	0	0
1	0	1	0	0	0	0

0	48	42	0	0	43	6
48	0	0	52	0	14	0
42	0	0	0	8	38	13
0	52	0	0	0	40	0
0	0	8	0	0	0	0
43	14	38	40	0	0	0
6	0	13	0	0	0	0

0	6	10	0	0	10	10
6	0	0	7	0	4	0
10	0	0	0	7	3	10
0	7	0	0	0	10	0
0	0	7	0	0	0	0
10	4	3	10	0	0	0
10	0	10	0	0	0	0

0	99	96	0	0	96	97
99	0	0	95	0	97	0
96	0	0	0	99	96	100
0	95	0	0	0	98	0
0	0	99	0	0	0	0
96	97	96	98	0	0	0
97	0	100	0	0	0	0

0	0	5	0	0	0	40
0	0	0	1	0	5	0
5	0	0	0	14	13	16
0	1	0	0	0	13	0
0	0	14	0	0	0	0
0	5	13	13	0	0	0
40	0	16	0	0	0	0

27	41
43	42
19	31
33	27
19	33
24	15
20	41
