0	1	0	1	1	1	1	1
1	0	1	1	1	1	0	1
0	1	0	1	1	1	1	0
1	1	1	0	1	1	1	1
1	1	1	1	0	1	1	1
1	1	1	1	1	0	0	0
1	0	1	1	1	0	0	1
1	1	0	1	1	0	1	0

0	40	0	51	48	37	12	51
40	0	7	20	34	13	0	32
0	7	0	27	27	54	23	0
51	20	27	0	48	28	34	13
48	34	27	48	0	13	16	34
37	13	54	28	13	0	0	0
12	0	23	34	16	0	0	47
51	32	0	13	34	0	47	0

0	5	0	8	8	5	10	5
5	0	8	10	3	4	0	9
0	8	0	3	5	5	6	0
8	10	3	0	5	7	5	4
8	3	5	5	0	4	9	9
5	4	5	7	4	0	0	0
10	0	6	5	9	0	0	3
5	9	0	4	9	0	3	0

0	96	0	98	98	96	96	95
96	0	100	96	96	98	0	100
0	100	0	95	99	97	98	0
98	96	95	0	98	100	97	99
98	96	99	98	0	97	97	98
96	98	97	100	97	0	0	0
96	0	98	97	97	0	0	97
95	100	0	99	98	0	97	0

0	5	0	0	0	5	35	2
5	0	36	28	16	31	0	3
0	36	0	18	15	0	12	0
0	28	18	0	4	20	10	13
0	16	15	4	0	39	10	7
5	31	0	20	39	0	0	0
35	0	12	10	10	0	0	2
2	3	0	13	7	0	2	0

39	42
10	45
21	42
17	42
14	11
40	20
43	25
19	50
