0	1	1	1	1	1	1	1
1	0	1	1	1	1	0	1
1	1	0	1	1	0	1	1
1	1	1	0	1	0	1	1
1	1	1	1	0	1	1	1
1	1	0	0	1	0	1	0
1	0	1	1	1	1	0	1
1	1	1	1	1	0	1	0

0	53	8	15	10	31	22	43
53	0	19	45	25	25	0	32
8	19	0	38	21	0	53	50
15	45	38	0	16	0	54	18
10	25	21	16	0	38	6	13
31	25	0	0	38	0	39	0
22	0	53	54	6	39	0	42
43	32	50	18	13	0	42	0

0	4	6	7	6	5	7	5
4	0	7	8	5	10	0	5
6	7	0	7	10	0	7	3
7	8	7	0	10	0	9	9
6	5	10	10	0	9	10	5
5	10	0	0	9	0	4	0
7	0	7	9	10	4	0	10
5	5	3	9	5	0	10	0

0	99	96	97	95	99	99	96
99	0	95	97	100	99	0	99
96	95	0	95	95	0	100	97
97	97	95	0	96	0	97	95
95	100	95	96	0	97	97	100
99	99	0	0	97	0	99	0
99	0	100	97	97	99	0	96
96	99	97	95	100	0	96	0

0	0	45	8	11	14	3	8
0	0	4	7	25	20	0	19
45	4	0	5	23	0	2	3
8	7	5	0	24	0	0	0
11	25	23	24	0	14	22	36
14	20	0	0	14	0	11	0
3	0	2	0	22	11	0	5
8	19	3	0	36	0	5	0

49	13
47	30
20	23
44	39
15	35
36	29
49	28
18	43
