0	1	1	0	1	1	1
1	0	1	0	0	0	1
1	1	0	1	1	1	1
0	0	1	0	1	1	1
1	0	1	1	0	1	0
1	0	1	1	1	0	1
1	1	1	1	0	1	0

0	19	29	0	31	6	26
19	0	7	0	0	0	46
29	7	0	30	40	34	43
0	0	30	0	5	52	32
31	0	40	5	0	12	0
6	0	34	52	12	0	18
26	46	43	32	0	18	0

0	7	8	0	6	7	3
7	0	8	0	0	0	3
8	8	0	3	8	5	7
0	0	3	0	6	6	3
6	0	8	6	0	4	0
7	0	5	6	4	0	7
3	3	7	3	0	7	0

0	97	97	0	96	98	95
97	0	96	0	0	0	95
97	96	0	100	100	99	100
0	0	100	0	97	99	95
96	0	100	97	0	99	0
98	0	99	99	99	0	100
95	95	100	95	0	100	0

0	28	23	0	22	15	17
28	0	25	0	0	0	2
23	25	0	8	10	20	12
0	0	8	0	40	3	18
22	0	10	40	0	42	0
15	0	20	3	42	0	23
17	2	12	18	0	23	0

13	15
45	39
23	39
40	40
23	32
50	25
21	37
