0	1	0	1	0	1	1
1	0	1	0	1	0	0
0	1	0	1	0	0	1
1	0	1	0	1	1	1
0	1	0	1	0	1	0
1	0	0	1	1	0	1
1	0	1	1	0	1	0

0	30	0	27	0	51	42
30	0	21	0	31	0	0
0	21	0	39	0	0	27
27	0	39	0	31	38	55
0	31	0	31	0	46	0
51	0	0	38	46	0	16
42	0	27	55	0	16	0

0	3	0	3	0	3	4
3	0	9	0	3	0	0
0	9	0	10	0	0	5
3	0	10	0	10	7	3
0	3	0	10	0	8	0
3	0	0	7	8	0	5
4	0	5	3	0	5	0

0	99	0	99	0	100	98
99	0	96	0	96	0	0
0	96	0	99	0	0	97
99	0	99	0	98	96	97
0	96	0	98	0	98	0
100	0	0	96	98	0	98
98	0	97	97	0	98	0

0	21	0	6	0	0	4
21	0	20	0	8	0	0
0	20	0	0	0	0	3
6	0	0	0	8	9	0
0	8	0	8	0	6	0
0	0	0	9	6	0	15
4	0	3	0	0	15	0

46	14
24	36
26	39
22	49
38	21
34	10
31	30
