0	1	1	1	1	1	1	1	1	1
1	0	1	1	0	1	0	1	1	1
1	1	0	1	0	1	1	1	1	1
1	1	1	0	1	1	1	1	1	0
1	0	0	1	0	1	1	0	0	1
1	1	1	1	1	0	0	1	0	1
1	0	1	1	1	0	0	1	0	1
1	1	1	1	0	1	1	0	1	1
1	1	1	1	0	0	0	1	0	0
1	1	1	0	1	1	1	1	0	0

0	16	19	31	8	25	36	13	28	54
16	0	38	8	0	11	0	54	30	41
19	38	0	32	0	40	19	29	51	51
31	8	32	0	36	48	42	35	23	0
8	0	0	36	0	16	41	0	0	34
25	11	40	48	16	0	0	38	0	44
36	0	19	42	41	0	0	25	0	11
13	54	29	35	0	38	25	0	47	37
28	30	51	23	0	0	0	47	0	0
54	41	51	0	34	44	11	37	0	0

0	4	3	10	9	5	8	8	5	8
4	0	9	5	0	5	0	8	3	5
3	9	0	4	0	8	9	9	10	3
10	5	4	0	3	4	7	4	3	0
9	0	0	3	0	9	8	0	0	3
5	5	8	4	9	0	0	6	0	3
8	0	9	7	8	0	0	4	0	4
8	8	9	4	0	6	4	0	10	3
5	3	10	3	0	0	0	10	0	0
8	5	3	0	3	3	4	3	0	0

0	99	97	96	99	95	100	100	95	95
99	0	100	95	0	98	0	98	97	95
97	100	0	98	0	99	95	97	100	96
96	95	98	0	99	99	99	97	100	0
99	0	0	99	0	96	96	0	0	100
95	98	99	99	96	0	0	97	0	99
100	0	95	99	96	0	0	98	0	95
100	98	97	97	0	97	98	0	100	100
95	97	100	100	0	0	0	100	0	0
95	95	96	0	100	99	95	100	0	0

0	18	22	20	46	19	0	28	13	1
18	0	13	44	0	21	0	0	25	1
22	13	0	3	0	10	23	17	0	3
20	44	3	0	14	7	4	0	10	0
46	0	0	14	0	15	1	0	0	9
19	21	10	7	15	0	0	13	0	2
0	0	23	4	1	0	0	5	0	44
28	0	17	0	0	13	5	0	5	16
13	25	0	10	0	0	0	5	0	0
1	1	3	0	9	2	44	16	0	0

23	44
43	34
23	38
23	41
30	29
43	10
50	19
41	43
47	33
14	31
