0	0	1	0	1	1	0	1	1
0	0	1	0	0	1	0	1	0
1	1	0	1	1	0	0	0	1
0	0	1	0	1	1	0	0	1
1	0	1	1	0	1	0	1	1
1	1	0	1	1	0	0	0	0
0	0	0	0	0	0	0	1	1
1	1	0	0	1	0	1	0	0
1	0	1	1	1	0	1	0	0

0	0	26	0	15	23	0	15	12
0	0	47	0	0	18	0	16	0
26	47	0	6	20	0	0	0	32
0	0	6	0	36	37	0	0	6
15	0	20	36	0	27	0	24	50
23	18	0	37	27	0	0	0	0
0	0	0	0	0	0	0	33	27
15	16	0	0	24	0	33	0	0
12	0	32	6	50	0	27	0	0

0	0	3	0	4	8	0	4	7
0	0	9	0	0	3	0	5	0
3	9	0	4	5	0	0	0	4
0	0	4	0	9	5	0	0	9
4	0	5	9	0	4	0	5	10
8	3	0	5	4	0	0	0	0
0	0	0	0	0	0	0	3	10
4	5	0	0	5	0	3	0	0
7	0	4	9	10	0	10	0	0

0	0	97	0	96	100	0	95	96
0	0	96	0	0	95	0	98	0
97	96	0	95	100	0	0	0	99
0	0	95	0	97	95	0	0	99
96	0	100	97	0	95	0	100	95
100	95	0	95	95	0	0	0	0
0	0	0	0	0	0	0	98	100
95	98	0	0	100	0	98	0	0
96	0	99	99	95	0	100	0	0

0	0	29	0	27	27	0	24	38
0	0	1	0	0	27	0	21	0
29	1	0	40	12	0	0	0	13
0	0	40	0	13	3	0	0	12
27	0	12	13	0	26	0	14	1
27	27	0	3	26	0	0	0	0
0	0	0	0	0	0	0	2	12
24	21	0	0	14	0	2	0	0
38	0	13	12	1	0	12	0	0

44	27
19	39
34	29
14	29
39	10
44	45
30	38
41	10
10	29
