0	1	1	1	0	1	0	0	0
1	0	1	1	1	1	1	1	1
1	1	0	0	0	1	1	1	1
1	1	0	0	0	1	1	0	0
0	1	0	0	0	1	0	0	1
1	1	1	1	1	0	1	0	1
0	1	1	1	0	1	0	1	1
0	1	1	0	0	0	1	0	0
0	1	1	0	1	1	1	0	0

0	10	44	25	0	27	0	0	0
10	0	47	6	43	44	11	43	33
44	47	0	0	0	38	14	45	43
25	6	0	0	0	32	48	0	0
0	43	0	0	0	51	0	0	53
27	44	38	32	51	0	10	0	46
0	11	14	48	0	10	0	9	44
0	43	45	0	0	0	9	0	0
0	33	43	0	53	46	44	0	0

0	3	8	4	0	6	0	0	0
3	0	7	7	4	7	9	3	9
8	7	0	0	0	4	5	9	8
4	7	0	0	0	9	9	0	0
0	4	0	0	0	8	0	0	9
6	7	4	9	8	0	7	0	3
0	9	5	9	0	7	0	7	6
0	3	9	0	0	0	7	0	0
0	9	8	0	9	3	6	0	0

0	96	99	95	0	99	0	0	0
96	0	99	99	99	98	100	99	98
99	99	0	0	0	98	96	95	100
95	99	0	0	0	95	96	0	0
0	99	0	0	0	95	0	0	95
99	98	98	95	95	0	95	0	96
0	100	96	96	0	95	0	96	100
0	99	95	0	0	0	96	0	0
0	98	100	0	95	96	100	0	0

0	14	10	27	0	28	0	0	0
14	0	7	2	12	10	14	12	3
10	7	0	0	0	4	8	5	12
27	2	0	0	0	12	4	0	0
0	12	0	0	0	1	0	0	0
28	10	4	12	1	0	17	0	3
0	14	8	4	0	17	0	41	5
0	12	5	0	0	0	41	0	0
0	3	12	0	0	3	5	0	0

10	30
32	40
49	26
21	41
21	39
33	42
45	11
29	23
13	34
