0	0	1	1	1	1	1	1	1
0	0	1	1	1	1	1	1	1
1	1	0	1	1	1	1	1	1
1	1	1	0	0	1	1	1	1
1	1	1	0	0	1	0	1	1
1	1	1	1	1	0	1	1	1
1	1	1	1	0	1	0	1	0
1	1	1	1	1	1	1	0	1
1	1	1	1	1	1	0	1	0

0	0	18	46	20	13	35	46	7
0	0	47	5	35	39	38	10	15
18	47	0	38	15	10	50	55	26
46	5	38	0	0	7	10	34	29
20	35	15	0	0	12	0	11	25
13	39	10	7	12	0	16	11	38
35	38	50	10	0	16	0	22	0
46	10	55	34	11	11	22	0	22
7	15	26	29	25	38	0	22	0

0	0	8	5	9	9	6	5	3
0	0	9	3	3	5	3	9	3
8	9	0	10	6	10	8	5	9
5	3	10	0	0	5	9	8	4
9	3	6	0	0	9	0	10	5
9	5	10	5	9	0	3	10	3
6	3	8	9	0	3	0	7	0
5	9	5	8	10	10	7	0	7
3	3	9	4	5	3	0	7	0

0	0	95	97	100	96	95	99	97
0	0	100	98	95	96	100	97	100
95	100	0	99	96	96	100	100	99
97	98	99	0	0	96	95	97	99
100	95	96	0	0	99	0	95	95
96	96	96	96	99	0	99	95	98
95	100	100	95	0	99	0	95	0
99	97	100	97	95	95	95	0	98
97	100	99	99	95	98	0	98	0

0	0	17	4	26	27	17	5	2
0	0	1	7	7	0	3	12	8
17	1	0	1	10	30	0	0	14
4	7	1	0	0	29	27	18	25
26	7	10	0	0	12	0	20	29
27	0	30	29	12	0	28	31	15
17	3	0	27	0	28	0	21	0
5	12	0	18	20	31	21	0	21
2	8	14	25	29	15	0	21	0

18	12
13	38
14	30
17	28
37	27
47	38
41	18
22	27
10	44
