0	1	0	1	0	1	1	1	1
1	0	1	0	1	1	0	1	0
0	1	0	1	0	1	1	0	1
1	0	1	0	1	0	1	1	1
0	1	0	1	0	0	0	0	1
1	1	1	0	0	0	1	1	1
1	0	1	1	0	1	0	1	1
1	1	0	1	0	1	1	0	1
1	0	1	1	1	1	1	1	0

0	22	0	29	0	45	48	39	49
22	0	53	0	11	53	0	7	0
0	53	0	18	0	32	37	0	30
29	0	18	0	34	0	53	52	16
0	11	0	34	0	0	0	0	22
45	53	32	0	0	0	37	52	55
48	0	37	53	0	37	0	19	47
39	7	0	52	0	52	19	0	22
49	0	30	16	22	55	47	22	0

0	3	0	9	0	9	6	3	8
3	0	3	0	7	4	0	6	0
0	3	0	9	0	4	3	0	9
9	0	9	0	5	0	3	6	7
0	7	0	5	0	0	0	0	9
9	4	4	0	0	0	6	7	3
6	0	3	3	0	6	0	5	4
3	6	0	6	0	7	5	0	9
8	0	9	7	9	3	4	9	0

0	99	0	98	0	96	96	99	98
99	0	98	0	98	96	0	97	0
0	98	0	97	0	97	96	0	96
98	0	97	0	96	0	97	99	96
0	98	0	96	0	0	0	0	99
96	96	97	0	0	0	96	97	97
96	0	96	97	0	96	0	95	97
99	97	0	99	0	97	95	0	100
98	0	96	96	99	97	97	100	0

0	5	0	16	0	4	3	10	5
5	0	2	0	19	2	0	23	0
0	2	0	8	0	4	10	0	4
16	0	8	0	5	0	0	3	30
0	19	0	5	0	0	0	0	30
4	2	4	0	0	0	5	0	0
3	0	10	0	0	5	0	14	4
10	23	0	3	0	0	14	0	8
5	0	4	30	30	0	4	8	0

46	27
19	36
13	24
21	13
31	46
11	20
22	49
24	46
49	31
