0	0	1	1	0	1	1	0	1	1
0	0	0	0	1	1	0	0	0	1
1	0	0	0	1	0	1	1	1	1
1	0	0	0	0	1	0	1	0	0
0	1	1	0	0	1	0	1	1	0
1	1	0	1	1	0	1	0	1	0
1	0	1	0	0	1	0	1	0	1
0	0	1	1	1	0	1	0	1	1
1	0	1	0	1	1	0	1	0	1
1	1	1	0	0	0	1	1	1	0

0	0	47	23	0	42	43	0	43	44
0	0	0	0	21	20	0	0	0	15
47	0	0	0	5	0	14	12	35	52
23	0	0	0	0	30	0	13	0	0
0	21	5	0	0	55	0	46	54	0
42	20	0	30	55	0	35	0	40	0
43	0	14	0	0	35	0	10	0	48
0	0	12	13	46	0	10	0	37	38
43	0	35	0	54	40	0	37	0	41
44	15	52	0	0	0	48	38	41	0

0	0	6	4	0	7	8	0	3	9
0	0	0	0	9	7	0	0	0	6
6	0	0	0	4	0	6	7	4	4
4	0	0	0	0	7	0	7	0	0
0	9	4	0	0	8	0	4	10	0
7	7	0	7	8	0	6	0	5	0
8	0	6	0	0	6	0	5	0	4
0	0	7	7	4	0	5	0	8	8
3	0	4	0	10	5	0	8	0	3
9	6	4	0	0	0	4	8	3	0

0	0	97	95	0	97	95	0	99	97
0	0	0	0	99	100	0	0	0	95
97	0	0	0	95	0	97	97	98	100
95	0	0	0	0	99	0	97	0	0
0	99	95	0	0	96	0	96	97	0
97	100	0	99	96	0	98	0	96	0
95	0	97	0	0	98	0	99	0	99
0	0	97	97	96	0	99	0	99	97
99	0	98	0	97	96	0	99	0	98
97	95	100	0	0	0	99	97	98	0

0	0	5	1	0	4	8	0	9	4
0	0	0	0	12	5	0	0	0	1
5	0	0	0	32	0	8	27	3	0
1	0	0	0	0	11	0	3	0	0
0	12	32	0	0	0	0	6	1	0
4	5	0	11	0	0	12	0	13	0
8	0	8	0	0	12	0	7	0	2
0	0	27	3	6	0	7	0	16	2
9	0	3	0	1	13	0	16	0	1
4	1	0	0	0	0	2	2	1	0

27	19
48	35
29	24
29	34
31	50
44	20
22	47
23	10
25	20
14	22
