0	1	0	1	1	0	0	1
1	0	0	0	0	1	1	1
0	0	0	1	1	1	1	1
1	0	1	0	1	1	0	0
1	0	1	1	0	1	0	1
0	1	1	1	1	0	0	1
0	1	1	0	0	0	0	1
1	1	1	0	1	1	1	0

0	9	0	46	54	0	0	51
9	0	0	0	0	45	53	5
0	0	0	16	39	34	44	18
46	0	16	0	11	5	0	0
54	0	39	11	0	52	0	17
0	45	34	5	52	0	0	47
0	53	44	0	0	0	0	33
51	5	18	0	17	47	33	0

0	10	0	10	4	0	0	6
10	0	0	0	0	7	7	5
0	0	0	9	6	8	4	10
10	0	9	0	10	3	0	0
4	0	6	10	0	3	0	8
0	7	8	3	3	0	0	9
0	7	4	0	0	0	0	4
6	5	10	0	8	9	4	0

0	96	0	95	98	0	0	98
96	0	0	0	0	100	96	96
0	0	0	100	95	95	100	98
95	0	100	0	95	96	0	0
98	0	95	95	0	96	0	98
0	100	95	96	96	0	0	100
0	96	100	0	0	0	0	99
98	96	98	0	98	100	99	0

0	18	0	6	0	0	0	2
18	0	0	0	0	1	0	40
0	0	0	17	2	2	7	31
6	0	17	0	42	20	0	0
0	0	2	42	0	3	0	19
0	1	2	20	3	0	0	1
0	0	7	0	0	0	0	22
2	40	31	0	19	1	22	0

18	31
40	13
19	27
21	43
17	30
19	21
11	36
36	32
