0	1	1	1	0	1	1	1	1	0
1	0	1	1	1	1	1	0	0	1
1	1	0	1	0	1	0	1	1	1
1	1	1	0	1	1	1	0	1	1
0	1	0	1	0	1	1	1	0	1
1	1	1	1	1	0	0	0	1	1
1	1	0	1	1	0	0	1	0	1
1	0	1	0	1	0	1	0	0	0
1	0	1	1	0	1	0	0	0	1
0	1	1	1	1	1	1	0	1	0

0	44	16	18	0	55	53	12	45	0
44	0	26	53	13	55	19	0	0	10
16	26	0	41	0	29	0	17	38	7
18	53	41	0	29	53	40	0	52	48
0	13	0	29	0	17	39	39	0	14
55	55	29	53	17	0	0	0	54	50
53	19	0	40	39	0	0	41	0	42
12	0	17	0	39	0	41	0	0	0
45	0	38	52	0	54	0	0	0	52
0	10	7	48	14	50	42	0	52	0

0	8	4	9	0	3	8	4	5	0
8	0	8	5	7	3	8	0	0	6
4	8	0	10	0	6	0	7	4	4
9	5	10	0	6	10	8	0	4	10
0	7	0	6	0	8	6	7	0	7
3	3	6	10	8	0	0	0	9	9
8	8	0	8	6	0	0	6	0	5
4	0	7	0	7	0	6	0	0	0
5	0	4	4	0	9	0	0	0	8
0	6	4	10	7	9	5	0	8	0

0	96	100	99	0	96	96	100	100	0
96	0	96	95	95	95	97	0	0	98
100	96	0	95	0	99	0	96	97	97
99	95	95	0	96	95	98	0	97	97
0	95	0	96	0	97	95	95	0	98
96	95	99	95	97	0	0	0	100	100
96	97	0	98	95	0	0	99	0	100
100	0	96	0	95	0	99	0	0	0
100	0	97	97	0	100	0	0	0	99
0	98	97	97	98	100	100	0	99	0

0	2	15	14	0	0	0	22	10	0
2	0	26	2	28	0	26	0	0	21
15	26	0	5	0	11	0	38	17	30
14	2	5	0	5	0	4	0	0	5
0	28	0	5	0	4	12	12	0	35
0	0	11	0	4	0	0	0	0	5
0	26	0	4	12	0	0	3	0	3
22	0	38	0	12	0	3	0	0	0
10	0	17	0	0	0	0	0	0	3
0	21	30	5	35	5	3	0	3	0

31	43
27	35
29	34
40	41
12	45
35	35
34	16
38	41
41	49
14	12
