0	1	0	0	1	1	1
1	0	1	0	0	1	0
0	1	0	1	0	1	0
0	0	1	0	1	1	1
1	0	0	1	0	1	1
1	1	1	1	1	0	1
1	0	0	1	1	1	0

0	54	0	0	39	14	20
54	0	40	0	0	55	0
0	40	0	45	0	21	0
0	0	45	0	12	26	26
39	0	0	12	0	47	38
14	55	21	26	47	0	19
20	0	0	26	38	19	0

0	10	0	0	4	6	9
10	0	9	0	0	6	0
0	9	0	9	0	3	0
0	0	9	0	7	5	3
4	0	0	7	0	4	8
6	6	3	5	4	0	7
9	0	0	3	8	7	0

0	99	0	0	97	98	97
99	0	97	0	0	100	0
0	97	0	96	0	99	0
0	0	96	0	96	100	99
97	0	0	96	0	96	98
98	100	99	100	96	0	95
97	0	0	99	98	95	0

0	0	0	0	5	27	15
0	0	7	0	0	0	0
0	7	0	2	0	13	0
0	0	2	0	23	11	13
5	0	0	23	0	6	1
27	0	13	11	6	0	15
15	0	0	13	1	15	0

28	33
16	18
19	39
49	49
28	13
14	32
27	15
