0	1	1	1	1	0	1	1	1
1	0	1	1	1	0	0	0	1
1	1	0	0	0	1	1	0	1
1	1	0	0	1	1	1	0	1
1	1	0	1	0	0	1	1	0
0	0	1	1	0	0	0	1	1
1	0	1	1	1	0	0	0	1
1	0	0	0	1	1	0	0	1
1	1	1	1	0	1	1	1	0

0	11	18	50	21	0	7	51	39
11	0	50	36	22	0	0	0	5
18	50	0	0	0	11	24	0	10
50	36	0	0	52	13	47	0	15
21	22	0	52	0	0	19	18	0
0	0	11	13	0	0	0	43	26
7	0	24	47	19	0	0	0	34
51	0	0	0	18	43	0	0	16
39	5	10	15	0	26	34	16	0

0	5	5	10	7	0	6	10	8
5	0	6	3	4	0	0	0	6
5	6	0	0	0	7	8	0	8
10	3	0	0	8	10	3	0	6
7	4	0	8	0	0	3	8	0
0	0	7	10	0	0	0	4	4
6	0	8	3	3	0	0	0	6
10	0	0	0	8	4	0	0	9
8	6	8	6	0	4	6	9	0

0	99	99	100	97	0	98	95	99
99	0	98	95	100	0	0	0	97
99	98	0	0	0	97	100	0	97
100	95	0	0	100	97	96	0	98
97	100	0	100	0	0	97	100	0
0	0	97	97	0	0	0	96	100
98	0	100	96	97	0	0	0	100
95	0	0	0	100	96	0	0	95
99	97	97	98	0	100	100	95	0

0	16	26	1	21	0	44	1	12
16	0	1	7	27	0	0	0	38
26	1	0	0	0	32	22	0	26
1	7	0	0	0	24	1	0	8
21	27	0	0	0	0	16	28	0
0	0	32	24	0	0	0	9	27
44	0	22	1	16	0	0	0	10
1	0	0	0	28	9	0	0	36
12	38	26	8	0	27	10	36	0

41	24
47	43
47	49
30	42
33	28
18	19
26	28
22	33
45	26
