0	1	0	0	1	1	1	0	1	1
1	0	1	1	0	1	1	1	0	1
0	1	0	1	1	1	1	1	1	1
0	1	1	0	1	1	0	0	1	0
1	0	1	1	0	1	0	0	0	1
1	1	1	1	1	0	1	1	1	1
1	1	1	0	0	1	0	0	1	1
0	1	1	0	0	1	0	0	1	1
1	0	1	1	0	1	1	1	0	0
1	1	1	0	1	1	1	1	0	0

0	15	0	0	11	33	8	0	5	29
15	0	19	8	0	9	39	33	0	29
0	19	0	48	32	19	47	44	39	53
0	8	48	0	50	43	0	0	44	0
11	0	32	50	0	35	0	0	0	36
33	9	19	43	35	0	17	31	41	9
8	39	47	0	0	17	0	0	52	24
0	33	44	0	0	31	0	0	40	43
5	0	39	44	0	41	52	40	0	0
29	29	53	0	36	9	24	43	0	0

0	9	0	0	3	9	9	0	3	3
9	0	8	8	0	8	10	7	0	7
0	8	0	4	9	8	5	7	7	3
0	8	4	0	3	7	0	0	4	0
3	0	9	3	0	8	0	0	0	10
9	8	8	7	8	0	9	8	8	6
9	10	5	0	0	9	0	0	6	7
0	7	7	0	0	8	0	0	5	8
3	0	7	4	0	8	6	5	0	0
3	7	3	0	10	6	7	8	0	0

0	98	0	0	95	96	98	0	98	99
98	0	97	100	0	95	97	97	0	99
0	97	0	96	96	97	95	96	99	96
0	100	96	0	98	100	0	0	96	0
95	0	96	98	0	100	0	0	0	96
96	95	97	100	100	0	97	98	97	100
98	97	95	0	0	97	0	0	100	97
0	97	96	0	0	98	0	0	95	100
98	0	99	96	0	97	100	95	0	0
99	99	96	0	96	100	97	100	0	0

0	3	0	0	6	5	41	0	4	3
3	0	26	45	0	27	8	11	0	5
0	26	0	7	21	7	4	2	2	2
0	45	7	0	1	2	0	0	9	0
6	0	21	1	0	16	0	0	0	12
5	27	7	2	16	0	30	24	7	6
41	8	4	0	0	30	0	0	1	9
0	11	2	0	0	24	0	0	6	12
4	0	2	9	0	7	1	6	0	0
3	5	2	0	12	6	9	12	0	0

10	45
33	38
12	45
28	40
24	10
34	16
37	49
29	15
17	17
29	45
