0	1	0	1	1	1	0
1	0	1	1	0	1	0
0	1	0	0	1	1	0
1	1	0	0	1	0	1
1	0	1	1	0	0	0
1	1	1	0	0	0	1
0	0	0	1	0	1	0

0	53	0	44	39	46	0
53	0	26	20	0	44	0
0	26	0	0	55	11	0
44	20	0	0	11	0	32
39	0	55	11	0	0	0
46	44	11	0	0	0	15
0	0	0	32	0	15	0

0	5	0	6	7	10	0
5	0	5	6	0	6	0
0	5	0	0	8	4	0
6	6	0	0	4	0	9
7	0	8	4	0	0	0
10	6	4	0	0	0	6
0	0	0	9	0	6	0

0	100	0	95	97	96	0
100	0	95	96	0	100	0
0	95	0	0	95	95	0
95	96	0	0	98	0	95
97	0	95	98	0	0	0
96	100	95	0	0	0	95
0	0	0	95	0	95	0

0	0	0	3	6	0	0
0	0	17	8	0	11	0
0	17	0	0	0	15	0
3	8	0	0	25	0	16
6	0	0	25	0	0	0
0	11	15	0	0	0	25
0	0	0	16	0	25	0

26	20
24	49
36	24
20	15
15	48
18	13
22	50
