0	0	1	1	0	1	1	1	0	0
0	0	0	0	1	1	1	1	0	1
1	0	0	1	0	1	1	1	0	1
1	0	1	0	1	1	1	0	1	1
0	1	0	1	0	1	0	1	1	0
1	1	1	1	1	0	0	1	1	1
1	1	1	1	0	0	0	0	1	1
1	1	1	0	1	1	0	0	0	0
0	0	0	1	1	1	1	0	0	1
0	1	1	1	0	1	1	0	1	0

0	0	11	21	0	21	41	34	0	0
0	0	0	0	36	25	26	39	0	25
11	0	0	9	0	27	53	42	0	20
21	0	9	0	54	33	19	0	21	50
0	36	0	54	0	23	0	12	17	0
21	25	27	33	23	0	0	44	35	5
41	26	53	19	0	0	0	0	52	16
34	39	42	0	12	44	0	0	0	0
0	0	0	21	17	35	52	0	0	31
0	25	20	50	0	5	16	0	31	0

0	0	3	7	0	10	7	4	0	0
0	0	0	0	3	4	6	4	0	10
3	0	0	4	0	7	9	8	0	5
7	0	4	0	5	7	4	0	8	7
0	3	0	5	0	5	0	5	7	0
10	4	7	7	5	0	0	5	7	8
7	6	9	4	0	0	0	0	9	3
4	4	8	0	5	5	0	0	0	0
0	0	0	8	7	7	9	0	0	9
0	10	5	7	0	8	3	0	9	0

0	0	99	99	0	98	95	98	0	0
0	0	0	0	100	97	96	100	0	100
99	0	0	95	0	96	98	98	0	95
99	0	95	0	96	100	95	0	100	99
0	100	0	96	0	98	0	95	98	0
98	97	96	100	98	0	0	100	99	100
95	96	98	95	0	0	0	0	100	96
98	100	98	0	95	100	0	0	0	0
0	0	0	100	98	99	100	0	0	100
0	100	95	99	0	100	96	0	100	0

0	0	13	18	0	7	9	21	0	0
0	0	0	0	4	18	6	0	0	27
13	0	0	25	0	17	2	5	0	4
18	0	25	0	1	16	17	0	13	2
0	4	0	1	0	23	0	11	30	0
7	18	17	16	23	0	0	8	2	46
9	6	2	17	0	0	0	0	2	25
21	0	5	0	11	8	0	0	0	0
0	0	0	13	30	2	2	0	0	3
0	27	4	2	0	46	25	0	3	0

12	40
31	16
28	32
13	10
37	41
20	38
16	41
31	32
37	20
11	24
