0	1	0	0	1	1	1	0	1	1
1	0	1	1	0	1	1	1	0	1
0	1	0	1	1	1	1	1	1	1
0	1	1	0	1	1	0	0	1	0
1	0	1	1	0	1	0	0	0	1
1	1	1	1	1	0	1	1	1	1
1	1	1	0	0	1	0	0	1	1
0	1	1	0	0	1	0	0	1	1
1	0	1	1	0	1	1	1	0	0
1	1	1	0	1	1	1	1	0	0

0	32	0	0	54	54	14	0	36	39
32	0	53	10	0	53	23	12	0	41
0	53	0	34	34	36	26	40	55	23
0	10	34	0	43	39	0	0	30	0
54	0	34	43	0	37	0	0	0	14
54	53	36	39	37	0	6	21	6	50
14	23	26	0	0	6	0	0	27	16
0	12	40	0	0	21	0	0	29	7
36	0	55	30	0	6	27	29	0	0
39	41	23	0	14	50	16	7	0	0

0	6	0	0	4	7	3	0	3	8
6	0	3	4	0	3	8	5	0	9
0	3	0	9	7	10	7	5	10	6
0	4	9	0	4	5	0	0	8	0
4	0	7	4	0	9	0	0	0	7
7	3	10	5	9	0	5	8	4	5
3	8	7	0	0	5	0	0	6	3
0	5	5	0	0	8	0	0	5	8
3	0	10	8	0	4	6	5	0	0
8	9	6	0	7	5	3	8	0	0

0	96	0	0	96	99	95	0	95	97
96	0	97	96	0	98	100	100	0	98
0	97	0	98	98	95	98	96	99	96
0	96	98	0	95	97	0	0	97	0
96	0	98	95	0	96	0	0	0	99
99	98	95	97	96	0	100	98	98	99
95	100	98	0	0	100	0	0	100	100
0	100	96	0	0	98	0	0	99	100
95	0	99	97	0	98	100	99	0	0
97	98	96	0	99	99	100	100	0	0

0	18	0	0	0	1	39	0	12	1
18	0	2	14	0	2	15	34	0	10
0	2	0	5	20	19	16	12	0	26
0	14	5	0	8	10	0	0	20	0
0	0	20	8	0	9	0	0	0	1
1	2	19	10	9	0	22	20	43	2
39	15	16	0	0	22	0	0	28	16
0	34	12	0	0	20	0	0	8	47
12	0	0	20	0	43	28	8	0	0
1	10	26	0	1	2	16	47	0	0

28	19
15	40
18	31
13	17
44	38
20	42
32	10
28	21
26	47
43	18
