0	1	1	0	0	1	1	1
1	0	1	1	1	1	1	1
1	1	0	1	1	1	1	1
0	1	1	0	0	0	1	1
0	1	1	0	0	1	1	0
1	1	1	0	1	0	0	1
1	1	1	1	1	0	0	0
1	1	1	1	0	1	0	0

0	11	35	0	0	38	6	22
11	0	30	24	34	37	15	35
35	30	0	40	37	9	50	23
0	24	40	0	0	0	13	11
0	34	37	0	0	15	18	0
38	37	9	0	15	0	0	24
6	15	50	13	18	0	0	0
22	35	23	11	0	24	0	0

0	7	7	0	0	7	8	3
7	0	9	9	3	5	3	3
7	9	0	3	7	6	9	8
0	9	3	0	0	0	10	8
0	3	7	0	0	5	10	0
7	5	6	0	5	0	0	6
8	3	9	10	10	0	0	0
3	3	8	8	0	6	0	0

0	95	95	0	0	98	97	95
95	0	96	99	100	98	98	95
95	96	0	100	99	99	99	98
0	99	100	0	0	0	97	99
0	100	99	0	0	98	96	0
98	98	99	0	98	0	0	96
97	98	99	97	96	0	0	0
95	95	98	99	0	96	0	0

0	11	3	0	0	3	13	29
11	0	9	16	13	4	2	17
3	9	0	3	5	23	4	31
0	16	3	0	0	0	31	10
0	13	5	0	0	4	1	0
3	4	23	0	4	0	0	29
13	2	4	31	1	0	0	0
29	17	31	10	0	29	0	0

41	28
24	20
41	29
37	42
35	22
24	27
10	41
17	31
