0	0	1	1	1	1	0	1
0	0	1	0	1	1	1	1
1	1	0	0	1	0	1	1
1	0	0	0	0	0	1	0
1	1	1	0	0	1	1	1
1	1	0	0	1	0	1	1
0	1	1	1	1	1	0	1
1	1	1	0	1	1	1	0

0	0	16	6	15	19	0	24
0	0	40	0	37	44	52	38
16	40	0	0	32	0	50	48
6	0	0	0	0	0	43	0
15	37	32	0	0	25	5	18
19	44	0	0	25	0	39	35
0	52	50	43	5	39	0	26
24	38	48	0	18	35	26	0

0	0	5	3	3	4	0	3
0	0	3	0	4	7	10	6
5	3	0	0	9	0	7	3
3	0	0	0	0	0	7	0
3	4	9	0	0	5	7	8
4	7	0	0	5	0	10	6
0	10	7	7	7	10	0	9
3	6	3	0	8	6	9	0

0	0	97	99	97	98	0	98
0	0	97	0	95	100	95	96
97	97	0	0	95	0	98	95
99	0	0	0	0	0	99	0
97	95	95	0	0	95	99	100
98	100	0	0	95	0	96	96
0	95	98	99	99	96	0	100
98	96	95	0	100	96	100	0

0	0	5	7	39	14	0	18
0	0	9	0	6	5	3	13
5	9	0	0	10	0	1	7
7	0	0	0	0	0	3	0
39	6	10	0	0	1	32	9
14	5	0	0	1	0	0	20
0	3	1	3	32	0	0	15
18	13	7	0	9	20	15	0

29	35
19	21
38	26
49	33
34	13
13	47
29	15
34	20
