0	1	1	1	0	0	0	1	0	1
1	0	1	1	0	1	1	1	1	1
1	1	0	1	1	1	1	0	1	1
1	1	1	0	1	1	1	1	0	1
0	0	1	1	0	1	1	1	1	1
0	1	1	1	1	0	1	1	0	1
0	1	1	1	1	1	0	0	1	0
1	1	0	1	1	1	0	0	1	0
0	1	1	0	1	0	1	1	0	1
1	1	1	1	1	1	0	0	1	0

0	55	47	20	0	0	0	46	0	6
55	0	49	18	0	5	33	20	18	22
47	49	0	30	24	13	39	0	23	53
20	18	30	0	5	8	39	20	0	45
0	0	24	5	0	49	34	13	28	29
0	5	13	8	49	0	22	44	0	6
0	33	39	39	34	22	0	0	27	0
46	20	0	20	13	44	0	0	14	0
0	18	23	0	28	0	27	14	0	54
6	22	53	45	29	6	0	0	54	0

0	8	9	3	0	0	0	5	0	4
8	0	7	9	0	7	5	7	8	5
9	7	0	9	7	7	8	0	10	6
3	9	9	0	8	3	9	4	0	10
0	0	7	8	0	7	10	3	7	7
0	7	7	3	7	0	8	8	0	7
0	5	8	9	10	8	0	0	5	0
5	7	0	4	3	8	0	0	9	0
0	8	10	0	7	0	5	9	0	4
4	5	6	10	7	7	0	0	4	0

0	98	98	99	0	0	0	96	0	96
98	0	98	98	0	95	100	99	100	100
98	98	0	98	97	100	99	0	100	99
99	98	98	0	96	96	100	97	0	97
0	0	97	96	0	100	98	99	98	100
0	95	100	96	100	0	95	98	0	99
0	100	99	100	98	95	0	0	95	0
96	99	0	97	99	98	0	0	99	0
0	100	100	0	98	0	95	99	0	97
96	100	99	97	100	99	0	0	97	0

0	0	3	2	0	0	0	6	0	17
0	0	5	30	0	0	16	13	21	6
3	5	0	15	28	8	10	0	26	1
2	30	15	0	28	20	15	0	0	7
0	0	28	28	0	1	9	14	24	3
0	0	8	20	1	0	1	10	0	31
0	16	10	15	9	1	0	0	17	0
6	13	0	0	14	10	0	0	35	0
0	21	26	0	24	0	17	35	0	0
17	6	1	7	3	31	0	0	0	0

18	10
49	32
48	40
26	21
14	23
38	30
45	47
21	42
10	16
36	50
