0	0	1	1	1	1	1	0	1	0
0	0	0	1	0	1	1	1	1	1
1	0	0	1	1	1	0	1	0	1
1	1	1	0	0	1	0	1	1	1
1	0	1	0	0	0	0	1	0	1
1	1	1	1	0	0	1	1	1	1
1	1	0	0	0	1	0	1	0	1
0	1	1	1	1	1	1	0	1	0
1	1	0	1	0	1	0	1	0	1
0	1	1	1	1	1	1	0	1	0

0	0	38	7	38	25	42	0	42	0
0	0	0	54	0	35	36	48	7	51
38	0	0	8	12	10	0	37	0	16
7	54	8	0	0	35	0	7	13	50
38	0	12	0	0	0	0	36	0	28
25	35	10	35	0	0	31	33	51	27
42	36	0	0	0	31	0	36	0	9
0	48	37	7	36	33	36	0	48	0
42	7	0	13	0	51	0	48	0	52
0	51	16	50	28	27	9	0	52	0

0	0	10	10	6	3	5	0	9	0
0	0	0	10	0	7	8	7	6	3
10	0	0	8	9	10	0	8	0	4
10	10	8	0	0	6	0	4	3	8
6	0	9	0	0	0	0	3	0	7
3	7	10	6	0	0	10	9	3	4
5	8	0	0	0	10	0	9	0	7
0	7	8	4	3	9	9	0	3	0
9	6	0	3	0	3	0	3	0	6
0	3	4	8	7	4	7	0	6	0

0	0	98	96	98	96	95	0	100	0
0	0	0	100	0	97	96	96	100	98
98	0	0	98	100	96	0	97	0	96
96	100	98	0	0	100	0	95	95	97
98	0	100	0	0	0	0	99	0	97
96	97	96	100	0	0	96	98	95	98
95	96	0	0	0	96	0	100	0	100
0	96	97	95	99	98	100	0	99	0
100	100	0	95	0	95	0	99	0	95
0	98	96	97	97	98	100	0	95	0

0	0	11	34	1	8	5	0	4	0
0	0	0	0	0	10	2	3	4	3
11	0	0	3	12	32	0	0	0	11
34	0	3	0	0	16	0	14	10	0
1	0	12	0	0	0	0	5	0	14
8	10	32	16	0	0	12	20	0	4
5	2	0	0	0	12	0	0	0	45
0	3	0	14	5	20	0	0	1	0
4	4	0	10	0	0	0	1	0	2
0	3	11	0	14	4	45	0	2	0

47	37
26	20
48	33
32	24
37	27
37	42
35	29
43	11
44	28
35	12
