0	1	0	1	0	1	1	1	1	1
1	0	0	1	1	1	1	1	0	0
0	0	0	0	1	0	1	1	0	1
1	1	0	0	1	1	0	1	1	0
0	1	1	1	0	1	1	1	1	0
1	1	0	1	1	0	1	1	0	1
1	1	1	0	1	1	0	1	1	1
1	1	1	1	1	1	1	0	0	0
1	0	0	1	1	0	1	0	0	0
1	0	1	0	0	1	1	0	0	0

0	33	0	32	0	6	55	23	53	49
33	0	0	6	21	6	38	49	0	0
0	0	0	0	10	0	25	49	0	20
32	6	0	0	35	37	0	10	28	0
0	21	10	35	0	39	45	9	46	0
6	6	0	37	39	0	49	31	0	14
55	38	25	0	45	49	0	11	9	47
23	49	49	10	9	31	11	0	0	0
53	0	0	28	46	0	9	0	0	0
49	0	20	0	0	14	47	0	0	0

0	3	0	9	0	3	10	4	3	10
3	0	0	3	6	4	3	9	0	0
0	0	0	0	7	0	7	6	0	8
9	3	0	0	8	3	0	6	8	0
0	6	7	8	0	4	6	8	4	0
3	4	0	3	4	0	7	9	0	4
10	3	7	0	6	7	0	5	7	4
4	9	6	6	8	9	5	0	0	0
3	0	0	8	4	0	7	0	0	0
10	0	8	0	0	4	4	0	0	0

0	98	0	96	0	97	95	95	100	99
98	0	0	97	97	98	96	95	0	0
0	0	0	0	98	0	100	99	0	96
96	97	0	0	100	98	0	99	98	0
0	97	98	100	0	97	95	98	99	0
97	98	0	98	97	0	98	99	0	96
95	96	100	0	95	98	0	99	95	95
95	95	99	99	98	99	99	0	0	0
100	0	0	98	99	0	95	0	0	0
99	0	96	0	0	96	95	0	0	0

0	3	0	13	0	39	0	11	1	2
3	0	0	46	2	18	1	1	0	0
0	0	0	0	18	0	28	4	0	23
13	46	0	0	16	7	0	17	13	0
0	2	18	16	0	9	9	8	4	0
39	18	0	7	9	0	6	10	0	5
0	1	28	0	9	6	0	41	25	2
11	1	4	17	8	10	41	0	0	0
1	0	0	13	4	0	25	0	0	0
2	0	23	0	0	5	2	0	0	0

18	28
35	27
13	40
25	22
23	50
48	28
16	12
20	46
34	50
37	38
