0	1	1	1	1	1	1	1	1
1	0	1	1	1	0	1	1	0
1	1	0	1	1	0	1	1	1
1	1	1	0	1	1	1	0	0
1	1	1	1	0	1	0	0	0
1	0	0	1	1	0	1	1	0
1	1	1	1	0	1	0	1	1
1	1	1	0	0	1	1	0	1
1	0	1	0	0	0	1	1	0

0	14	50	55	28	10	11	10	36
14	0	31	48	46	0	43	37	0
50	31	0	29	7	0	45	34	31
55	48	29	0	21	17	7	0	0
28	46	7	21	0	38	0	0	0
10	0	0	17	38	0	32	33	0
11	43	45	7	0	32	0	48	11
10	37	34	0	0	33	48	0	12
36	0	31	0	0	0	11	12	0

0	4	10	8	3	9	4	6	8
4	0	5	4	6	0	8	10	0
10	5	0	10	10	0	3	9	4
8	4	10	0	7	10	9	0	0
3	6	10	7	0	6	0	0	0
9	0	0	10	6	0	3	4	0
4	8	3	9	0	3	0	6	10
6	10	9	0	0	4	6	0	9
8	0	4	0	0	0	10	9	0

0	98	99	98	97	98	98	100	96
98	0	100	99	95	0	97	99	0
99	100	0	99	97	0	100	100	96
98	99	99	0	95	100	98	0	0
97	95	97	95	0	96	0	0	0
98	0	0	100	96	0	100	97	0
98	97	100	98	0	100	0	97	96
100	99	100	0	0	97	97	0	97
96	0	96	0	0	0	96	97	0

0	26	0	0	0	40	0	11	18
26	0	19	7	7	0	0	2	0
0	19	0	11	21	0	0	11	24
0	7	11	0	30	24	43	0	0
0	7	21	30	0	16	0	0	0
40	0	0	24	16	0	2	2	0
0	0	0	43	0	2	0	5	21
11	2	11	0	0	2	5	0	32
18	0	24	0	0	0	21	32	0

29	28
19	37
49	22
14	26
39	36
40	49
29	25
25	13
21	36
