0	1	1	1	1	0	1	1	0
1	0	1	0	1	0	0	1	0
1	1	0	0	0	1	1	1	1
1	0	0	0	1	1	1	0	1
1	1	0	1	0	1	0	0	1
0	0	1	1	1	0	1	0	1
1	0	1	1	0	1	0	1	1
1	1	1	0	0	0	1	0	0
0	0	1	1	1	1	1	0	0

0	9	6	41	53	0	5	6	0
9	0	13	0	22	0	0	44	0
6	13	0	0	0	16	22	51	6
41	0	0	0	51	15	5	0	32
53	22	0	51	0	32	0	0	41
0	0	16	15	32	0	13	0	33
5	0	22	5	0	13	0	17	51
6	44	51	0	0	0	17	0	0
0	0	6	32	41	33	51	0	0

0	5	3	10	6	0	5	5	0
5	0	4	0	8	0	0	10	0
3	4	0	0	0	5	9	6	9
10	0	0	0	6	3	5	0	9
6	8	0	6	0	7	0	0	9
0	0	5	3	7	0	9	0	3
5	0	9	5	0	9	0	7	8
5	10	6	0	0	0	7	0	0
0	0	9	9	9	3	8	0	0

0	96	99	98	97	0	97	99	0
96	0	97	0	98	0	0	100	0
99	97	0	0	0	95	95	98	98
98	0	0	0	99	99	98	0	97
97	98	0	99	0	95	0	0	98
0	0	95	99	95	0	100	0	97
97	0	95	98	0	100	0	99	95
99	100	98	0	0	0	99	0	0
0	0	98	97	98	97	95	0	0

0	26	33	1	1	0	20	10	0
26	0	9	0	18	0	0	4	0
33	9	0	0	0	7	12	4	35
1	0	0	0	1	19	3	0	8
1	18	0	1	0	14	0	0	13
0	0	7	19	14	0	0	0	8
20	0	12	3	0	0	0	37	0
10	4	4	0	0	0	37	0	0
0	0	35	8	13	8	0	0	0

30	42
34	26
16	36
11	25
32	23
26	15
15	14
41	36
26	36
