0	1	0	1	0	0	0	0	0	1
1	0	1	1	1	1	0	0	0	1
0	1	0	1	1	0	1	0	1	0
1	1	1	0	1	1	1	1	0	0
0	1	1	1	0	1	1	1	0	1
0	1	0	1	1	0	1	1	0	1
0	0	1	1	1	1	0	1	0	1
0	0	0	1	1	1	1	0	1	1
0	0	1	0	0	0	0	1	0	1
1	1	0	0	1	1	1	1	1	0

0	45	0	44	0	0	0	0	0	25
45	0	49	49	27	40	0	0	0	7
0	49	0	5	12	0	31	0	33	0
44	49	5	0	35	16	18	49	0	0
0	27	12	35	0	50	25	55	0	31
0	40	0	16	50	0	29	41	0	42
0	0	31	18	25	29	0	17	0	28
0	0	0	49	55	41	17	0	16	41
0	0	33	0	0	0	0	16	0	16
25	7	0	0	31	42	28	41	16	0

0	9	0	8	0	0	0	0	0	4
9	0	7	10	4	3	0	0	0	9
0	7	0	9	7	0	4	0	7	0
8	10	9	0	5	4	5	7	0	0
0	4	7	5	0	9	8	6	0	9
0	3	0	4	9	0	7	9	0	6
0	0	4	5	8	7	0	3	0	5
0	0	0	7	6	9	3	0	5	8
0	0	7	0	0	0	0	5	0	3
4	9	0	0	9	6	5	8	3	0

0	95	0	96	0	0	0	0	0	96
95	0	99	98	100	96	0	0	0	97
0	99	0	100	100	0	96	0	97	0
96	98	100	0	99	100	98	96	0	0
0	100	100	99	0	96	98	99	0	97
0	96	0	100	96	0	100	98	0	95
0	0	96	98	98	100	0	100	0	98
0	0	0	96	99	98	100	0	98	97
0	0	97	0	0	0	0	98	0	96
96	97	0	0	97	95	98	97	96	0

0	6	0	8	0	0	0	0	0	5
6	0	3	5	14	13	0	0	0	3
0	3	0	18	32	0	7	0	5	0
8	5	18	0	5	15	32	5	0	0
0	14	32	5	0	2	2	0	0	15
0	13	0	15	2	0	4	11	0	12
0	0	7	32	2	4	0	10	0	7
0	0	0	5	0	11	10	0	23	9
0	0	5	0	0	0	0	23	0	32
5	3	0	0	15	12	7	9	32	0

37	38
26	33
47	12
40	50
24	11
38	33
41	31
42	15
48	43
39	30
