0	1	0	1	1	1	1
1	0	1	1	0	1	1
0	1	0	0	0	0	1
1	1	0	0	1	1	1
1	0	0	1	0	1	0
1	1	0	1	1	0	0
1	1	1	1	0	0	0

0	7	0	7	28	21	52
7	0	14	45	0	36	34
0	14	0	0	0	0	33
7	45	0	0	5	25	5
28	0	0	5	0	26	0
21	36	0	25	26	0	0
52	34	33	5	0	0	0

0	3	0	4	3	8	8
3	0	7	9	0	6	9
0	7	0	0	0	0	7
4	9	0	0	8	9	8
3	0	0	8	0	6	0
8	6	0	9	6	0	0
8	9	7	8	0	0	0

0	95	0	97	96	100	98
95	0	100	98	0	97	100
0	100	0	0	0	0	96
97	98	0	0	99	97	97
96	0	0	99	0	99	0
100	97	0	97	99	0	0
98	100	96	97	0	0	0

0	41	0	8	13	12	2
41	0	40	1	0	16	15
0	40	0	0	0	0	2
8	1	0	0	40	19	8
13	0	0	40	0	8	0
12	16	0	19	8	0	0
2	15	2	8	0	0	0

44	33
50	27
11	49
10	30
15	32
18	44
19	13
