0	0	0	1	0	1	1	1	1
0	0	1	0	0	1	1	0	1
0	1	0	1	1	1	1	0	0
1	0	1	0	1	0	1	0	1
0	0	1	1	0	0	1	1	1
1	1	1	0	0	0	0	1	1
1	1	1	1	1	0	0	1	1
1	0	0	0	1	1	1	0	0
1	1	0	1	1	1	1	0	0

0	0	0	10	0	29	28	46	34
0	0	30	0	0	29	42	0	21
0	30	0	50	33	9	24	0	0
10	0	50	0	6	0	41	0	32
0	0	33	6	0	0	27	24	7
29	29	9	0	0	0	0	44	30
28	42	24	41	27	0	0	26	29
46	0	0	0	24	44	26	0	0
34	21	0	32	7	30	29	0	0

0	0	0	6	0	3	10	7	7
0	0	3	0	0	4	6	0	5
0	3	0	6	4	9	5	0	0
6	0	6	0	4	0	7	0	9
0	0	4	4	0	0	7	8	3
3	4	9	0	0	0	0	4	3
10	6	5	7	7	0	0	5	4
7	0	0	0	8	4	5	0	0
7	5	0	9	3	3	4	0	0

0	0	0	100	0	97	95	96	95
0	0	97	0	0	96	98	0	96
0	97	0	99	96	96	100	0	0
100	0	99	0	99	0	98	0	100
0	0	96	99	0	0	99	96	97
97	96	96	0	0	0	0	99	99
95	98	100	98	99	0	0	95	99
96	0	0	0	96	99	95	0	0
95	96	0	100	97	99	99	0	0

0	0	0	33	0	12	22	8	9
0	0	13	0	0	18	0	0	11
0	13	0	1	14	41	30	0	0
33	0	1	0	15	0	11	0	22
0	0	14	15	0	0	9	14	39
12	18	41	0	0	0	0	8	0
22	0	30	11	9	0	0	12	26
8	0	0	0	14	8	12	0	0
9	11	0	22	39	0	26	0	0

15	47
47	10
10	18
28	32
14	41
22	21
25	42
49	49
14	16
