0	0	1	1	1	1	1	1	1	1
0	0	1	1	0	1	1	0	1	1
1	1	0	1	1	1	1	1	1	0
1	1	1	0	0	0	1	1	1	1
1	0	1	0	0	1	1	0	0	1
1	1	1	0	1	0	1	1	1	1
1	1	1	1	1	1	0	1	0	1
1	0	1	1	0	1	1	0	1	1
1	1	1	1	0	1	0	1	0	1
1	1	0	1	1	1	1	1	1	0

0	0	16	27	8	38	27	51	26	16
0	0	50	23	0	53	34	0	50	13
16	50	0	16	9	27	31	11	28	0
27	23	16	0	0	0	41	34	20	27
8	0	9	0	0	47	37	0	0	53
38	53	27	0	47	0	26	29	48	14
27	34	31	41	37	26	0	27	0	24
51	0	11	34	0	29	27	0	54	46
26	50	28	20	0	48	0	54	0	34
16	13	0	27	53	14	24	46	34	0

0	0	9	3	9	3	8	8	6	4
0	0	9	4	0	8	10	0	7	8
9	9	0	8	5	6	3	8	6	0
3	4	8	0	0	0	3	6	5	6
9	0	5	0	0	10	7	0	0	10
3	8	6	0	10	0	3	3	7	6
8	10	3	3	7	3	0	3	0	9
8	0	8	6	0	3	3	0	5	7
6	7	6	5	0	7	0	5	0	5
4	8	0	6	10	6	9	7	5	0

0	0	97	97	96	96	95	98	100	95
0	0	98	97	0	100	98	0	97	98
97	98	0	98	95	100	98	98	100	0
97	97	98	0	0	0	100	100	95	95
96	0	95	0	0	96	98	0	0	95
96	100	100	0	96	0	100	99	96	95
95	98	98	100	98	100	0	97	0	97
98	0	98	100	0	99	97	0	100	97
100	97	100	95	0	96	0	100	0	100
95	98	0	95	95	95	97	97	100	0

0	0	11	7	27	10	1	2	1	34
0	0	1	3	0	0	9	0	3	21
11	1	0	29	41	25	5	31	10	0
7	3	29	0	0	0	4	16	2	28
27	0	41	0	0	0	10	0	0	0
10	0	25	0	0	0	0	26	3	23
1	9	5	4	10	0	0	20	0	18
2	0	31	16	0	26	20	0	1	6
1	3	10	2	0	3	0	1	0	21
34	21	0	28	0	23	18	6	21	0

28	17
32	49
14	30
37	19
22	44
27	48
13	10
31	44
39	20
30	38
