0	1	0	1	1	1	1	1	1
1	0	0	1	1	0	1	1	1
0	0	0	1	1	1	0	1	1
1	1	1	0	0	1	1	1	0
1	1	1	0	0	1	1	1	1
1	0	1	1	1	0	1	1	1
1	1	0	1	1	1	0	1	1
1	1	1	1	1	1	1	0	1
1	1	1	0	1	1	1	1	0

0	27	0	29	38	5	12	7	21
27	0	0	29	44	0	43	36	35
0	0	0	51	19	36	0	26	9
29	29	51	0	0	36	38	30	0
38	44	19	0	0	35	19	37	34
5	0	36	36	35	0	6	16	31
12	43	0	38	19	6	0	34	6
7	36	26	30	37	16	34	0	23
21	35	9	0	34	31	6	23	0

0	5	0	9	7	10	5	8	3
5	0	0	8	8	0	7	5	3
0	0	0	3	4	6	0	9	8
9	8	3	0	0	9	6	8	0
7	8	4	0	0	10	4	10	6
10	0	6	9	10	0	6	10	6
5	7	0	6	4	6	0	8	9
8	5	9	8	10	10	8	0	5
3	3	8	0	6	6	9	5	0

0	97	0	98	96	99	100	98	99
97	0	0	95	97	0	98	96	100
0	0	0	100	100	99	0	99	96
98	95	100	0	0	97	100	100	0
96	97	100	0	0	98	96	97	99
99	0	99	97	98	0	100	95	95
100	98	0	100	96	100	0	96	99
98	96	99	100	97	95	96	0	95
99	100	96	0	99	95	99	95	0

0	24	0	4	1	3	1	14	19
24	0	0	2	4	0	11	3	2
0	0	0	0	7	7	0	15	5
4	2	0	0	0	10	12	18	0
1	4	7	0	0	0	0	9	11
3	0	7	10	0	0	42	19	9
1	11	0	12	0	42	0	11	26
14	3	15	18	9	19	11	0	25
19	2	5	0	11	9	26	25	0

10	29
41	45
29	22
28	33
43	20
21	17
43	43
43	48
38	19
