0	0	1	1	1	1	1	0	0
0	0	1	1	1	1	0	1	1
1	1	0	1	0	1	0	1	1
1	1	1	0	1	0	1	1	0
1	1	0	1	0	0	1	0	1
1	1	1	0	0	0	1	1	1
1	0	0	1	1	1	0	0	0
0	1	1	1	0	1	0	0	1
0	1	1	0	1	1	0	1	0

0	0	42	18	15	48	16	0	0
0	0	48	41	17	19	0	32	10
42	48	0	7	0	27	0	30	14
18	41	7	0	48	0	30	29	0
15	17	0	48	0	0	13	0	8
48	19	27	0	0	0	32	48	6
16	0	0	30	13	32	0	0	0
0	32	30	29	0	48	0	0	16
0	10	14	0	8	6	0	16	0

0	0	3	3	5	3	8	0	0
0	0	4	6	10	3	0	8	5
3	4	0	9	0	7	0	7	5
3	6	9	0	7	0	8	4	0
5	10	0	7	0	0	8	0	5
3	3	7	0	0	0	4	3	10
8	0	0	8	8	4	0	0	0
0	8	7	4	0	3	0	0	3
0	5	5	0	5	10	0	3	0

0	0	95	98	96	99	100	0	0
0	0	97	99	95	95	0	97	100
95	97	0	98	0	99	0	100	95
98	99	98	0	98	0	96	95	0
96	95	0	98	0	0	98	0	99
99	95	99	0	0	0	96	95	99
100	0	0	96	98	96	0	0	0
0	97	100	95	0	95	0	0	100
0	100	95	0	99	99	0	100	0

0	0	13	0	40	5	1	0	0
0	0	5	9	38	12	0	17	11
13	5	0	32	0	10	0	17	13
0	9	32	0	0	0	0	21	0
40	38	0	0	0	0	20	0	36
5	12	10	0	0	0	2	1	30
1	0	0	0	20	2	0	0	0
0	17	17	21	0	1	0	0	28
0	11	13	0	36	30	0	28	0

11	10
42	31
49	25
41	12
47	31
43	41
37	25
11	34
45	48
