0	1	1	0	1	0	1	1	0	1
1	0	1	1	0	0	1	0	0	1
1	1	0	0	1	1	0	0	0	1
0	1	0	0	0	0	0	0	1	1
1	0	1	0	0	1	1	1	1	0
0	0	1	0	1	0	1	1	1	1
1	1	0	0	1	1	0	1	1	0
1	0	0	0	1	1	1	0	0	0
0	0	0	1	1	1	1	0	0	1
1	1	1	1	0	1	0	0	1	0

0	20	19	0	22	0	29	36	0	37
20	0	36	46	0	0	14	0	0	23
19	36	0	0	51	21	0	0	0	38
0	46	0	0	0	0	0	0	24	45
22	0	51	0	0	34	12	15	36	0
0	0	21	0	34	0	36	31	15	11
29	14	0	0	12	36	0	34	13	0
36	0	0	0	15	31	34	0	0	0
0	0	0	24	36	15	13	0	0	54
37	23	38	45	0	11	0	0	54	0

0	5	3	0	3	0	4	3	0	3
5	0	8	6	0	0	10	0	0	8
3	8	0	0	6	5	0	0	0	4
0	6	0	0	0	0	0	0	6	9
3	0	6	0	0	8	10	6	7	0
0	0	5	0	8	0	6	6	8	6
4	10	0	0	10	6	0	8	3	0
3	0	0	0	6	6	8	0	0	0
0	0	0	6	7	8	3	0	0	7
3	8	4	9	0	6	0	0	7	0

0	98	95	0	97	0	96	96	0	97
98	0	98	100	0	0	100	0	0	97
95	98	0	0	100	98	0	0	0	96
0	100	0	0	0	0	0	0	95	95
97	0	100	0	0	95	96	95	99	0
0	0	98	0	95	0	99	97	98	97
96	100	0	0	96	99	0	96	98	0
96	0	0	0	95	97	96	0	0	0
0	0	0	95	99	98	98	0	0	100
97	97	96	95	0	97	0	0	100	0

0	25	13	0	30	0	0	3	0	0
25	0	9	7	0	0	19	0	0	3
13	9	0	0	3	14	0	0	0	6
0	7	0	0	0	0	0	0	19	2
30	0	3	0	0	6	34	2	4	0
0	0	14	0	6	0	7	6	5	36
0	19	0	0	34	7	0	18	29	0
3	0	0	0	2	6	18	0	0	0
0	0	0	19	4	5	29	0	0	0
0	3	6	2	0	36	0	0	0	0

18	46
23	39
22	19
34	13
15	44
10	28
30	22
42	25
44	30
47	23
