0	1	1	0	0	1	0	1	1
1	0	1	1	1	1	1	0	1
1	1	0	0	1	0	1	1	1
0	1	0	0	0	1	0	1	0
0	1	1	0	0	0	1	0	1
1	1	0	1	0	0	1	1	1
0	1	1	0	1	1	0	1	1
1	0	1	1	0	1	1	0	1
1	1	1	0	1	1	1	1	0

0	27	43	0	0	6	0	46	55
27	0	26	53	43	40	25	0	47
43	26	0	0	38	0	32	23	11
0	53	0	0	0	46	0	34	0
0	43	38	0	0	0	47	0	52
6	40	0	46	0	0	29	54	32
0	25	32	0	47	29	0	48	13
46	0	23	34	0	54	48	0	10
55	47	11	0	52	32	13	10	0

0	9	8	0	0	4	0	5	3
9	0	6	9	5	6	10	0	3
8	6	0	0	10	0	8	5	4
0	9	0	0	0	8	0	10	0
0	5	10	0	0	0	5	0	6
4	6	0	8	0	0	7	4	4
0	10	8	0	5	7	0	4	6
5	0	5	10	0	4	4	0	10
3	3	4	0	6	4	6	10	0

0	97	96	0	0	100	0	98	100
97	0	96	96	100	99	96	0	98
96	96	0	0	97	0	100	99	98
0	96	0	0	0	99	0	98	0
0	100	97	0	0	0	99	0	95
100	99	0	99	0	0	100	99	96
0	96	100	0	99	100	0	100	95
98	0	99	98	0	99	100	0	100
100	98	98	0	95	96	95	100	0

0	2	5	0	0	35	0	4	0
2	0	12	1	10	14	7	0	6
5	12	0	0	17	0	20	31	32
0	1	0	0	0	5	0	3	0
0	10	17	0	0	0	7	0	3
35	14	0	5	0	0	8	1	8
0	7	20	0	7	8	0	2	33
4	0	31	3	0	1	2	0	29
0	6	32	0	3	8	33	29	0

22	30
25	46
46	21
34	18
29	13
37	33
46	48
40	32
28	14
