0	1	1	0	1	0	1
1	0	1	1	1	0	1
1	1	0	1	1	1	1
0	1	1	0	0	1	1
1	1	1	0	0	1	1
0	0	1	1	1	0	0
1	1	1	1	1	0	0

0	48	40	0	16	0	44
48	0	45	36	42	0	21
40	45	0	49	35	34	41
0	36	49	0	0	6	48
16	42	35	0	0	26	12
0	0	34	6	26	0	0
44	21	41	48	12	0	0

0	5	4	0	7	0	5
5	0	3	7	7	0	8
4	3	0	10	5	8	4
0	7	10	0	0	7	5
7	7	5	0	0	6	6
0	0	8	7	6	0	0
5	8	4	5	6	0	0

0	97	95	0	97	0	98
97	0	97	97	100	0	95
95	97	0	97	98	100	98
0	97	97	0	0	98	98
97	100	98	0	0	99	96
0	0	100	98	99	0	0
98	95	98	98	96	0	0

0	4	9	0	38	0	11
4	0	8	14	3	0	12
9	8	0	5	14	17	7
0	14	5	0	0	10	3
38	3	14	0	0	10	29
0	0	17	10	10	0	0
11	12	7	3	29	0	0

45	23
49	22
43	31
37	17
15	12
32	27
30	17
