0	1	0	1	1	1	1
1	0	1	1	0	1	1
0	1	0	0	0	0	1
1	1	0	0	1	1	1
1	0	0	1	0	1	0
1	1	0	1	1	0	0
1	1	1	1	0	0	0

0	51	0	18	10	8	19
51	0	41	14	0	18	33
0	41	0	0	0	0	10
18	14	0	0	24	49	28
10	0	0	24	0	12	0
8	18	0	49	12	0	0
19	33	10	28	0	0	0

0	8	0	8	8	7	10
8	0	6	3	0	6	5
0	6	0	0	0	0	6
8	3	0	0	10	8	4
8	0	0	10	0	4	0
7	6	0	8	4	0	0
10	5	6	4	0	0	0

0	99	0	96	95	98	98
99	0	100	100	0	99	99
0	100	0	0	0	0	98
96	100	0	0	95	100	97
95	0	0	95	0	100	0
98	99	0	100	100	0	0
98	99	98	97	0	0	0

0	3	0	29	28	41	3
3	0	7	0	0	18	19
0	7	0	0	0	0	2
29	0	0	0	6	5	5
28	0	0	6	0	22	0
41	18	0	5	22	0	0
3	19	2	5	0	0	0

19	27
40	27
39	12
21	10
27	12
43	38
14	26
