0	1	0	1	0	1	1	1	1	1
1	0	0	1	1	1	1	0	1	0
0	0	0	0	0	1	0	1	1	1
1	1	0	0	1	1	0	0	1	0
0	1	0	1	0	1	1	1	1	0
1	1	1	1	1	0	1	1	0	1
1	1	0	0	1	1	0	1	1	1
1	0	1	0	1	1	1	0	1	1
1	1	1	1	1	0	1	1	0	1
1	0	1	0	0	1	1	1	1	0

0	28	0	35	0	44	14	46	46	46
28	0	0	31	35	19	49	0	13	0
0	0	0	0	0	29	0	31	51	44
35	31	0	0	49	42	0	0	42	0
0	35	0	49	0	6	28	35	12	0
44	19	29	42	6	0	30	24	0	12
14	49	0	0	28	30	0	54	18	44
46	0	31	0	35	24	54	0	28	7
46	13	51	42	12	0	18	28	0	30
46	0	44	0	0	12	44	7	30	0

0	7	0	7	0	4	9	6	3	5
7	0	0	5	9	6	4	0	5	0
0	0	0	0	0	3	0	8	6	9
7	5	0	0	10	7	0	0	9	0
0	9	0	10	0	6	10	8	6	0
4	6	3	7	6	0	6	3	0	3
9	4	0	0	10	6	0	8	6	3
6	0	8	0	8	3	8	0	10	7
3	5	6	9	6	0	6	10	0	9
5	0	9	0	0	3	3	7	9	0

0	100	0	98	0	99	98	99	99	95
100	0	0	100	97	98	99	0	96	0
0	0	0	0	0	95	0	95	97	97
98	100	0	0	97	96	0	0	95	0
0	97	0	97	0	98	96	100	100	0
99	98	95	96	98	0	95	98	0	96
98	99	0	0	96	95	0	98	95	98
99	0	95	0	100	98	98	0	95	97
99	96	97	95	100	0	95	95	0	95
95	0	97	0	0	96	98	97	95	0

0	10	0	7	0	5	17	0	4	3
10	0	0	0	9	1	6	0	40	0
0	0	0	0	0	14	0	2	0	10
7	0	0	0	3	5	0	0	0	0
0	9	0	3	0	7	23	4	8	0
5	1	14	5	7	0	13	9	0	31
17	6	0	0	23	13	0	0	7	3
0	0	2	0	4	9	0	0	21	15
4	40	0	0	8	0	7	21	0	6
3	0	10	0	0	31	3	15	6	0

47	14
21	28
29	47
49	22
15	20
27	25
38	10
23	36
39	26
37	33
