0	0	1	1	1	1	1	1	0
0	0	1	1	1	1	1	0	0
1	1	0	0	1	0	1	1	0
1	1	0	0	0	0	1	1	0
1	1	1	0	0	0	0	0	0
1	1	0	0	0	0	1	1	0
1	1	1	1	0	1	0	1	1
1	0	1	1	0	1	1	0	1
0	0	0	0	0	0	1	1	0

0	0	39	34	51	27	47	52	0
0	0	40	35	27	31	13	0	0
39	40	0	0	46	0	8	15	0
34	35	0	0	0	0	31	23	0
51	27	46	0	0	0	0	0	0
27	31	0	0	0	0	24	11	0
47	13	8	31	0	24	0	53	37
52	0	15	23	0	11	53	0	26
0	0	0	0	0	0	37	26	0

0	0	10	5	7	9	4	4	0
0	0	3	7	9	8	8	0	0
10	3	0	0	10	0	5	5	0
5	7	0	0	0	0	5	6	0
7	9	10	0	0	0	0	0	0
9	8	0	0	0	0	4	8	0
4	8	5	5	0	4	0	10	3
4	0	5	6	0	8	10	0	6
0	0	0	0	0	0	3	6	0

0	0	95	96	99	97	96	97	0
0	0	95	95	95	100	96	0	0
95	95	0	0	98	0	97	96	0
96	95	0	0	0	0	95	98	0
99	95	98	0	0	0	0	0	0
97	100	0	0	0	0	95	95	0
96	96	97	95	0	95	0	98	97
97	0	96	98	0	95	98	0	95
0	0	0	0	0	0	97	95	0

0	0	9	3	0	1	4	1	0
0	0	6	9	11	10	25	0	0
9	6	0	0	0	0	41	1	0
3	9	0	0	0	0	6	14	0
0	11	0	0	0	0	0	0	0
1	10	0	0	0	0	10	5	0
4	25	41	6	0	10	0	1	14
1	0	1	14	0	5	1	0	26
0	0	0	0	0	0	14	26	0

39	28
40	48
24	12
32	35
47	19
41	26
17	22
25	15
33	10
