0	1	1	1	1	0	1
1	0	1	0	0	0	1
1	1	0	0	1	1	0
1	0	0	0	1	1	1
1	0	1	1	0	1	1
0	0	1	1	1	0	1
1	1	0	1	1	1	0

0	8	34	5	11	0	44
8	0	6	0	0	0	11
34	6	0	0	36	30	0
5	0	0	0	28	28	14
11	0	36	28	0	36	10
0	0	30	28	36	0	17
44	11	0	14	10	17	0

0	8	3	3	7	0	6
8	0	4	0	0	0	7
3	4	0	0	5	10	0
3	0	0	0	7	3	4
7	0	5	7	0	7	10
0	0	10	3	7	0	3
6	7	0	4	10	3	0

0	98	98	96	97	0	95
98	0	100	0	0	0	96
98	100	0	0	97	99	0
96	0	0	0	96	100	96
97	0	97	96	0	95	98
0	0	99	100	95	0	97
95	96	0	96	98	97	0

0	24	18	2	41	0	8
24	0	39	0	0	0	14
18	39	0	0	0	11	0
2	0	0	0	6	9	15
41	0	0	6	0	10	41
0	0	11	9	10	0	33
8	14	0	15	41	33	0

31	30
23	32
47	30
44	45
33	30
21	27
13	46
