0	1	1	1	1	1	0	1
1	0	1	0	1	1	1	1
1	1	0	1	1	1	1	1
1	0	1	0	1	1	0	1
1	1	1	1	0	0	0	1
1	1	1	1	0	0	1	1
0	1	1	0	0	1	0	1
1	1	1	1	1	1	1	0

0	49	14	53	27	11	0	29
49	0	38	0	53	13	49	45
14	38	0	37	47	47	44	50
53	0	37	0	23	28	0	24
27	53	47	23	0	0	0	44
11	13	47	28	0	0	44	43
0	49	44	0	0	44	0	18
29	45	50	24	44	43	18	0

0	8	7	5	3	9	0	3
8	0	4	0	9	6	6	9
7	4	0	6	3	8	10	6
5	0	6	0	4	8	0	4
3	9	3	4	0	0	0	4
9	6	8	8	0	0	7	4
0	6	10	0	0	7	0	3
3	9	6	4	4	4	3	0

0	98	97	95	97	100	0	97
98	0	99	0	100	97	97	98
97	99	0	99	99	100	95	97
95	0	99	0	95	99	0	95
97	100	99	95	0	0	0	98
100	97	100	99	0	0	95	97
0	97	95	0	0	95	0	95
97	98	97	95	98	97	95	0

0	1	15	1	3	24	0	12
1	0	14	0	2	35	3	9
15	14	0	9	8	7	10	5
1	0	9	0	9	27	0	27
3	2	8	9	0	0	0	7
24	35	7	27	0	0	1	8
0	3	10	0	0	1	0	18
12	9	5	27	7	8	18	0

19	31
40	47
28	44
27	23
36	31
15	41
22	31
15	36
