0	0	1	1	1	0	1	1
0	0	0	1	1	1	1	0
1	0	0	0	1	0	1	1
1	1	0	0	1	0	1	1
1	1	1	1	0	0	1	1
0	1	0	0	0	0	1	0
1	1	1	1	1	1	0	1
1	0	1	1	1	0	1	0

0	0	33	36	40	0	7	41
0	0	0	42	24	15	35	0
33	0	0	0	53	0	13	11
36	42	0	0	51	0	27	33
40	24	53	51	0	0	12	23
0	15	0	0	0	0	13	0
7	35	13	27	12	13	0	16
41	0	11	33	23	0	16	0

0	0	4	7	3	0	10	4
0	0	0	7	3	3	6	0
4	0	0	0	4	0	8	10
7	7	0	0	8	0	6	10
3	3	4	8	0	0	8	8
0	3	0	0	0	0	9	0
10	6	8	6	8	9	0	3
4	0	10	10	8	0	3	0

0	0	96	95	96	0	97	100
0	0	0	96	95	99	95	0
96	0	0	0	97	0	96	100
95	96	0	0	95	0	97	95
96	95	97	95	0	0	97	99
0	99	0	0	0	0	98	0
97	95	96	97	97	98	0	100
100	0	100	95	99	0	100	0

0	0	1	5	11	0	43	5
0	0	0	0	5	6	8	0
1	0	0	0	1	0	12	33
5	0	0	0	4	0	3	13
11	5	1	4	0	0	42	24
0	6	0	0	0	0	20	0
43	8	12	3	42	20	0	2
5	0	33	13	24	0	2	0

23	16
42	37
43	45
26	22
16	46
35	26
16	15
50	30
