0	0	0	1	1	0	1	1	1
0	0	0	0	1	1	1	0	0
0	0	0	1	0	0	1	0	1
1	0	1	0	1	1	0	0	0
1	1	0	1	0	0	1	1	1
0	1	0	1	0	0	0	1	0
1	1	1	0	1	0	0	0	1
1	0	0	0	1	1	0	0	0
1	0	1	0	1	0	1	0	0

0	0	0	42	15	0	43	22	17
0	0	0	0	23	7	23	0	0
0	0	0	32	0	0	40	0	21
42	0	32	0	46	42	0	0	0
15	23	0	46	0	0	31	44	13
0	7	0	42	0	0	0	33	0
43	23	40	0	31	0	0	0	13
22	0	0	0	44	33	0	0	0
17	0	21	0	13	0	13	0	0

0	0	0	3	5	0	3	9	7
0	0	0	0	8	8	9	0	0
0	0	0	6	0	0	8	0	10
3	0	6	0	7	5	0	0	0
5	8	0	7	0	0	10	7	6
0	8	0	5	0	0	0	7	0
3	9	8	0	10	0	0	0	4
9	0	0	0	7	7	0	0	0
7	0	10	0	6	0	4	0	0

0	0	0	96	99	0	96	96	98
0	0	0	0	95	98	97	0	0
0	0	0	98	0	0	99	0	95
96	0	98	0	100	95	0	0	0
99	95	0	100	0	0	99	95	97
0	98	0	95	0	0	0	100	0
96	97	99	0	99	0	0	0	99
96	0	0	0	95	100	0	0	0
98	0	95	0	97	0	99	0	0

0	0	0	6	16	0	4	24	21
0	0	0	0	7	36	4	0	0
0	0	0	22	0	0	0	0	12
6	0	22	0	0	5	0	0	0
16	7	0	0	0	0	3	10	2
0	36	0	5	0	0	0	18	0
4	4	0	0	3	0	0	0	39
24	0	0	0	10	18	0	0	0
21	0	12	0	2	0	39	0	0

40	43
38	24
29	28
25	50
26	44
25	43
19	44
23	12
26	14
