0	1	0	1	1	0	0	0
1	0	1	0	1	1	0	0
0	1	0	0	0	1	1	1
1	0	0	0	0	1	1	0
1	1	0	0	0	1	1	1
0	1	1	1	1	0	0	0
0	0	1	1	1	0	0	1
0	0	1	0	1	0	1	0

0	27	0	45	8	0	0	0
27	0	17	0	21	25	0	0
0	17	0	0	0	33	27	47
45	0	0	0	0	7	51	0
8	21	0	0	0	23	29	6
0	25	33	7	23	0	0	0
0	0	27	51	29	0	0	8
0	0	47	0	6	0	8	0

0	4	0	4	10	0	0	0
4	0	6	0	7	6	0	0
0	6	0	0	0	3	10	5
4	0	0	0	0	8	6	0
10	7	0	0	0	4	6	4
0	6	3	8	4	0	0	0
0	0	10	6	6	0	0	9
0	0	5	0	4	0	9	0

0	99	0	95	99	0	0	0
99	0	96	0	95	95	0	0
0	96	0	0	0	95	100	99
95	0	0	0	0	96	100	0
99	95	0	0	0	98	98	95
0	95	95	96	98	0	0	0
0	0	100	100	98	0	0	95
0	0	99	0	95	0	95	0

0	11	0	1	25	0	0	0
11	0	25	0	27	27	0	0
0	25	0	0	0	20	19	1
1	0	0	0	0	33	4	0
25	27	0	0	0	32	2	17
0	27	20	33	32	0	0	0
0	0	19	4	2	0	0	9
0	0	1	0	17	0	9	0

41	23
45	20
21	24
13	25
10	40
29	25
22	36
47	47
