0	1	0	1	1	1	1	1	1	1
1	0	1	1	1	0	1	1	1	0
0	1	0	1	0	1	1	1	1	1
1	1	1	0	1	1	0	1	1	1
1	1	0	1	0	1	1	1	1	1
1	0	1	1	1	0	1	1	1	1
1	1	1	0	1	1	0	1	1	1
1	1	1	1	1	1	1	0	1	1
1	1	1	1	1	1	1	1	0	0
1	0	1	1	1	1	1	1	0	0

0	27	0	41	9	19	38	33	10	23
27	0	29	44	27	0	44	55	14	0
0	29	0	17	0	48	19	41	30	35
41	44	17	0	48	50	0	49	5	46
9	27	0	48	0	23	15	27	54	20
19	0	48	50	23	0	43	18	50	22
38	44	19	0	15	43	0	35	43	20
33	55	41	49	27	18	35	0	31	5
10	14	30	5	54	50	43	31	0	0
23	0	35	46	20	22	20	5	0	0

0	3	0	9	3	4	3	10	7	7
3	0	8	7	6	0	10	6	5	0
0	8	0	8	0	4	10	9	9	3
9	7	8	0	7	9	0	10	7	10
3	6	0	7	0	9	7	9	5	3
4	0	4	9	9	0	8	6	4	7
3	10	10	0	7	8	0	6	6	5
10	6	9	10	9	6	6	0	10	6
7	5	9	7	5	4	6	10	0	0
7	0	3	10	3	7	5	6	0	0

0	95	0	100	100	95	98	100	95	100
95	0	97	97	99	0	97	95	96	0
0	97	0	99	0	96	95	99	99	99
100	97	99	0	95	97	0	97	99	99
100	99	0	95	0	97	100	95	99	98
95	0	96	97	97	0	100	97	95	100
98	97	95	0	100	100	0	95	100	98
100	95	99	97	95	97	95	0	98	100
95	96	99	99	99	95	100	98	0	0
100	0	99	99	98	100	98	100	0	0

0	4	0	0	23	28	17	1	22	26
4	0	18	5	12	0	10	0	28	0
0	18	0	20	0	5	29	3	3	5
0	5	20	0	0	2	0	4	5	7
23	12	0	0	0	12	33	26	0	13
28	0	5	2	12	0	3	3	2	32
17	10	29	0	33	3	0	13	11	2
1	0	3	4	26	3	13	0	23	4
22	28	3	5	0	2	11	23	0	0
26	0	5	7	13	32	2	4	0	0

27	23
18	46
15	25
31	34
37	15
41	38
14	36
15	28
23	35
27	34
