0	1	0	1	1	1	0	0
1	0	1	0	1	1	1	1
0	1	0	1	1	1	0	1
1	0	1	0	0	1	1	1
1	1	1	0	0	0	0	1
1	1	1	1	0	0	0	1
0	1	0	1	0	0	0	1
0	1	1	1	1	1	1	0

0	25	0	49	24	24	0	0
25	0	19	0	20	24	17	7
0	19	0	42	50	11	0	48
49	0	42	0	0	36	21	35
24	20	50	0	0	0	0	46
24	24	11	36	0	0	0	36
0	17	0	21	0	0	0	28
0	7	48	35	46	36	28	0

0	3	0	8	9	4	0	0
3	0	5	0	5	7	8	5
0	5	0	3	7	8	0	7
8	0	3	0	0	10	7	5
9	5	7	0	0	0	0	7
4	7	8	10	0	0	0	9
0	8	0	7	0	0	0	7
0	5	7	5	7	9	7	0

0	100	0	99	98	96	0	0
100	0	95	0	97	100	100	98
0	95	0	95	98	95	0	100
99	0	95	0	0	96	99	100
98	97	98	0	0	0	0	96
96	100	95	96	0	0	0	100
0	100	0	99	0	0	0	99
0	98	100	100	96	100	99	0

0	4	0	4	29	25	0	0
4	0	11	0	29	0	28	28
0	11	0	1	3	20	0	5
4	0	1	0	0	8	0	17
29	29	3	0	0	0	0	7
25	0	20	8	0	0	0	13
0	28	0	0	0	0	0	11
0	28	5	17	7	13	11	0

36	42
10	44
29	30
39	35
14	10
37	22
12	33
22	31
