0	1	1	1	0	0	0	1	0
1	0	1	1	1	0	1	0	0
1	1	0	1	1	1	1	1	1
1	1	1	0	1	1	1	1	1
0	1	1	1	0	0	1	0	1
0	0	1	1	0	0	1	1	1
0	1	1	1	1	1	0	1	1
1	0	1	1	0	1	1	0	1
0	0	1	1	1	1	1	1	0

0	35	33	18	0	0	0	37	0
35	0	10	38	49	0	9	0	0
33	10	0	34	40	6	42	27	50
18	38	34	0	30	46	17	45	35
0	49	40	30	0	0	10	0	39
0	0	6	46	0	0	50	47	48
0	9	42	17	10	50	0	8	14
37	0	27	45	0	47	8	0	5
0	0	50	35	39	48	14	5	0

0	5	8	3	0	0	0	5	0
5	0	4	3	10	0	10	0	0
8	4	0	4	10	10	10	10	6
3	3	4	0	6	4	10	8	8
0	10	10	6	0	0	6	0	4
0	0	10	4	0	0	9	10	7
0	10	10	10	6	9	0	8	3
5	0	10	8	0	10	8	0	3
0	0	6	8	4	7	3	3	0

0	95	98	98	0	0	0	98	0
95	0	97	97	98	0	98	0	0
98	97	0	100	96	95	98	96	99
98	97	100	0	96	100	98	95	96
0	98	96	96	0	0	97	0	98
0	0	95	100	0	0	97	95	98
0	98	98	98	97	97	0	96	96
98	0	96	95	0	95	96	0	97
0	0	99	96	98	98	96	97	0

0	7	8	32	0	0	0	8	0
7	0	38	1	2	0	33	0	0
8	38	0	19	4	23	12	21	2
32	1	19	0	16	6	19	8	17
0	2	4	16	0	0	37	0	12
0	0	23	6	0	0	4	1	2
0	33	12	19	37	4	0	12	32
8	0	21	8	0	1	12	0	42
0	0	2	17	12	2	32	42	0

43	36
15	37
47	40
19	19
16	39
50	33
46	20
20	48
47	22
