0	1	1	1	1	1	1	1
1	0	1	1	1	1	1	0
1	1	0	0	0	1	1	1
1	1	0	0	1	1	1	1
1	1	0	1	0	1	1	1
1	1	1	1	1	0	1	1
1	1	1	1	1	1	0	0
1	0	1	1	1	1	0	0

0	43	45	33	24	12	12	51
43	0	46	43	42	26	42	0
45	46	0	0	0	22	42	14
33	43	0	0	14	29	53	9
24	42	0	14	0	22	27	43
12	26	22	29	22	0	44	30
12	42	42	53	27	44	0	0
51	0	14	9	43	30	0	0

0	7	8	8	3	10	3	9
7	0	7	5	10	8	10	0
8	7	0	0	0	6	9	8
8	5	0	0	7	3	5	4
3	10	0	7	0	4	9	8
10	8	6	3	4	0	10	10
3	10	9	5	9	10	0	0
9	0	8	4	8	10	0	0

0	95	100	96	100	99	100	96
95	0	99	96	97	98	99	0
100	99	0	0	0	98	97	95
96	96	0	0	95	98	100	97
100	97	0	95	0	95	97	96
99	98	98	98	95	0	97	98
100	99	97	100	97	97	0	0
96	0	95	97	96	98	0	0

0	9	6	5	15	2	10	4
9	0	9	1	2	11	11	0
6	9	0	0	0	9	13	14
5	1	0	0	10	25	2	15
15	2	0	10	0	26	0	2
2	11	9	25	26	0	8	20
10	11	13	2	0	8	0	0
4	0	14	15	2	20	0	0

35	39
46	26
48	12
34	29
34	35
13	13
23	41
25	47
