0	1	1	1	1	1	0	1	1	1
1	0	1	1	1	1	1	1	0	1
1	1	0	0	1	1	1	0	0	0
1	1	0	0	0	0	1	1	0	1
1	1	1	0	0	1	1	1	1	1
1	1	1	0	1	0	1	0	1	1
0	1	1	1	1	1	0	1	1	1
1	1	0	1	1	0	1	0	1	1
1	0	0	0	1	1	1	1	0	1
1	1	0	1	1	1	1	1	1	0

0	54	29	31	34	47	0	55	11	32
54	0	7	23	11	24	28	9	0	10
29	7	0	0	5	16	31	0	0	0
31	23	0	0	0	0	28	47	0	48
34	11	5	0	0	20	18	5	10	10
47	24	16	0	20	0	50	0	30	44
0	28	31	28	18	50	0	5	27	34
55	9	0	47	5	0	5	0	23	14
11	0	0	0	10	30	27	23	0	11
32	10	0	48	10	44	34	14	11	0

0	6	6	5	7	8	0	5	3	5
6	0	4	9	7	9	3	9	0	5
6	4	0	0	4	3	9	0	0	0
5	9	0	0	0	0	9	7	0	5
7	7	4	0	0	10	10	4	10	10
8	9	3	0	10	0	4	0	9	7
0	3	9	9	10	4	0	10	5	8
5	9	0	7	4	0	10	0	8	8
3	0	0	0	10	9	5	8	0	8
5	5	0	5	10	7	8	8	8	0

0	95	98	97	98	96	0	98	97	99
95	0	96	96	96	100	97	100	0	95
98	96	0	0	100	96	100	0	0	0
97	96	0	0	0	0	96	99	0	98
98	96	100	0	0	100	96	99	100	95
96	100	96	0	100	0	98	0	98	99
0	97	100	96	96	98	0	99	99	98
98	100	0	99	99	0	99	0	97	99
97	0	0	0	100	98	99	97	0	100
99	95	0	98	95	99	98	99	100	0

0	0	11	22	19	8	0	0	36	18
0	0	34	14	15	19	13	42	0	7
11	34	0	0	2	2	5	0	0	0
22	14	0	0	0	0	26	1	0	6
19	15	2	0	0	20	31	49	15	18
8	19	2	0	20	0	2	0	24	4
0	13	5	26	31	2	0	29	25	9
0	42	0	1	49	0	29	0	28	40
36	0	0	0	15	24	25	28	0	20
18	7	0	6	18	4	9	40	20	0

26	37
18	39
15	42
14	37
11	34
23	24
14	17
13	21
22	24
37	50
