0	0	1	0	1	1	0	1	0
0	0	1	1	1	1	1	0	1
1	1	0	1	1	1	1	1	0
0	1	1	0	1	1	1	1	0
1	1	1	1	0	1	1	0	1
1	1	1	1	1	0	1	1	1
0	1	1	1	1	1	0	0	1
1	0	1	1	0	1	0	0	1
0	1	0	0	1	1	1	1	0

0	0	55	0	32	31	0	7	0
0	0	51	54	49	47	24	0	16
55	51	0	19	30	45	36	7	0
0	54	19	0	20	9	42	32	0
32	49	30	20	0	7	9	0	28
31	47	45	9	7	0	11	14	22
0	24	36	42	9	11	0	0	55
7	0	7	32	0	14	0	0	43
0	16	0	0	28	22	55	43	0

0	0	9	0	3	9	0	3	0
0	0	8	4	3	9	8	0	3
9	8	0	4	7	3	10	4	0
0	4	4	0	6	5	10	6	0
3	3	7	6	0	10	6	0	3
9	9	3	5	10	0	4	9	10
0	8	10	10	6	4	0	0	9
3	0	4	6	0	9	0	0	9
0	3	0	0	3	10	9	9	0

0	0	95	0	99	99	0	96	0
0	0	100	100	99	99	95	0	98
95	100	0	100	100	98	99	98	0
0	100	100	0	98	99	99	97	0
99	99	100	98	0	95	99	0	99
99	99	98	99	95	0	99	99	95
0	95	99	99	99	99	0	0	95
96	0	98	97	0	99	0	0	99
0	98	0	0	99	95	95	99	0

0	0	0	0	4	12	0	13	0
0	0	4	0	3	5	25	0	26
0	4	0	14	13	9	19	36	0
0	0	14	0	29	45	8	2	0
4	3	13	29	0	44	7	0	12
12	5	9	45	44	0	0	20	32
0	25	19	8	7	0	0	0	0
13	0	36	2	0	20	0	0	11
0	26	0	0	12	32	0	11	0

45	21
27	36
33	28
17	39
15	43
38	26
19	20
27	48
41	23
