0	0	1	0	1	1	1	1	1	1
0	0	1	0	1	1	0	1	1	1
1	1	0	1	1	0	0	1	1	1
0	0	1	0	1	1	1	1	1	0
1	1	1	1	0	1	1	1	1	1
1	1	0	1	1	0	1	0	1	1
1	0	0	1	1	1	0	1	1	0
1	1	1	1	1	0	1	0	1	0
1	1	1	1	1	1	1	1	0	1
1	1	1	0	1	1	0	0	1	0

0	0	25	0	26	20	14	32	54	42
0	0	22	0	39	52	0	26	16	54
25	22	0	30	21	0	0	54	31	54
0	0	30	0	46	49	22	33	42	0
26	39	21	46	0	15	44	51	45	45
20	52	0	49	15	0	21	0	13	32
14	0	0	22	44	21	0	36	16	0
32	26	54	33	51	0	36	0	53	0
54	16	31	42	45	13	16	53	0	53
42	54	54	0	45	32	0	0	53	0

0	0	3	0	9	9	9	5	6	7
0	0	4	0	9	6	0	5	7	10
3	4	0	4	5	0	0	7	3	3
0	0	4	0	8	9	10	9	8	0
9	9	5	8	0	4	3	8	3	9
9	6	0	9	4	0	8	0	8	6
9	0	0	10	3	8	0	9	6	0
5	5	7	9	8	0	9	0	5	0
6	7	3	8	3	8	6	5	0	6
7	10	3	0	9	6	0	0	6	0

0	0	97	0	100	96	100	98	96	96
0	0	97	0	99	100	0	98	99	95
97	97	0	96	98	0	0	97	100	100
0	0	96	0	99	99	98	95	100	0
100	99	98	99	0	98	96	95	96	98
96	100	0	99	98	0	95	0	98	100
100	0	0	98	96	95	0	100	97	0
98	98	97	95	95	0	100	0	95	0
96	99	100	100	96	98	97	95	0	96
96	95	100	0	98	100	0	0	96	0

0	0	25	0	15	17	21	12	1	5
0	0	18	0	9	2	0	2	33	1
25	18	0	20	20	0	0	0	17	0
0	0	20	0	1	2	2	22	11	0
15	9	20	1	0	28	3	3	0	5
17	2	0	2	28	0	33	0	32	4
21	0	0	2	3	33	0	17	0	0
12	2	0	22	3	0	17	0	0	0
1	33	17	11	0	32	0	0	0	1
5	1	0	0	5	4	0	0	1	0

33	33
44	23
27	25
32	22
40	26
34	27
38	34
33	10
34	15
33	41
