0	1	1	1	1	1	0	1	1
1	0	1	1	1	1	1	1	1
1	1	0	1	1	0	1	0	1
1	1	1	0	1	1	1	1	1
1	1	1	1	0	1	1	0	1
1	1	0	1	1	0	1	1	1
0	1	1	1	1	1	0	1	1
1	1	0	1	0	1	1	0	1
1	1	1	1	1	1	1	1	0

0	11	23	37	21	11	0	16	29
11	0	30	18	42	27	35	17	8
23	30	0	5	19	0	22	0	26
37	18	5	0	5	17	27	29	16
21	42	19	5	0	29	28	0	35
11	27	0	17	29	0	20	55	26
0	35	22	27	28	20	0	14	16
16	17	0	29	0	55	14	0	25
29	8	26	16	35	26	16	25	0

0	4	5	3	8	6	0	9	3
4	0	5	4	8	6	8	5	4
5	5	0	6	7	0	3	0	8
3	4	6	0	5	8	10	7	9
8	8	7	5	0	6	7	0	6
6	6	0	8	6	0	9	6	9
0	8	3	10	7	9	0	5	9
9	5	0	7	0	6	5	0	7
3	4	8	9	6	9	9	7	0

0	97	100	98	99	98	0	97	97
97	0	95	98	95	96	99	97	98
100	95	0	98	95	0	100	0	97
98	98	98	0	99	100	96	100	100
99	95	95	99	0	100	95	0	100
98	96	0	100	100	0	95	95	98
0	99	100	96	95	95	0	95	99
97	97	0	100	0	95	95	0	98
97	98	97	100	100	98	99	98	0

0	15	27	8	10	8	0	23	24
15	0	7	34	7	28	2	6	37
27	7	0	17	35	0	16	0	29
8	34	17	0	3	18	7	24	22
10	7	35	3	0	18	7	0	16
8	28	0	18	18	0	33	0	7
0	2	16	7	7	33	0	8	38
23	6	0	24	0	0	8	0	21
24	37	29	22	16	7	38	21	0

44	32
24	33
14	43
49	42
50	29
23	17
18	27
30	42
39	31
