0	1	1	1	1	1	1
1	0	0	1	0	1	1
1	0	0	1	1	1	1
1	1	1	0	1	1	1
1	0	1	1	0	0	1
1	1	1	1	0	0	1
1	1	1	1	1	1	0

0	35	9	7	8	11	7
35	0	0	34	0	13	53
9	0	0	14	48	7	40
7	34	14	0	19	46	15
8	0	48	19	0	0	26
11	13	7	46	0	0	19
7	53	40	15	26	19	0

0	7	5	3	5	8	5
7	0	0	3	0	4	10
5	0	0	5	3	6	3
3	3	5	0	10	7	3
5	0	3	10	0	0	4
8	4	6	7	0	0	10
5	10	3	3	4	10	0

0	96	95	98	98	100	96
96	0	0	96	0	100	96
95	0	0	95	97	97	96
98	96	95	0	96	96	95
98	0	97	96	0	0	95
100	100	97	96	0	0	99
96	96	96	95	95	99	0

0	4	16	45	41	28	43
4	0	0	5	0	16	0
16	0	0	38	2	17	9
45	5	38	0	5	5	17
41	0	2	5	0	0	22
28	16	17	5	0	0	14
43	0	9	17	22	14	0

29	47
46	48
24	50
26	14
29	32
23	33
32	11
