0	1	1	1	0	1	0	0	0
1	0	1	1	1	1	1	1	1
1	1	0	0	0	1	1	1	1
1	1	0	0	0	1	1	0	0
0	1	0	0	0	1	0	0	1
1	1	1	1	1	0	1	0	1
0	1	1	1	0	1	0	1	1
0	1	1	0	0	0	1	0	0
0	1	1	0	1	1	1	0	0

0	28	36	28	0	25	0	0	0
28	0	17	33	30	35	33	17	44
36	17	0	0	0	7	14	7	26
28	33	0	0	0	45	46	0	0
0	30	0	0	0	49	0	0	18
25	35	7	45	49	0	13	0	52
0	33	14	46	0	13	0	22	10
0	17	7	0	0	0	22	0	0
0	44	26	0	18	52	10	0	0

0	9	3	10	0	10	0	0	0
9	0	10	8	10	8	5	5	7
3	10	0	0	0	4	9	5	5
10	8	0	0	0	8	4	0	0
0	10	0	0	0	8	0	0	3
10	8	4	8	8	0	8	0	9
0	5	9	4	0	8	0	3	7
0	5	5	0	0	0	3	0	0
0	7	5	0	3	9	7	0	0

0	97	100	99	0	98	0	0	0
97	0	96	98	96	100	96	100	99
100	96	0	0	0	98	95	96	100
99	98	0	0	0	95	97	0	0
0	96	0	0	0	96	0	0	97
98	100	98	95	96	0	98	0	98
0	96	95	97	0	98	0	99	96
0	100	96	0	0	0	99	0	0
0	99	100	0	97	98	96	0	0

0	21	4	6	0	6	0	0	0
21	0	22	1	13	15	0	16	0
4	22	0	0	0	8	7	21	5
6	1	0	0	0	1	4	0	0
0	13	0	0	0	0	0	0	7
6	15	8	1	0	0	26	0	0
0	0	7	4	0	26	0	15	25
0	16	21	0	0	0	15	0	0
0	0	5	0	7	0	25	0	0

46	28
20	43
46	13
15	16
47	30
17	44
47	32
24	25
34	38
