0	1	0	1	1	0	1	0	1	0
1	0	1	1	0	1	1	1	1	0
0	1	0	0	1	1	1	0	0	1
1	1	0	0	1	1	1	0	1	1
1	0	1	1	0	1	1	1	1	0
0	1	1	1	1	0	1	0	1	1
1	1	1	1	1	1	0	0	0	0
0	1	0	0	1	0	0	0	1	1
1	1	0	1	1	1	0	1	0	0
0	0	1	1	0	1	0	1	0	0

0	28	0	15	29	0	11	0	30	0
28	0	15	46	0	36	8	44	7	0
0	15	0	0	50	34	28	0	0	8
15	46	0	0	48	41	13	0	13	17
29	0	50	48	0	16	19	15	19	0
0	36	34	41	16	0	30	0	47	15
11	8	28	13	19	30	0	0	0	0
0	44	0	0	15	0	0	0	51	31
30	7	0	13	19	47	0	51	0	0
0	0	8	17	0	15	0	31	0	0

0	7	0	10	10	0	4	0	8	0
7	0	7	6	0	6	8	7	6	0
0	7	0	0	8	6	9	0	0	6
10	6	0	0	10	3	4	0	4	6
10	0	8	10	0	10	3	6	10	0
0	6	6	3	10	0	10	0	7	4
4	8	9	4	3	10	0	0	0	0
0	7	0	0	6	0	0	0	3	8
8	6	0	4	10	7	0	3	0	0
0	0	6	6	0	4	0	8	0	0

0	100	0	97	100	0	98	0	95	0
100	0	99	97	0	99	99	97	96	0
0	99	0	0	96	100	98	0	0	99
97	97	0	0	95	98	95	0	95	100
100	0	96	95	0	95	98	100	97	0
0	99	100	98	95	0	99	0	96	99
98	99	98	95	98	99	0	0	0	0
0	97	0	0	100	0	0	0	95	95
95	96	0	95	97	96	0	95	0	0
0	0	99	100	0	99	0	95	0	0

0	2	0	0	26	0	24	0	6	0
2	0	17	2	0	19	23	2	40	0
0	17	0	0	2	1	26	0	0	12
0	2	0	0	5	14	22	0	35	1
26	0	2	5	0	26	18	33	15	0
0	19	1	14	26	0	3	0	0	36
24	23	26	22	18	3	0	0	0	0
0	2	0	0	33	0	0	0	2	21
6	40	0	35	15	0	0	2	0	0
0	0	12	1	0	36	0	21	0	0

24	47
36	13
25	13
17	19
47	27
43	23
43	10
20	11
29	26
20	48
