0	1	0	1	0	0	0
1	0	1	1	1	0	1
0	1	0	1	1	1	1
1	1	1	0	0	1	0
0	1	1	0	0	1	1
0	0	1	1	1	0	1
0	1	1	0	1	1	0

0	48	0	54	0	0	0
48	0	50	47	42	0	23
0	50	0	46	31	42	53
54	47	46	0	0	12	0
0	42	31	0	0	9	29
0	0	42	12	9	0	30
0	23	53	0	29	30	0

0	8	0	10	0	0	0
8	0	7	7	3	0	6
0	7	0	5	8	10	6
10	7	5	0	0	4	0
0	3	8	0	0	9	3
0	0	10	4	9	0	4
0	6	6	0	3	4	0

0	98	0	100	0	0	0
98	0	99	98	96	0	98
0	99	0	98	99	97	95
100	98	98	0	0	99	0
0	96	99	0	0	96	100
0	0	97	99	96	0	99
0	98	95	0	100	99	0

0	3	0	1	0	0	0
3	0	3	5	12	0	22
0	3	0	0	22	13	0
1	5	0	0	0	18	0
0	12	22	0	0	38	4
0	0	13	18	38	0	9
0	22	0	0	4	9	0

48	50
10	43
11	40
49	49
29	33
49	23
12	23
