0	1	1	1	1	0	1
1	0	1	1	1	1	1
1	1	0	1	0	1	1
1	1	1	0	0	1	1
1	1	0	0	0	0	0
0	1	1	1	0	0	1
1	1	1	1	0	1	0

0	48	10	43	16	0	17
48	0	27	25	33	27	16
10	27	0	7	0	21	30
43	25	7	0	0	26	41
16	33	0	0	0	0	0
0	27	21	26	0	0	12
17	16	30	41	0	12	0

0	6	6	4	8	0	9
6	0	5	7	5	6	4
6	5	0	3	0	8	3
4	7	3	0	0	10	5
8	5	0	0	0	0	0
0	6	8	10	0	0	7
9	4	3	5	0	7	0

0	100	96	98	97	0	97
100	0	97	98	97	97	99
96	97	0	96	0	98	95
98	98	96	0	0	95	97
97	97	0	0	0	0	0
0	97	98	95	0	0	95
97	99	95	97	0	95	0

0	1	25	4	10	0	33
1	0	28	23	12	28	27
25	28	0	45	0	16	21
4	23	45	0	0	1	4
10	12	0	0	0	0	0
0	28	16	1	0	0	34
33	27	21	4	0	34	0

15	44
42	11
42	17
50	24
27	33
34	30
41	48
