0	1	1	0	1	1	1	0
1	0	1	0	1	1	1	1
1	1	0	1	0	1	1	0
0	0	1	0	1	0	0	1
1	1	0	1	0	0	1	1
1	1	1	0	0	0	1	1
1	1	1	0	1	1	0	1
0	1	0	1	1	1	1	0

0	51	43	0	7	41	6	0
51	0	21	0	27	28	7	19
43	21	0	42	0	18	36	0
0	0	42	0	50	0	0	19
7	27	0	50	0	0	29	53
41	28	18	0	0	0	35	5
6	7	36	0	29	35	0	39
0	19	0	19	53	5	39	0

0	6	8	0	3	7	7	0
6	0	10	0	9	6	10	3
8	10	0	3	0	3	10	0
0	0	3	0	7	0	0	4
3	9	0	7	0	0	7	8
7	6	3	0	0	0	3	5
7	10	10	0	7	3	0	10
0	3	0	4	8	5	10	0

0	97	98	0	98	98	95	0
97	0	100	0	100	99	95	98
98	100	0	95	0	98	99	0
0	0	95	0	100	0	0	98
98	100	0	100	0	0	96	95
98	99	98	0	0	0	97	95
95	95	99	0	96	97	0	95
0	98	0	98	95	95	95	0

0	0	4	0	21	3	3	0
0	0	32	0	25	11	48	15
4	32	0	8	0	36	2	0
0	0	8	0	5	0	0	19
21	25	0	5	0	0	11	1
3	11	36	0	0	0	10	46
3	48	2	0	11	10	0	10
0	15	0	19	1	46	10	0

45	46
38	45
42	39
46	22
47	32
42	41
34	19
39	24
