0	1	1	1	1	1	1
1	0	0	0	0	0	1
1	0	0	0	1	1	1
1	0	0	0	1	1	1
1	0	1	1	0	1	1
1	0	1	1	1	0	1
1	1	1	1	1	1	0

0	14	13	38	34	54	38
14	0	0	0	0	0	20
13	0	0	0	11	25	21
38	0	0	0	25	25	14
34	0	11	25	0	14	11
54	0	25	25	14	0	35
38	20	21	14	11	35	0

0	7	4	9	6	7	10
7	0	0	0	0	0	8
4	0	0	0	8	5	5
9	0	0	0	10	3	4
6	0	8	10	0	5	7
7	0	5	3	5	0	5
10	8	5	4	7	5	0

0	99	100	100	99	98	100
99	0	0	0	0	0	100
100	0	0	0	99	100	96
100	0	0	0	97	95	99
99	0	99	97	0	95	97
98	0	100	95	95	0	98
100	100	96	99	97	98	0

0	1	19	0	19	0	12
1	0	0	0	0	0	14
19	0	0	0	10	2	1
0	0	0	0	6	17	3
19	0	10	6	0	25	17
0	0	2	17	25	0	0
12	14	1	3	17	0	0

11	30
36	39
20	24
45	47
19	46
14	34
32	47
