0	1	1	0	1	1	1
1	0	0	1	1	0	0
1	0	0	1	1	1	1
0	1	1	0	1	1	0
1	1	1	1	0	1	1
1	0	1	1	1	0	1
1	0	1	0	1	1	0

0	29	32	0	48	36	41
29	0	0	33	26	0	0
32	0	0	54	7	31	44
0	33	54	0	26	15	0
48	26	7	26	0	41	30
36	0	31	15	41	0	6
41	0	44	0	30	6	0

0	10	4	0	4	9	7
10	0	0	9	7	0	0
4	0	0	3	4	4	3
0	9	3	0	7	6	0
4	7	4	7	0	4	6
9	0	4	6	4	0	3
7	0	3	0	6	3	0

0	95	96	0	98	97	99
95	0	0	98	98	0	0
96	0	0	99	99	98	99
0	98	99	0	97	99	0
98	98	99	97	0	95	95
97	0	98	99	95	0	96
99	0	99	0	95	96	0

0	19	8	0	2	18	12
19	0	0	7	18	0	0
8	0	0	1	20	1	6
0	7	1	0	23	0	0
2	18	20	23	0	7	17
18	0	1	0	7	0	18
12	0	6	0	17	18	0

50	37
10	23
36	33
27	42
32	42
10	12
15	49
