0	1	0	1	0	1	0	1
1	0	0	1	0	1	1	0
0	0	0	1	1	1	1	0
1	1	1	0	1	1	1	1
0	0	1	1	0	1	1	0
1	1	1	1	1	0	1	1
0	1	1	1	1	1	0	1
1	0	0	1	0	1	1	0

0	51	0	29	0	46	0	48
51	0	0	24	0	39	47	0
0	0	0	55	25	25	8	0
29	24	55	0	30	10	23	21
0	0	25	30	0	38	54	0
46	39	25	10	38	0	38	41
0	47	8	23	54	38	0	35
48	0	0	21	0	41	35	0

0	3	0	6	0	3	0	9
3	0	0	6	0	9	10	0
0	0	0	4	7	10	6	0
6	6	4	0	8	10	6	7
0	0	7	8	0	7	10	0
3	9	10	10	7	0	7	8
0	10	6	6	10	7	0	9
9	0	0	7	0	8	9	0

0	96	0	99	0	95	0	100
96	0	0	96	0	99	99	0
0	0	0	100	96	99	98	0
99	96	100	0	98	97	99	95
0	0	96	98	0	96	97	0
95	99	99	97	96	0	96	97
0	99	98	99	97	96	0	98
100	0	0	95	0	97	98	0

0	2	0	7	0	0	0	5
2	0	0	21	0	3	0	0
0	0	0	0	23	1	22	0
7	21	0	0	21	19	17	22
0	0	23	21	0	8	0	0
0	3	1	19	8	0	12	8
0	0	22	17	0	12	0	14
5	0	0	22	0	8	14	0

41	37
28	29
31	21
12	31
29	36
12	21
44	15
39	10
