0	1	0	1	1	1	1	1	1	1
1	0	1	1	0	0	1	0	1	1
0	1	0	0	0	1	0	0	0	1
1	1	0	0	1	1	1	0	1	1
1	0	0	1	0	1	0	1	1	1
1	0	1	1	1	0	1	1	1	1
1	1	0	1	0	1	0	1	1	1
1	0	0	0	1	1	1	0	1	0
1	1	0	1	1	1	1	1	0	1
1	1	1	1	1	1	1	0	1	0

0	46	0	22	14	47	6	27	37	36
46	0	37	33	0	0	45	0	5	32
0	37	0	0	0	6	0	0	0	18
22	33	0	0	46	34	44	0	25	48
14	0	0	46	0	28	0	13	49	55
47	0	6	34	28	0	29	9	11	35
6	45	0	44	0	29	0	18	20	47
27	0	0	0	13	9	18	0	10	0
37	5	0	25	49	11	20	10	0	39
36	32	18	48	55	35	47	0	39	0

0	8	0	10	9	8	7	4	6	8
8	0	4	5	0	0	8	0	10	10
0	4	0	0	0	9	0	0	0	4
10	5	0	0	4	6	8	0	7	5
9	0	0	4	0	7	0	10	7	8
8	0	9	6	7	0	7	6	9	5
7	8	0	8	0	7	0	3	10	10
4	0	0	0	10	6	3	0	6	0
6	10	0	7	7	9	10	6	0	7
8	10	4	5	8	5	10	0	7	0

0	97	0	95	97	95	97	95	99	100
97	0	95	100	0	0	96	0	99	97
0	95	0	0	0	95	0	0	0	97
95	100	0	0	95	97	96	0	98	99
97	0	0	95	0	98	0	95	100	97
95	0	95	97	98	0	95	97	98	95
97	96	0	96	0	95	0	96	99	95
95	0	0	0	95	97	96	0	96	0
99	99	0	98	100	98	99	96	0	96
100	97	97	99	97	95	95	0	96	0

0	4	0	21	16	5	42	9	3	7
4	0	6	0	0	0	3	0	11	4
0	6	0	0	0	9	0	0	0	21
21	0	0	0	5	10	10	0	4	4
16	0	0	5	0	1	0	5	5	0
5	0	9	10	1	0	21	19	9	13
42	3	0	10	0	21	0	16	33	6
9	0	0	0	5	19	16	0	38	0
3	11	0	4	5	9	33	38	0	8
7	4	21	4	0	13	6	0	8	0

27	11
29	49
29	22
46	24
33	35
40	12
40	28
13	34
50	37
25	33
