0	1	1	1	0	1	1	1	1
1	0	1	1	1	1	0	1	0
1	1	0	1	1	1	1	1	1
1	1	1	0	0	0	1	0	1
0	1	1	0	0	1	1	1	0
1	1	1	0	1	0	1	1	1
1	0	1	1	1	1	0	0	1
1	1	1	0	1	1	0	0	1
1	0	1	1	0	1	1	1	0

0	27	20	53	0	11	18	18	32
27	0	13	32	39	36	0	13	0
20	13	0	32	30	17	5	26	35
53	32	32	0	0	0	8	0	8
0	39	30	0	0	19	41	44	0
11	36	17	0	19	0	20	40	8
18	0	5	8	41	20	0	0	23
18	13	26	0	44	40	0	0	50
32	0	35	8	0	8	23	50	0

0	9	10	4	0	6	7	10	3
9	0	8	3	7	7	0	9	0
10	8	0	5	10	8	5	9	10
4	3	5	0	0	0	4	0	10
0	7	10	0	0	8	4	10	0
6	7	8	0	8	0	4	5	6
7	0	5	4	4	4	0	0	3
10	9	9	0	10	5	0	0	6
3	0	10	10	0	6	3	6	0

0	97	95	95	0	100	97	98	100
97	0	99	98	98	95	0	97	0
95	99	0	99	98	96	100	98	98
95	98	99	0	0	0	97	0	99
0	98	98	0	0	98	95	100	0
100	95	96	0	98	0	95	100	96
97	0	100	97	95	95	0	0	95
98	97	98	0	100	100	0	0	99
100	0	98	99	0	96	95	99	0

0	2	30	0	0	38	20	29	3
2	0	12	23	0	5	0	37	0
30	12	0	13	11	16	34	29	15
0	23	13	0	0	0	39	0	14
0	0	11	0	0	36	2	8	0
38	5	16	0	36	0	2	12	2
20	0	34	39	2	2	0	0	25
29	37	29	0	8	12	0	0	4
3	0	15	14	0	2	25	4	0

23	40
44	39
41	22
37	35
16	28
34	15
21	41
35	41
12	32
