0	1	1	1	1	0	1	1	0	0
1	0	0	0	0	0	1	1	1	1
1	0	0	1	1	1	1	0	1	1
1	0	1	0	1	1	1	1	0	1
1	0	1	1	0	0	0	1	1	1
0	0	1	1	0	0	1	0	0	1
1	1	1	1	0	1	0	1	1	0
1	1	0	1	1	0	1	0	1	0
0	1	1	0	1	0	1	1	0	1
0	1	1	1	1	1	0	0	1	0

0	27	11	5	23	0	38	42	0	0
27	0	0	0	0	0	40	7	22	46
11	0	0	50	40	23	25	0	15	26
5	0	50	0	14	51	32	44	0	11
23	0	40	14	0	0	0	55	48	34
0	0	23	51	0	0	21	0	0	38
38	40	25	32	0	21	0	19	51	0
42	7	0	44	55	0	19	0	49	0
0	22	15	0	48	0	51	49	0	41
0	46	26	11	34	38	0	0	41	0

0	8	8	3	6	0	9	3	0	0
8	0	0	0	0	0	10	6	4	4
8	0	0	4	6	8	8	0	9	3
3	0	4	0	6	3	3	4	0	7
6	0	6	6	0	0	0	4	10	6
0	0	8	3	0	0	5	0	0	6
9	10	8	3	0	5	0	9	7	0
3	6	0	4	4	0	9	0	10	0
0	4	9	0	10	0	7	10	0	10
0	4	3	7	6	6	0	0	10	0

0	99	99	99	100	0	98	98	0	0
99	0	0	0	0	0	98	97	95	95
99	0	0	95	95	98	99	0	98	100
99	0	95	0	99	99	96	95	0	96
100	0	95	99	0	0	0	97	100	96
0	0	98	99	0	0	98	0	0	96
98	98	99	96	0	98	0	98	96	0
98	97	0	95	97	0	98	0	100	0
0	95	98	0	100	0	96	100	0	99
0	95	100	96	96	96	0	0	99	0

0	19	32	28	7	0	0	8	0	0
19	0	0	0	0	0	14	26	12	5
32	0	0	3	2	23	5	0	29	5
28	0	3	0	34	2	7	2	0	43
7	0	2	34	0	0	0	0	0	21
0	0	23	2	0	0	9	0	0	5
0	14	5	7	0	9	0	2	2	0
8	26	0	2	0	0	2	0	3	0
0	12	29	0	0	0	2	3	0	10
0	5	5	43	21	5	0	0	10	0

13	45
14	45
13	43
19	25
50	40
37	16
30	19
24	11
50	16
44	28
