0	0	0	1	1	1	1
0	0	0	1	1	1	0
0	0	0	1	1	0	1
1	1	1	0	1	1	1
1	1	1	1	0	0	1
1	1	0	1	0	0	1
1	0	1	1	1	1	0

0	0	0	26	26	31	52
0	0	0	29	34	42	0
0	0	0	5	33	0	42
26	29	5	0	21	43	16
26	34	33	21	0	0	50
31	42	0	43	0	0	7
52	0	42	16	50	7	0

0	0	0	4	9	9	7
0	0	0	3	7	10	0
0	0	0	5	8	0	10
4	3	5	0	6	7	3
9	7	8	6	0	0	6
9	10	0	7	0	0	10
7	0	10	3	6	10	0

0	0	0	96	99	99	96
0	0	0	98	95	97	0
0	0	0	98	100	0	97
96	98	98	0	98	100	96
99	95	100	98	0	0	95
99	97	0	100	0	0	98
96	0	97	96	95	98	0

0	0	0	22	4	8	2
0	0	0	5	15	9	0
0	0	0	8	0	0	9
22	5	8	0	13	9	17
4	15	0	13	0	0	5
8	9	0	9	0	0	48
2	0	9	17	5	48	0

45	48
46	28
22	44
48	35
18	28
32	21
41	37
