0	1	0	1	1	0	0	0	0	0
1	0	1	0	0	0	0	0	0	1
0	1	0	0	0	0	1	0	1	0
1	0	0	0	0	1	0	0	0	0
1	0	0	0	0	0	0	0	0	0
0	0	0	1	0	0	0	1	0	0
0	0	1	0	0	0	0	0	0	0
0	0	0	0	0	1	0	0	0	0
0	0	1	0	0	0	0	0	0	0
0	1	0	0	0	0	0	0	0	0

0	20	0	20	20	0	0	0	0	0
20	0	20	0	0	0	0	0	0	20
0	20	0	0	0	0	20	0	20	0
20	0	0	0	0	20	0	0	0	0
20	0	0	0	0	0	0	0	0	0
0	0	0	20	0	0	0	20	0	0
0	0	20	0	0	0	0	0	0	0
0	0	0	0	0	20	0	0	0	0
0	0	20	0	0	0	0	0	0	0
0	20	0	0	0	0	0	0	0	0

0	1	0	1	1	0	0	0	0	0
1	0	1	0	0	0	0	0	0	1
0	1	0	0	0	0	1	0	1	0
1	0	0	0	0	1	0	0	0	0
1	0	0	0	0	0	0	0	0	0
0	0	0	1	0	0	0	1	0	0
0	0	1	0	0	0	0	0	0	0
0	0	0	0	0	1	0	0	0	0
0	0	1	0	0	0	0	0	0	0
0	1	0	0	0	0	0	0	0	0

0	1	0	1	1	0	0	0	0	0
1	0	1	0	0	0	0	0	0	1
0	1	0	0	0	0	1	0	1	0
1	0	0	0	0	1	0	0	0	0
1	0	0	0	0	0	0	0	0	0
0	0	0	1	0	0	0	1	0	0
0	0	1	0	0	0	0	0	0	0
0	0	0	0	0	1	0	0	0	0
0	0	1	0	0	0	0	0	0	0
0	1	0	0	0	0	0	0	0	0

21	20
20	19
20	16
19	20
16	19
19	17
17	19
20	24
24	24
19	20

13	4
4	18
11	19
7	22
6	16
19	0
18	7
15	13
12	0
11	21
