0	1	0	0	0	0	0	0	0	0
1	0	1	0	0	1	0	0	1	0
0	1	0	1	0	0	1	0	0	0
0	0	1	0	1	0	0	0	0	0
0	0	0	1	0	0	0	0	0	0
0	1	0	0	0	0	0	1	0	0
0	0	1	0	0	0	0	0	0	0
0	0	0	0	0	1	0	0	0	1
0	1	0	0	0	0	0	0	0	0
0	0	0	0	0	0	0	1	0	0

0	25	0	0	0	0	0	0	0	0
25	0	25	0	0	25	0	0	25	0
0	25	0	25	0	0	25	0	0	0
0	0	25	0	25	0	0	0	0	0
0	0	0	25	0	0	0	0	0	0
0	25	0	0	0	0	0	25	0	0
0	0	25	0	0	0	0	0	0	0
0	0	0	0	0	25	0	0	0	25
0	25	0	0	0	0	0	0	0	0
0	0	0	0	0	0	0	25	0	0

0	1	0	0	0	0	0	0	0	0
1	0	1	0	0	1	0	0	1	0
0	1	0	1	0	0	1	0	0	0
0	0	1	0	1	0	0	0	0	0
0	0	0	1	0	0	0	0	0	0
0	1	0	0	0	0	0	1	0	0
0	0	1	0	0	0	0	0	0	0
0	0	0	0	0	1	0	0	0	1
0	1	0	0	0	0	0	0	0	0
0	0	0	0	0	0	0	1	0	0

0	1	0	0	0	0	0	0	0	0
1	0	1	0	0	1	0	0	1	0
0	1	0	1	0	0	1	0	0	0
0	0	1	0	1	0	0	0	0	0
0	0	0	1	0	0	0	0	0	0
0	1	0	0	0	0	0	1	0	0
0	0	1	0	0	0	0	0	0	0
0	0	0	0	0	1	0	0	0	1
0	1	0	0	0	0	0	0	0	0
0	0	0	0	0	0	0	1	0	0

22	20
17	18
21	19
19	21
18	22
23	24
20	17
16	25
19	20
16	25

16	17
16	23
6	14
6	12
23	5
4	9
14	8
15	16
21	10
19	20
