0	1	1	0	0	1	0	1
1	0	0	1	0	0	0	0
1	0	0	0	0	0	0	0
0	1	0	0	1	0	1	0
0	0	0	1	0	0	0	0
1	0	0	0	0	0	0	0
0	0	0	1	0	0	0	0
1	0	0	0	0	0	0	0

0	15	15	0	0	15	0	15
15	0	0	15	0	0	0	0
15	0	0	0	0	0	0	0
0	15	0	0	15	0	15	0
0	0	0	15	0	0	0	0
15	0	0	0	0	0	0	0
0	0	0	15	0	0	0	0
15	0	0	0	0	0	0	0

0	1	1	0	0	1	0	1
1	0	0	1	0	0	0	0
1	0	0	0	0	0	0	0
0	1	0	0	1	0	1	0
0	0	0	1	0	0	0	0
1	0	0	0	0	0	0	0
0	0	0	1	0	0	0	0
1	0	0	0	0	0	0	0

0	1	1	0	0	1	0	1
1	0	0	1	0	0	0	0
1	0	0	0	0	0	0	0
0	1	0	0	1	0	1	0
0	0	0	1	0	0	0	0
1	0	0	0	0	0	0	0
0	0	0	1	0	0	0	0
1	0	0	0	0	0	0	0

18	24
15	21
18	20
18	22
20	16
24	22
21	25
20	16

11	14
5	9
23	14
10	16
20	13
22	20
17	15
0	15
