0	1	1	1	0	0	0	0
1	0	0	0	0	1	1	0
1	0	0	0	0	0	0	0
1	0	0	0	1	0	0	1
0	0	0	1	0	0	0	0
0	1	0	0	0	0	0	0
0	1	0	0	0	0	0	0
0	0	0	1	0	0	0	0

0	25	25	25	0	0	0	0
25	0	0	0	0	25	25	0
25	0	0	0	0	0	0	0
25	0	0	0	25	0	0	25
0	0	0	25	0	0	0	0
0	25	0	0	0	0	0	0
0	25	0	0	0	0	0	0
0	0	0	25	0	0	0	0

0	1	1	1	0	0	0	0
1	0	0	0	0	1	1	0
1	0	0	0	0	0	0	0
1	0	0	0	1	0	0	1
0	0	0	1	0	0	0	0
0	1	0	0	0	0	0	0
0	1	0	0	0	0	0	0
0	0	0	1	0	0	0	0

0	1	1	1	0	0	0	0
1	0	0	0	0	1	1	0
1	0	0	0	0	0	0	0
1	0	0	0	1	0	0	1
0	0	0	1	0	0	0	0
0	1	0	0	0	0	0	0
0	1	0	0	0	0	0	0
0	0	0	1	0	0	0	0

17	17
15	18
17	16
24	25
21	16
21	18
18	22
18	22

12	19
3	19
3	6
21	18
10	5
3	20
12	5
7	17
