0	1	1	0	0	0	0	0	0	0
1	0	0	1	0	0	1	1	1	0
1	0	0	0	1	0	0	0	0	0
0	1	0	0	0	1	0	0	0	0
0	0	1	0	0	0	0	0	0	0
0	0	0	1	0	0	0	0	0	0
0	1	0	0	0	0	0	0	0	0
0	1	0	0	0	0	0	0	0	1
0	1	0	0	0	0	0	0	0	0
0	0	0	0	0	0	0	1	0	0

0	15	15	0	0	0	0	0	0	0
15	0	0	15	0	0	15	15	15	0
15	0	0	0	15	0	0	0	0	0
0	15	0	0	0	15	0	0	0	0
0	0	15	0	0	0	0	0	0	0
0	0	0	15	0	0	0	0	0	0
0	15	0	0	0	0	0	0	0	0
0	15	0	0	0	0	0	0	0	15
0	15	0	0	0	0	0	0	0	0
0	0	0	0	0	0	0	15	0	0

0	1	1	0	0	0	0	0	0	0
1	0	0	1	0	0	1	1	1	0
1	0	0	0	1	0	0	0	0	0
0	1	0	0	0	1	0	0	0	0
0	0	1	0	0	0	0	0	0	0
0	0	0	1	0	0	0	0	0	0
0	1	0	0	0	0	0	0	0	0
0	1	0	0	0	0	0	0	0	1
0	1	0	0	0	0	0	0	0	0
0	0	0	0	0	0	0	1	0	0

0	1	1	0	0	0	0	0	0	0
1	0	0	1	0	0	1	1	1	0
1	0	0	0	1	0	0	0	0	0
0	1	0	0	0	1	0	0	0	0
0	0	1	0	0	0	0	0	0	0
0	0	0	1	0	0	0	0	0	0
0	1	0	0	0	0	0	0	0	0
0	1	0	0	0	0	0	0	0	1
0	1	0	0	0	0	0	0	0	0
0	0	0	0	0	0	0	1	0	0

17	15
16	17
23	22
16	19
18	15
25	18
23	16
17	17
22	21
21	19

14	13
18	12
8	19
13	14
9	2
8	3
0	7
19	10
0	6
4	7
