0	1	1	1	0	0	1	0
1	0	0	0	0	0	0	0
1	0	0	0	1	0	0	1
1	0	0	0	0	1	0	0
0	0	1	0	0	0	0	0
0	0	0	1	0	0	0	0
1	0	0	0	0	0	0	0
0	0	1	0	0	0	0	0

0	20	20	20	0	0	20	0
20	0	0	0	0	0	0	0
20	0	0	0	20	0	0	20
20	0	0	0	0	20	0	0
0	0	20	0	0	0	0	0
0	0	0	20	0	0	0	0
20	0	0	0	0	0	0	0
0	0	20	0	0	0	0	0

0	1	1	1	0	0	1	0
1	0	0	0	0	0	0	0
1	0	0	0	1	0	0	1
1	0	0	0	0	1	0	0
0	0	1	0	0	0	0	0
0	0	0	1	0	0	0	0
1	0	0	0	0	0	0	0
0	0	1	0	0	0	0	0

0	1	1	1	0	0	1	0
1	0	0	0	0	0	0	0
1	0	0	0	1	0	0	1
1	0	0	0	0	1	0	0
0	0	1	0	0	0	0	0
0	0	0	1	0	0	0	0
1	0	0	0	0	0	0	0
0	0	1	0	0	0	0	0

22	25
21	25
25	22
21	22
25	25
25	20
25	22
21	15

13	21
22	16
13	1
15	20
22	8
6	10
1	10
23	12
