0	1	1	0	0	0	0	0	0	0
1	0	0	0	0	0	0	0	0	0
1	0	0	1	1	1	0	0	0	0
0	0	1	0	0	0	0	0	0	1
0	0	1	0	0	0	1	0	0	0
0	0	1	0	0	0	0	1	1	0
0	0	0	0	1	0	0	0	0	0
0	0	0	0	0	1	0	0	0	0
0	0	0	0	0	1	0	0	0	0
0	0	0	1	0	0	0	0	0	0

0	25	25	0	0	0	0	0	0	0
25	0	0	0	0	0	0	0	0	0
25	0	0	25	25	25	0	0	0	0
0	0	25	0	0	0	0	0	0	25
0	0	25	0	0	0	25	0	0	0
0	0	25	0	0	0	0	25	25	0
0	0	0	0	25	0	0	0	0	0
0	0	0	0	0	25	0	0	0	0
0	0	0	0	0	25	0	0	0	0
0	0	0	25	0	0	0	0	0	0

0	1	1	0	0	0	0	0	0	0
1	0	0	0	0	0	0	0	0	0
1	0	0	1	1	1	0	0	0	0
0	0	1	0	0	0	0	0	0	1
0	0	1	0	0	0	1	0	0	0
0	0	1	0	0	0	0	1	1	0
0	0	0	0	1	0	0	0	0	0
0	0	0	0	0	1	0	0	0	0
0	0	0	0	0	1	0	0	0	0
0	0	0	1	0	0	0	0	0	0

0	1	1	0	0	0	0	0	0	0
1	0	0	0	0	0	0	0	0	0
1	0	0	1	1	1	0	0	0	0
0	0	1	0	0	0	0	0	0	1
0	0	1	0	0	0	1	0	0	0
0	0	1	0	0	0	0	1	1	0
0	0	0	0	1	0	0	0	0	0
0	0	0	0	0	1	0	0	0	0
0	0	0	0	0	1	0	0	0	0
0	0	0	1	0	0	0	0	0	0

24	16
21	21
22	25
24	22
20	21
23	25
16	21
24	23
20	21
22	24

3	21
11	23
6	18
18	15
15	21
4	18
22	6
7	23
7	23
8	0
