0	1	0	1	0	0	0	1
1	0	1	0	0	0	1	0
0	1	0	0	0	0	0	0
1	0	0	0	1	0	0	0
0	0	0	1	0	1	0	0
0	0	0	0	1	0	0	0
0	1	0	0	0	0	0	0
1	0	0	0	0	0	0	0

0	25	0	25	0	0	0	25
25	0	25	0	0	0	25	0
0	25	0	0	0	0	0	0
25	0	0	0	25	0	0	0
0	0	0	25	0	25	0	0
0	0	0	0	25	0	0	0
0	25	0	0	0	0	0	0
25	0	0	0	0	0	0	0

0	1	0	1	0	0	0	1
1	0	1	0	0	0	1	0
0	1	0	0	0	0	0	0
1	0	0	0	1	0	0	0
0	0	0	1	0	1	0	0
0	0	0	0	1	0	0	0
0	1	0	0	0	0	0	0
1	0	0	0	0	0	0	0

0	1	0	1	0	0	0	1
1	0	1	0	0	0	1	0
0	1	0	0	0	0	0	0
1	0	0	0	1	0	0	0
0	0	0	1	0	1	0	0
0	0	0	0	1	0	0	0
0	1	0	0	0	0	0	0
1	0	0	0	0	0	0	0

16	17
23	24
23	25
24	21
21	23
17	21
25	25
19	23

9	18
22	13
12	15
16	10
11	7
17	9
11	19
19	6
