0	1	0	1	0	0	0	0	0	0
1	0	1	0	0	1	0	0	0	0
0	1	0	0	0	0	0	0	0	0
1	0	0	0	1	0	0	0	0	0
0	0	0	1	0	0	0	1	0	0
0	1	0	0	0	0	1	0	0	0
0	0	0	0	0	1	0	0	0	0
0	0	0	0	1	0	0	0	1	0
0	0	0	0	0	0	0	1	0	1
0	0	0	0	0	0	0	0	1	0

0	25	0	25	0	0	0	0	0	0
25	0	25	0	0	25	0	0	0	0
0	25	0	0	0	0	0	0	0	0
25	0	0	0	25	0	0	0	0	0
0	0	0	25	0	0	0	25	0	0
0	25	0	0	0	0	25	0	0	0
0	0	0	0	0	25	0	0	0	0
0	0	0	0	25	0	0	0	25	0
0	0	0	0	0	0	0	25	0	25
0	0	0	0	0	0	0	0	25	0

0	1	0	1	0	0	0	0	0	0
1	0	1	0	0	1	0	0	0	0
0	1	0	0	0	0	0	0	0	0
1	0	0	0	1	0	0	0	0	0
0	0	0	1	0	0	0	1	0	0
0	1	0	0	0	0	1	0	0	0
0	0	0	0	0	1	0	0	0	0
0	0	0	0	1	0	0	0	1	0
0	0	0	0	0	0	0	1	0	1
0	0	0	0	0	0	0	0	1	0

0	1	0	1	0	0	0	0	0	0
1	0	1	0	0	1	0	0	0	0
0	1	0	0	0	0	0	0	0	0
1	0	0	0	1	0	0	0	0	0
0	0	0	1	0	0	0	1	0	0
0	1	0	0	0	0	1	0	0	0
0	0	0	0	0	1	0	0	0	0
0	0	0	0	1	0	0	0	1	0
0	0	0	0	0	0	0	1	0	1
0	0	0	0	0	0	0	0	1	0

22	18
25	17
22	15
24	23
25	22
16	15
21	15
24	15
20	22
20	19

6	5
21	16
20	9
17	2
8	10
18	21
16	18
12	18
8	19
11	10
