0	1	0	0	0	0	0	0	0	0
1	0	1	0	1	0	0	0	0	0
0	1	0	1	0	1	0	0	0	0
0	0	1	0	0	0	1	1	0	0
0	1	0	0	0	0	0	0	0	0
0	0	1	0	0	0	0	0	0	0
0	0	0	1	0	0	0	0	0	0
0	0	0	1	0	0	0	0	1	1
0	0	0	0	0	0	0	1	0	0
0	0	0	0	0	0	0	1	0	0

0	10	0	0	0	0	0	0	0	0
10	0	10	0	10	0	0	0	0	0
0	10	0	10	0	10	0	0	0	0
0	0	10	0	0	0	10	10	0	0
0	10	0	0	0	0	0	0	0	0
0	0	10	0	0	0	0	0	0	0
0	0	0	10	0	0	0	0	0	0
0	0	0	10	0	0	0	0	10	10
0	0	0	0	0	0	0	10	0	0
0	0	0	0	0	0	0	10	0	0

0	1	0	0	0	0	0	0	0	0
1	0	1	0	1	0	0	0	0	0
0	1	0	1	0	1	0	0	0	0
0	0	1	0	0	0	1	1	0	0
0	1	0	0	0	0	0	0	0	0
0	0	1	0	0	0	0	0	0	0
0	0	0	1	0	0	0	0	0	0
0	0	0	1	0	0	0	0	1	1
0	0	0	0	0	0	0	1	0	0
0	0	0	0	0	0	0	1	0	0

0	1	0	0	0	0	0	0	0	0
1	0	1	0	1	0	0	0	0	0
0	1	0	1	0	1	0	0	0	0
0	0	1	0	0	0	1	1	0	0
0	1	0	0	0	0	0	0	0	0
0	0	1	0	0	0	0	0	0	0
0	0	0	1	0	0	0	0	0	0
0	0	0	1	0	0	0	0	1	1
0	0	0	0	0	0	0	1	0	0
0	0	0	0	0	0	0	1	0	0

24	23
15	19
21	19
23	18
16	16
15	15
16	23
22	22
19	21
18	22

0	12
0	23
3	22
23	10
1	11
17	5
17	8
6	23
23	15
11	6
