0	1	1	0	1	0	0	0	0	0
1	0	0	0	0	1	0	0	0	0
1	0	0	1	0	0	0	1	0	0
0	0	1	0	0	0	1	0	1	0
1	0	0	0	0	0	0	0	0	1
0	1	0	0	0	0	0	0	0	0
0	0	0	1	0	0	0	0	0	0
0	0	1	0	0	0	0	0	0	0
0	0	0	1	0	0	0	0	0	0
0	0	0	0	1	0	0	0	0	0

0	15	15	0	15	0	0	0	0	0
15	0	0	0	0	15	0	0	0	0
15	0	0	15	0	0	0	15	0	0
0	0	15	0	0	0	15	0	15	0
15	0	0	0	0	0	0	0	0	15
0	15	0	0	0	0	0	0	0	0
0	0	0	15	0	0	0	0	0	0
0	0	15	0	0	0	0	0	0	0
0	0	0	15	0	0	0	0	0	0
0	0	0	0	15	0	0	0	0	0

0	1	1	0	1	0	0	0	0	0
1	0	0	0	0	1	0	0	0	0
1	0	0	1	0	0	0	1	0	0
0	0	1	0	0	0	1	0	1	0
1	0	0	0	0	0	0	0	0	1
0	1	0	0	0	0	0	0	0	0
0	0	0	1	0	0	0	0	0	0
0	0	1	0	0	0	0	0	0	0
0	0	0	1	0	0	0	0	0	0
0	0	0	0	1	0	0	0	0	0

0	1	1	0	1	0	0	0	0	0
1	0	0	0	0	1	0	0	0	0
1	0	0	1	0	0	0	1	0	0
0	0	1	0	0	0	1	0	1	0
1	0	0	0	0	0	0	0	0	1
0	1	0	0	0	0	0	0	0	0
0	0	0	1	0	0	0	0	0	0
0	0	1	0	0	0	0	0	0	0
0	0	0	1	0	0	0	0	0	0
0	0	0	0	1	0	0	0	0	0

20	20
21	19
17	16
24	18
15	23
22	22
18	15
22	22
19	20
19	25

15	4
3	1
21	1
4	18
5	17
14	10
20	12
10	9
7	13
12	18
