0	1	0	1	0	0	0	0	0	1
1	0	1	0	0	0	0	1	0	0
0	1	0	0	0	0	0	0	0	0
1	0	0	0	1	0	1	0	0	0
0	0	0	1	0	1	0	0	0	0
0	0	0	0	1	0	0	0	0	0
0	0	0	1	0	0	0	0	1	0
0	1	0	0	0	0	0	0	0	0
0	0	0	0	0	0	1	0	0	0
1	0	0	0	0	0	0	0	0	0

0	5	0	5	0	0	0	0	0	5
5	0	5	0	0	0	0	5	0	0
0	5	0	0	0	0	0	0	0	0
5	0	0	0	5	0	5	0	0	0
0	0	0	5	0	5	0	0	0	0
0	0	0	0	5	0	0	0	0	0
0	0	0	5	0	0	0	0	5	0
0	5	0	0	0	0	0	0	0	0
0	0	0	0	0	0	5	0	0	0
5	0	0	0	0	0	0	0	0	0

0	1	0	1	0	0	0	0	0	1
1	0	1	0	0	0	0	1	0	0
0	1	0	0	0	0	0	0	0	0
1	0	0	0	1	0	1	0	0	0
0	0	0	1	0	1	0	0	0	0
0	0	0	0	1	0	0	0	0	0
0	0	0	1	0	0	0	0	1	0
0	1	0	0	0	0	0	0	0	0
0	0	0	0	0	0	1	0	0	0
1	0	0	0	0	0	0	0	0	0

0	1	0	1	0	0	0	0	0	1
1	0	1	0	0	0	0	1	0	0
0	1	0	0	0	0	0	0	0	0
1	0	0	0	1	0	1	0	0	0
0	0	0	1	0	1	0	0	0	0
0	0	0	0	1	0	0	0	0	0
0	0	0	1	0	0	0	0	1	0
0	1	0	0	0	0	0	0	0	0
0	0	0	0	0	0	1	0	0	0
1	0	0	0	0	0	0	0	0	0

17	23
19	22
21	19
23	23
16	23
25	24
15	18
18	17
17	23
16	22

17	4
1	7
1	21
22	20
17	12
10	16
20	3
2	22
13	10
3	22
