0	1	0	0	0	0	0	1
1	0	1	0	1	1	0	0
0	1	0	1	0	0	0	0
0	0	1	0	0	0	0	0
0	1	0	0	0	0	1	0
0	1	0	0	0	0	0	0
0	0	0	0	1	0	0	0
1	0	0	0	0	0	0	0

0	5	0	0	0	0	0	5
5	0	5	0	5	5	0	0
0	5	0	5	0	0	0	0
0	0	5	0	0	0	0	0
0	5	0	0	0	0	5	0
0	5	0	0	0	0	0	0
0	0	0	0	5	0	0	0
5	0	0	0	0	0	0	0

0	1	0	0	0	0	0	1
1	0	1	0	1	1	0	0
0	1	0	1	0	0	0	0
0	0	1	0	0	0	0	0
0	1	0	0	0	0	1	0
0	1	0	0	0	0	0	0
0	0	0	0	1	0	0	0
1	0	0	0	0	0	0	0

0	1	0	0	0	0	0	1
1	0	1	0	1	1	0	0
0	1	0	1	0	0	0	0
0	0	1	0	0	0	0	0
0	1	0	0	0	0	1	0
0	1	0	0	0	0	0	0
0	0	0	0	1	0	0	0
1	0	0	0	0	0	0	0

16	17
25	20
16	17
18	21
18	15
22	23
15	18
15	23

4	20
16	5
16	15
12	2
20	22
1	7
11	16
3	1
