0	1	0	0	0	0	0	0
1	0	1	1	1	1	1	0
0	1	0	0	0	0	0	0
0	1	0	0	0	0	0	1
0	1	0	0	0	0	0	0
0	1	0	0	0	0	0	0
0	1	0	0	0	0	0	0
0	0	0	1	0	0	0	0

0	5	0	0	0	0	0	0
5	0	5	5	5	5	5	0
0	5	0	0	0	0	0	0
0	5	0	0	0	0	0	5
0	5	0	0	0	0	0	0
0	5	0	0	0	0	0	0
0	5	0	0	0	0	0	0
0	0	0	5	0	0	0	0

0	1	0	0	0	0	0	0
1	0	1	1	1	1	1	0
0	1	0	0	0	0	0	0
0	1	0	0	0	0	0	1
0	1	0	0	0	0	0	0
0	1	0	0	0	0	0	0
0	1	0	0	0	0	0	0
0	0	0	1	0	0	0	0

0	1	0	0	0	0	0	0
1	0	1	1	1	1	1	0
0	1	0	0	0	0	0	0
0	1	0	0	0	0	0	1
0	1	0	0	0	0	0	0
0	1	0	0	0	0	0	0
0	1	0	0	0	0	0	0
0	0	0	1	0	0	0	0

22	19
25	23
18	17
21	16
24	16
18	24
16	16
25	25

16	0
8	9
1	13
15	6
1	18
3	5
4	12
12	6
