0	1	1	0	0	0	0	0	0	0
1	0	0	0	0	0	0	1	0	0
1	0	0	1	0	0	0	0	0	0
0	0	1	0	1	1	0	0	1	0
0	0	0	1	0	0	1	0	0	1
0	0	0	1	0	0	0	0	0	0
0	0	0	0	1	0	0	0	0	0
0	1	0	0	0	0	0	0	0	0
0	0	0	1	0	0	0	0	0	0
0	0	0	0	1	0	0	0	0	0

0	5	5	0	0	0	0	0	0	0
5	0	0	0	0	0	0	5	0	0
5	0	0	5	0	0	0	0	0	0
0	0	5	0	5	5	0	0	5	0
0	0	0	5	0	0	5	0	0	5
0	0	0	5	0	0	0	0	0	0
0	0	0	0	5	0	0	0	0	0
0	5	0	0	0	0	0	0	0	0
0	0	0	5	0	0	0	0	0	0
0	0	0	0	5	0	0	0	0	0

0	1	1	0	0	0	0	0	0	0
1	0	0	0	0	0	0	1	0	0
1	0	0	1	0	0	0	0	0	0
0	0	1	0	1	1	0	0	1	0
0	0	0	1	0	0	1	0	0	1
0	0	0	1	0	0	0	0	0	0
0	0	0	0	1	0	0	0	0	0
0	1	0	0	0	0	0	0	0	0
0	0	0	1	0	0	0	0	0	0
0	0	0	0	1	0	0	0	0	0

0	1	1	0	0	0	0	0	0	0
1	0	0	0	0	0	0	1	0	0
1	0	0	1	0	0	0	0	0	0
0	0	1	0	1	1	0	0	1	0
0	0	0	1	0	0	1	0	0	1
0	0	0	1	0	0	0	0	0	0
0	0	0	0	1	0	0	0	0	0
0	1	0	0	0	0	0	0	0	0
0	0	0	1	0	0	0	0	0	0
0	0	0	0	1	0	0	0	0	0

18	17
20	24
22	25
25	22
17	20
21	22
23	25
15	23
20	20
25	23

12	16
20	9
15	23
23	3
1	3
2	22
9	21
12	23
15	22
11	21
