0	1	0	0	0	0	0	0	0
1	0	1	0	1	0	0	0	0
0	1	0	1	0	1	0	0	0
0	0	1	0	0	0	1	0	0
0	1	0	0	0	0	0	1	0
0	0	1	0	0	0	0	0	0
0	0	0	1	0	0	0	0	0
0	0	0	0	1	0	0	0	1
0	0	0	0	0	0	0	1	0

0	25	0	0	0	0	0	0	0
25	0	25	0	25	0	0	0	0
0	25	0	25	0	25	0	0	0
0	0	25	0	0	0	25	0	0
0	25	0	0	0	0	0	25	0
0	0	25	0	0	0	0	0	0
0	0	0	25	0	0	0	0	0
0	0	0	0	25	0	0	0	25
0	0	0	0	0	0	0	25	0

0	1	0	0	0	0	0	0	0
1	0	1	0	1	0	0	0	0
0	1	0	1	0	1	0	0	0
0	0	1	0	0	0	1	0	0
0	1	0	0	0	0	0	1	0
0	0	1	0	0	0	0	0	0
0	0	0	1	0	0	0	0	0
0	0	0	0	1	0	0	0	1
0	0	0	0	0	0	0	1	0

0	1	0	0	0	0	0	0	0
1	0	1	0	1	0	0	0	0
0	1	0	1	0	1	0	0	0
0	0	1	0	0	0	1	0	0
0	1	0	0	0	0	0	1	0
0	0	1	0	0	0	0	0	0
0	0	0	1	0	0	0	0	0
0	0	0	0	1	0	0	0	1
0	0	0	0	0	0	0	1	0

18	16
19	25
21	24
24	18
25	21
24	25
15	23
19	23
24	16

3	22
13	0
18	4
22	19
2	1
23	8
23	8
20	15
19	16
