0	1	0	0	0	0	0	0	1	0
1	0	1	1	0	0	1	0	0	0
0	1	0	0	1	1	0	0	0	0
0	1	0	0	0	0	0	0	0	0
0	0	1	0	0	0	0	0	0	0
0	0	1	0	0	0	0	0	0	0
0	1	0	0	0	0	0	1	0	1
0	0	0	0	0	0	1	0	0	0
1	0	0	0	0	0	0	0	0	0
0	0	0	0	0	0	1	0	0	0

0	25	0	0	0	0	0	0	25	0
25	0	25	25	0	0	25	0	0	0
0	25	0	0	25	25	0	0	0	0
0	25	0	0	0	0	0	0	0	0
0	0	25	0	0	0	0	0	0	0
0	0	25	0	0	0	0	0	0	0
0	25	0	0	0	0	0	25	0	25
0	0	0	0	0	0	25	0	0	0
25	0	0	0	0	0	0	0	0	0
0	0	0	0	0	0	25	0	0	0

0	1	0	0	0	0	0	0	1	0
1	0	1	1	0	0	1	0	0	0
0	1	0	0	1	1	0	0	0	0
0	1	0	0	0	0	0	0	0	0
0	0	1	0	0	0	0	0	0	0
0	0	1	0	0	0	0	0	0	0
0	1	0	0	0	0	0	1	0	1
0	0	0	0	0	0	1	0	0	0
1	0	0	0	0	0	0	0	0	0
0	0	0	0	0	0	1	0	0	0

0	1	0	0	0	0	0	0	1	0
1	0	1	1	0	0	1	0	0	0
0	1	0	0	1	1	0	0	0	0
0	1	0	0	0	0	0	0	0	0
0	0	1	0	0	0	0	0	0	0
0	0	1	0	0	0	0	0	0	0
0	1	0	0	0	0	0	1	0	1
0	0	0	0	0	0	1	0	0	0
1	0	0	0	0	0	0	0	0	0
0	0	0	0	0	0	1	0	0	0

15	22
15	16
15	21
18	20
20	15
16	16
22	20
20	15
22	17
24	21

21	18
7	17
12	13
0	2
10	23
8	5
17	8
21	1
3	14
11	1
