0	1	1	1	0	1	0	0	0
1	0	0	0	1	0	0	0	0
1	0	0	0	0	0	0	0	0
1	0	0	0	0	0	0	0	1
0	1	0	0	0	0	1	1	0
1	0	0	0	0	0	0	0	0
0	0	0	0	1	0	0	0	0
0	0	0	0	1	0	0	0	0
0	0	0	1	0	0	0	0	0

0	15	15	15	0	15	0	0	0
15	0	0	0	15	0	0	0	0
15	0	0	0	0	0	0	0	0
15	0	0	0	0	0	0	0	15
0	15	0	0	0	0	15	15	0
15	0	0	0	0	0	0	0	0
0	0	0	0	15	0	0	0	0
0	0	0	0	15	0	0	0	0
0	0	0	15	0	0	0	0	0

0	1	1	1	0	1	0	0	0
1	0	0	0	1	0	0	0	0
1	0	0	0	0	0	0	0	0
1	0	0	0	0	0	0	0	1
0	1	0	0	0	0	1	1	0
1	0	0	0	0	0	0	0	0
0	0	0	0	1	0	0	0	0
0	0	0	0	1	0	0	0	0
0	0	0	1	0	0	0	0	0

0	1	1	1	0	1	0	0	0
1	0	0	0	1	0	0	0	0
1	0	0	0	0	0	0	0	0
1	0	0	0	0	0	0	0	1
0	1	0	0	0	0	1	1	0
1	0	0	0	0	0	0	0	0
0	0	0	0	1	0	0	0	0
0	0	0	0	1	0	0	0	0
0	0	0	1	0	0	0	0	0

19	19
19	17
18	25
15	20
20	18
15	21
19	17
15	15
17	16

21	16
17	10
16	10
6	14
23	16
2	17
20	4
18	23
6	19
