0	1	1	0	0	0	1	0	0	0
1	0	0	1	0	0	0	0	0	0
1	0	0	0	0	0	0	0	0	0
0	1	0	0	1	1	0	0	0	0
0	0	0	1	0	0	0	0	0	0
0	0	0	1	0	0	0	1	1	1
1	0	0	0	0	0	0	0	0	0
0	0	0	0	0	1	0	0	0	0
0	0	0	0	0	1	0	0	0	0
0	0	0	0	0	1	0	0	0	0

0	25	25	0	0	0	25	0	0	0
25	0	0	25	0	0	0	0	0	0
25	0	0	0	0	0	0	0	0	0
0	25	0	0	25	25	0	0	0	0
0	0	0	25	0	0	0	0	0	0
0	0	0	25	0	0	0	25	25	25
25	0	0	0	0	0	0	0	0	0
0	0	0	0	0	25	0	0	0	0
0	0	0	0	0	25	0	0	0	0
0	0	0	0	0	25	0	0	0	0

0	1	1	0	0	0	1	0	0	0
1	0	0	1	0	0	0	0	0	0
1	0	0	0	0	0	0	0	0	0
0	1	0	0	1	1	0	0	0	0
0	0	0	1	0	0	0	0	0	0
0	0	0	1	0	0	0	1	1	1
1	0	0	0	0	0	0	0	0	0
0	0	0	0	0	1	0	0	0	0
0	0	0	0	0	1	0	0	0	0
0	0	0	0	0	1	0	0	0	0

0	1	1	0	0	0	1	0	0	0
1	0	0	1	0	0	0	0	0	0
1	0	0	0	0	0	0	0	0	0
0	1	0	0	1	1	0	0	0	0
0	0	0	1	0	0	0	0	0	0
0	0	0	1	0	0	0	1	1	1
1	0	0	0	0	0	0	0	0	0
0	0	0	0	0	1	0	0	0	0
0	0	0	0	0	1	0	0	0	0
0	0	0	0	0	1	0	0	0	0

23	19
23	15
16	24
22	18
23	21
21	17
24	23
23	22
23	20
23	17

16	18
14	1
12	13
10	22
12	14
7	14
15	7
5	15
17	2
1	23
