0	1	1	0	0	0	0	0
1	0	0	0	0	0	0	0
1	0	0	1	0	0	1	0
0	0	1	0	1	1	0	0
0	0	0	1	0	0	0	0
0	0	0	1	0	0	0	0
0	0	1	0	0	0	0	1
0	0	0	0	0	0	1	0

0	20	20	0	0	0	0	0
20	0	0	0	0	0	0	0
20	0	0	20	0	0	20	0
0	0	20	0	20	20	0	0
0	0	0	20	0	0	0	0
0	0	0	20	0	0	0	0
0	0	20	0	0	0	0	20
0	0	0	0	0	0	20	0

0	1	1	0	0	0	0	0
1	0	0	0	0	0	0	0
1	0	0	1	0	0	1	0
0	0	1	0	1	1	0	0
0	0	0	1	0	0	0	0
0	0	0	1	0	0	0	0
0	0	1	0	0	0	0	1
0	0	0	0	0	0	1	0

0	1	1	0	0	0	0	0
1	0	0	0	0	0	0	0
1	0	0	1	0	0	1	0
0	0	1	0	1	1	0	0
0	0	0	1	0	0	0	0
0	0	0	1	0	0	0	0
0	0	1	0	0	0	0	1
0	0	0	0	0	0	1	0

19	24
22	25
17	23
18	17
17	19
19	20
16	18
18	16

17	7
11	3
20	22
12	19
16	14
14	4
19	7
21	10
