0	1	0	1	1	0	0	0	0	0
1	0	1	0	0	0	1	0	0	1
0	1	0	0	0	0	0	0	1	0
1	0	0	0	0	0	0	0	0	0
1	0	0	0	0	1	0	0	0	0
0	0	0	0	1	0	0	0	0	0
0	1	0	0	0	0	0	1	0	0
0	0	0	0	0	0	1	0	0	0
0	0	1	0	0	0	0	0	0	0
0	1	0	0	0	0	0	0	0	0

0	25	0	25	25	0	0	0	0	0
25	0	25	0	0	0	25	0	0	25
0	25	0	0	0	0	0	0	25	0
25	0	0	0	0	0	0	0	0	0
25	0	0	0	0	25	0	0	0	0
0	0	0	0	25	0	0	0	0	0
0	25	0	0	0	0	0	25	0	0
0	0	0	0	0	0	25	0	0	0
0	0	25	0	0	0	0	0	0	0
0	25	0	0	0	0	0	0	0	0

0	1	0	1	1	0	0	0	0	0
1	0	1	0	0	0	1	0	0	1
0	1	0	0	0	0	0	0	1	0
1	0	0	0	0	0	0	0	0	0
1	0	0	0	0	1	0	0	0	0
0	0	0	0	1	0	0	0	0	0
0	1	0	0	0	0	0	1	0	0
0	0	0	0	0	0	1	0	0	0
0	0	1	0	0	0	0	0	0	0
0	1	0	0	0	0	0	0	0	0

0	1	0	1	1	0	0	0	0	0
1	0	1	0	0	0	1	0	0	1
0	1	0	0	0	0	0	0	1	0
1	0	0	0	0	0	0	0	0	0
1	0	0	0	0	1	0	0	0	0
0	0	0	0	1	0	0	0	0	0
0	1	0	0	0	0	0	1	0	0
0	0	0	0	0	0	1	0	0	0
0	0	1	0	0	0	0	0	0	0
0	1	0	0	0	0	0	0	0	0

24	22
15	18
25	25
18	22
23	23
20	21
24	24
22	24
16	17
19	15

9	16
22	19
6	19
20	0
14	15
5	1
5	19
2	7
13	23
2	23
