0	1	0	0	0	0	0	0
1	0	1	0	0	0	0	1
0	1	0	1	0	0	1	0
0	0	1	0	1	0	0	0
0	0	0	1	0	1	0	0
0	0	0	0	1	0	0	0
0	0	1	0	0	0	0	0
0	1	0	0	0	0	0	0

0	20	0	0	0	0	0	0
20	0	20	0	0	0	0	20
0	20	0	20	0	0	20	0
0	0	20	0	20	0	0	0
0	0	0	20	0	20	0	0
0	0	0	0	20	0	0	0
0	0	20	0	0	0	0	0
0	20	0	0	0	0	0	0

0	1	0	0	0	0	0	0
1	0	1	0	0	0	0	1
0	1	0	1	0	0	1	0
0	0	1	0	1	0	0	0
0	0	0	1	0	1	0	0
0	0	0	0	1	0	0	0
0	0	1	0	0	0	0	0
0	1	0	0	0	0	0	0

0	1	0	0	0	0	0	0
1	0	1	0	0	0	0	1
0	1	0	1	0	0	1	0
0	0	1	0	1	0	0	0
0	0	0	1	0	1	0	0
0	0	0	0	1	0	0	0
0	0	1	0	0	0	0	0
0	1	0	0	0	0	0	0

16	22
15	23
23	15
22	18
18	23
25	23
18	17
24	16

6	15
21	14
22	23
23	18
6	15
21	3
0	7
21	0
