0	1	0	1	0	0	0	0	0
1	0	1	0	0	0	0	0	0
0	1	0	0	0	0	0	1	0
1	0	0	0	1	1	0	0	0
0	0	0	1	0	0	0	0	0
0	0	0	1	0	0	1	0	0
0	0	0	0	0	1	0	0	0
0	0	1	0	0	0	0	0	1
0	0	0	0	0	0	0	1	0

0	15	0	15	0	0	0	0	0
15	0	15	0	0	0	0	0	0
0	15	0	0	0	0	0	15	0
15	0	0	0	15	15	0	0	0
0	0	0	15	0	0	0	0	0
0	0	0	15	0	0	15	0	0
0	0	0	0	0	15	0	0	0
0	0	15	0	0	0	0	0	15
0	0	0	0	0	0	0	15	0

0	1	0	1	0	0	0	0	0
1	0	1	0	0	0	0	0	0
0	1	0	0	0	0	0	1	0
1	0	0	0	1	1	0	0	0
0	0	0	1	0	0	0	0	0
0	0	0	1	0	0	1	0	0
0	0	0	0	0	1	0	0	0
0	0	1	0	0	0	0	0	1
0	0	0	0	0	0	0	1	0

0	1	0	1	0	0	0	0	0
1	0	1	0	0	0	0	0	0
0	1	0	0	0	0	0	1	0
1	0	0	0	1	1	0	0	0
0	0	0	1	0	0	0	0	0
0	0	0	1	0	0	1	0	0
0	0	0	0	0	1	0	0	0
0	0	1	0	0	0	0	0	1
0	0	0	0	0	0	0	1	0

17	19
19	19
17	23
19	19
23	25
21	22
20	18
24	17
25	15

8	2
7	21
21	12
2	9
21	4
21	16
20	0
2	16
13	4
