0	1	0	0	0	1	0	0
1	0	1	0	1	0	0	0
0	1	0	1	0	0	0	1
0	0	1	0	0	0	1	0
0	1	0	0	0	0	0	0
1	0	0	0	0	0	0	0
0	0	0	1	0	0	0	0
0	0	1	0	0	0	0	0

0	25	0	0	0	25	0	0
25	0	25	0	25	0	0	0
0	25	0	25	0	0	0	25
0	0	25	0	0	0	25	0
0	25	0	0	0	0	0	0
25	0	0	0	0	0	0	0
0	0	0	25	0	0	0	0
0	0	25	0	0	0	0	0

0	1	0	0	0	1	0	0
1	0	1	0	1	0	0	0
0	1	0	1	0	0	0	1
0	0	1	0	0	0	1	0
0	1	0	0	0	0	0	0
1	0	0	0	0	0	0	0
0	0	0	1	0	0	0	0
0	0	1	0	0	0	0	0

0	1	0	0	0	1	0	0
1	0	1	0	1	0	0	0
0	1	0	1	0	0	0	1
0	0	1	0	0	0	1	0
0	1	0	0	0	0	0	0
1	0	0	0	0	0	0	0
0	0	0	1	0	0	0	0
0	0	1	0	0	0	0	0

19	21
16	18
18	23
19	17
15	19
21	17
24	16
25	17

13	23
3	4
6	21
8	5
16	5
3	15
0	14
12	1
