0	1	0	1	0	0	0	0	0	0
1	0	1	0	0	1	0	1	0	0
0	1	0	0	1	0	0	0	1	0
1	0	0	0	0	0	0	0	0	0
0	0	1	0	0	0	0	0	0	0
0	1	0	0	0	0	1	0	0	0
0	0	0	0	0	1	0	0	0	0
0	1	0	0	0	0	0	0	0	0
0	0	1	0	0	0	0	0	0	1
0	0	0	0	0	0	0	0	1	0

0	10	0	10	0	0	0	0	0	0
10	0	10	0	0	10	0	10	0	0
0	10	0	0	10	0	0	0	10	0
10	0	0	0	0	0	0	0	0	0
0	0	10	0	0	0	0	0	0	0
0	10	0	0	0	0	10	0	0	0
0	0	0	0	0	10	0	0	0	0
0	10	0	0	0	0	0	0	0	0
0	0	10	0	0	0	0	0	0	10
0	0	0	0	0	0	0	0	10	0

0	1	0	1	0	0	0	0	0	0
1	0	1	0	0	1	0	1	0	0
0	1	0	0	1	0	0	0	1	0
1	0	0	0	0	0	0	0	0	0
0	0	1	0	0	0	0	0	0	0
0	1	0	0	0	0	1	0	0	0
0	0	0	0	0	1	0	0	0	0
0	1	0	0	0	0	0	0	0	0
0	0	1	0	0	0	0	0	0	1
0	0	0	0	0	0	0	0	1	0

0	1	0	1	0	0	0	0	0	0
1	0	1	0	0	1	0	1	0	0
0	1	0	0	1	0	0	0	1	0
1	0	0	0	0	0	0	0	0	0
0	0	1	0	0	0	0	0	0	0
0	1	0	0	0	0	1	0	0	0
0	0	0	0	0	1	0	0	0	0
0	1	0	0	0	0	0	0	0	0
0	0	1	0	0	0	0	0	0	1
0	0	0	0	0	0	0	0	1	0

18	16
23	19
16	24
15	24
20	23
17	24
18	21
25	20
24	25
19	23

3	23
22	16
23	15
10	22
9	4
21	7
23	4
5	21
15	17
8	7
