0	1	0	1	0	0	0	1	0
1	0	1	0	0	0	0	0	0
0	1	0	0	0	0	0	0	0
1	0	0	0	1	0	1	0	0
0	0	0	1	0	1	0	0	0
0	0	0	0	1	0	0	0	0
0	0	0	1	0	0	0	0	0
1	0	0	0	0	0	0	0	1
0	0	0	0	0	0	0	1	0

0	15	0	15	0	0	0	15	0
15	0	15	0	0	0	0	0	0
0	15	0	0	0	0	0	0	0
15	0	0	0	15	0	15	0	0
0	0	0	15	0	15	0	0	0
0	0	0	0	15	0	0	0	0
0	0	0	15	0	0	0	0	0
15	0	0	0	0	0	0	0	15
0	0	0	0	0	0	0	15	0

0	1	0	1	0	0	0	1	0
1	0	1	0	0	0	0	0	0
0	1	0	0	0	0	0	0	0
1	0	0	0	1	0	1	0	0
0	0	0	1	0	1	0	0	0
0	0	0	0	1	0	0	0	0
0	0	0	1	0	0	0	0	0
1	0	0	0	0	0	0	0	1
0	0	0	0	0	0	0	1	0

0	1	0	1	0	0	0	1	0
1	0	1	0	0	0	0	0	0
0	1	0	0	0	0	0	0	0
1	0	0	0	1	0	1	0	0
0	0	0	1	0	1	0	0	0
0	0	0	0	1	0	0	0	0
0	0	0	1	0	0	0	0	0
1	0	0	0	0	0	0	0	1
0	0	0	0	0	0	0	1	0

24	21
15	19
19	17
23	22
23	23
19	16
23	15
22	23
23	18

6	5
23	4
5	13
5	9
19	6
1	15
6	9
12	11
19	17
