0	1	0	0	0	0	0	0
1	0	1	0	0	0	0	1
0	1	0	1	0	1	0	0
0	0	1	0	1	0	0	0
0	0	0	1	0	0	0	0
0	0	1	0	0	0	1	0
0	0	0	0	0	1	0	0
0	1	0	0	0	0	0	0

0	5	0	0	0	0	0	0
5	0	5	0	0	0	0	5
0	5	0	5	0	5	0	0
0	0	5	0	5	0	0	0
0	0	0	5	0	0	0	0
0	0	5	0	0	0	5	0
0	0	0	0	0	5	0	0
0	5	0	0	0	0	0	0

0	1	0	0	0	0	0	0
1	0	1	0	0	0	0	1
0	1	0	1	0	1	0	0
0	0	1	0	1	0	0	0
0	0	0	1	0	0	0	0
0	0	1	0	0	0	1	0
0	0	0	0	0	1	0	0
0	1	0	0	0	0	0	0

0	1	0	0	0	0	0	0
1	0	1	0	0	0	0	1
0	1	0	1	0	1	0	0
0	0	1	0	1	0	0	0
0	0	0	1	0	0	0	0
0	0	1	0	0	0	1	0
0	0	0	0	0	1	0	0
0	1	0	0	0	0	0	0

18	16
24	17
15	16
17	21
15	17
20	19
18	24
17	25

12	22
12	14
12	21
12	9
19	16
0	1
5	20
8	3
