0	1	1	1	1	0	0	0	0	0
1	0	0	0	0	1	0	1	0	0
1	0	0	0	0	0	0	0	0	0
1	0	0	0	0	0	0	0	1	0
1	0	0	0	0	0	0	0	0	0
0	1	0	0	0	0	1	0	0	1
0	0	0	0	0	1	0	0	0	0
0	1	0	0	0	0	0	0	0	0
0	0	0	1	0	0	0	0	0	0
0	0	0	0	0	1	0	0	0	0

0	10	10	10	10	0	0	0	0	0
10	0	0	0	0	10	0	10	0	0
10	0	0	0	0	0	0	0	0	0
10	0	0	0	0	0	0	0	10	0
10	0	0	0	0	0	0	0	0	0
0	10	0	0	0	0	10	0	0	10
0	0	0	0	0	10	0	0	0	0
0	10	0	0	0	0	0	0	0	0
0	0	0	10	0	0	0	0	0	0
0	0	0	0	0	10	0	0	0	0

0	1	1	1	1	0	0	0	0	0
1	0	0	0	0	1	0	1	0	0
1	0	0	0	0	0	0	0	0	0
1	0	0	0	0	0	0	0	1	0
1	0	0	0	0	0	0	0	0	0
0	1	0	0	0	0	1	0	0	1
0	0	0	0	0	1	0	0	0	0
0	1	0	0	0	0	0	0	0	0
0	0	0	1	0	0	0	0	0	0
0	0	0	0	0	1	0	0	0	0

0	1	1	1	1	0	0	0	0	0
1	0	0	0	0	1	0	1	0	0
1	0	0	0	0	0	0	0	0	0
1	0	0	0	0	0	0	0	1	0
1	0	0	0	0	0	0	0	0	0
0	1	0	0	0	0	1	0	0	1
0	0	0	0	0	1	0	0	0	0
0	1	0	0	0	0	0	0	0	0
0	0	0	1	0	0	0	0	0	0
0	0	0	0	0	1	0	0	0	0

25	20
21	22
16	21
25	19
24	22
16	25
24	15
20	21
20	19
20	20

14	0
8	3
1	14
18	16
1	3
19	12
13	0
5	2
1	15
9	10
