0	1	1	0	1	0	0	0	0	0
1	0	0	1	0	0	0	0	0	0
1	0	0	0	0	1	0	1	1	0
0	1	0	0	0	0	0	0	0	0
1	0	0	0	0	0	1	0	0	0
0	0	1	0	0	0	0	0	0	0
0	0	0	0	1	0	0	0	0	0
0	0	1	0	0	0	0	0	0	1
0	0	1	0	0	0	0	0	0	0
0	0	0	0	0	0	0	1	0	0

0	5	5	0	5	0	0	0	0	0
5	0	0	5	0	0	0	0	0	0
5	0	0	0	0	5	0	5	5	0
0	5	0	0	0	0	0	0	0	0
5	0	0	0	0	0	5	0	0	0
0	0	5	0	0	0	0	0	0	0
0	0	0	0	5	0	0	0	0	0
0	0	5	0	0	0	0	0	0	5
0	0	5	0	0	0	0	0	0	0
0	0	0	0	0	0	0	5	0	0

0	1	1	0	1	0	0	0	0	0
1	0	0	1	0	0	0	0	0	0
1	0	0	0	0	1	0	1	1	0
0	1	0	0	0	0	0	0	0	0
1	0	0	0	0	0	1	0	0	0
0	0	1	0	0	0	0	0	0	0
0	0	0	0	1	0	0	0	0	0
0	0	1	0	0	0	0	0	0	1
0	0	1	0	0	0	0	0	0	0
0	0	0	0	0	0	0	1	0	0

0	1	1	0	1	0	0	0	0	0
1	0	0	1	0	0	0	0	0	0
1	0	0	0	0	1	0	1	1	0
0	1	0	0	0	0	0	0	0	0
1	0	0	0	0	0	1	0	0	0
0	0	1	0	0	0	0	0	0	0
0	0	0	0	1	0	0	0	0	0
0	0	1	0	0	0	0	0	0	1
0	0	1	0	0	0	0	0	0	0
0	0	0	0	0	0	0	1	0	0

23	21
22	19
23	18
19	22
16	18
22	17
15	19
19	20
19	18
15	25

9	20
10	19
7	20
1	6
13	21
11	21
10	17
8	9
18	21
5	0
