0	1	0	0	0	0	1	0
1	0	1	1	0	1	0	1
0	1	0	0	1	0	0	0
0	1	0	0	0	0	0	0
0	0	1	0	0	0	0	0
0	1	0	0	0	0	0	0
1	0	0	0	0	0	0	0
0	1	0	0	0	0	0	0

0	10	0	0	0	0	10	0
10	0	10	10	0	10	0	10
0	10	0	0	10	0	0	0
0	10	0	0	0	0	0	0
0	0	10	0	0	0	0	0
0	10	0	0	0	0	0	0
10	0	0	0	0	0	0	0
0	10	0	0	0	0	0	0

0	1	0	0	0	0	1	0
1	0	1	1	0	1	0	1
0	1	0	0	1	0	0	0
0	1	0	0	0	0	0	0
0	0	1	0	0	0	0	0
0	1	0	0	0	0	0	0
1	0	0	0	0	0	0	0
0	1	0	0	0	0	0	0

0	1	0	0	0	0	1	0
1	0	1	1	0	1	0	1
0	1	0	0	1	0	0	0
0	1	0	0	0	0	0	0
0	0	1	0	0	0	0	0
0	1	0	0	0	0	0	0
1	0	0	0	0	0	0	0
0	1	0	0	0	0	0	0

20	20
25	24
25	15
18	25
16	22
20	23
21	16
20	25

2	5
18	4
6	17
18	12
0	1
3	16
14	0
12	8
