0	1	0	0	0	0	0	1	0	0
1	0	1	0	0	0	0	0	0	0
0	1	0	1	1	1	0	0	0	0
0	0	1	0	0	0	0	0	0	0
0	0	1	0	0	0	0	0	1	0
0	0	1	0	0	0	1	0	0	0
0	0	0	0	0	1	0	0	0	1
1	0	0	0	0	0	0	0	0	0
0	0	0	0	1	0	0	0	0	0
0	0	0	0	0	0	1	0	0	0

0	20	0	0	0	0	0	20	0	0
20	0	20	0	0	0	0	0	0	0
0	20	0	20	20	20	0	0	0	0
0	0	20	0	0	0	0	0	0	0
0	0	20	0	0	0	0	0	20	0
0	0	20	0	0	0	20	0	0	0
0	0	0	0	0	20	0	0	0	20
20	0	0	0	0	0	0	0	0	0
0	0	0	0	20	0	0	0	0	0
0	0	0	0	0	0	20	0	0	0

0	1	0	0	0	0	0	1	0	0
1	0	1	0	0	0	0	0	0	0
0	1	0	1	1	1	0	0	0	0
0	0	1	0	0	0	0	0	0	0
0	0	1	0	0	0	0	0	1	0
0	0	1	0	0	0	1	0	0	0
0	0	0	0	0	1	0	0	0	1
1	0	0	0	0	0	0	0	0	0
0	0	0	0	1	0	0	0	0	0
0	0	0	0	0	0	1	0	0	0

0	1	0	0	0	0	0	1	0	0
1	0	1	0	0	0	0	0	0	0
0	1	0	1	1	1	0	0	0	0
0	0	1	0	0	0	0	0	0	0
0	0	1	0	0	0	0	0	1	0
0	0	1	0	0	0	1	0	0	0
0	0	0	0	0	1	0	0	0	1
1	0	0	0	0	0	0	0	0	0
0	0	0	0	1	0	0	0	0	0
0	0	0	0	0	0	1	0	0	0

19	23
24	16
22	15
19	16
17	25
21	25
16	25
25	24
23	23
23	25

7	1
18	22
5	1
12	13
12	8
10	0
3	21
3	4
18	19
10	22
