0	1	1	0	0	0	0	0	0
1	0	0	0	1	1	0	0	0
1	0	0	1	0	0	0	0	0
0	0	1	0	0	0	0	0	0
0	1	0	0	0	0	0	1	0
0	1	0	0	0	0	1	0	0
0	0	0	0	0	1	0	0	1
0	0	0	0	1	0	0	0	0
0	0	0	0	0	0	1	0	0

0	25	25	0	0	0	0	0	0
25	0	0	0	25	25	0	0	0
25	0	0	25	0	0	0	0	0
0	0	25	0	0	0	0	0	0
0	25	0	0	0	0	0	25	0
0	25	0	0	0	0	25	0	0
0	0	0	0	0	25	0	0	25
0	0	0	0	25	0	0	0	0
0	0	0	0	0	0	25	0	0

0	1	1	0	0	0	0	0	0
1	0	0	0	1	1	0	0	0
1	0	0	1	0	0	0	0	0
0	0	1	0	0	0	0	0	0
0	1	0	0	0	0	0	1	0
0	1	0	0	0	0	1	0	0
0	0	0	0	0	1	0	0	1
0	0	0	0	1	0	0	0	0
0	0	0	0	0	0	1	0	0

0	1	1	0	0	0	0	0	0
1	0	0	0	1	1	0	0	0
1	0	0	1	0	0	0	0	0
0	0	1	0	0	0	0	0	0
0	1	0	0	0	0	0	1	0
0	1	0	0	0	0	1	0	0
0	0	0	0	0	1	0	0	1
0	0	0	0	1	0	0	0	0
0	0	0	0	0	0	1	0	0

19	19
23	20
23	23
22	15
16	17
18	21
16	20
18	23
19	19

11	5
7	4
13	10
0	2
23	11
22	10
12	13
22	11
5	9
