0	1	0	0	0	0	0	0	0	0
1	0	1	0	0	0	0	1	0	0
0	1	0	1	1	0	0	0	0	0
0	0	1	0	0	0	0	0	0	0
0	0	1	0	0	1	0	0	1	0
0	0	0	0	1	0	1	0	0	0
0	0	0	0	0	1	0	0	0	0
0	1	0	0	0	0	0	0	0	1
0	0	0	0	1	0	0	0	0	0
0	0	0	0	0	0	0	1	0	0

0	5	0	0	0	0	0	0	0	0
5	0	5	0	0	0	0	5	0	0
0	5	0	5	5	0	0	0	0	0
0	0	5	0	0	0	0	0	0	0
0	0	5	0	0	5	0	0	5	0
0	0	0	0	5	0	5	0	0	0
0	0	0	0	0	5	0	0	0	0
0	5	0	0	0	0	0	0	0	5
0	0	0	0	5	0	0	0	0	0
0	0	0	0	0	0	0	5	0	0

0	1	0	0	0	0	0	0	0	0
1	0	1	0	0	0	0	1	0	0
0	1	0	1	1	0	0	0	0	0
0	0	1	0	0	0	0	0	0	0
0	0	1	0	0	1	0	0	1	0
0	0	0	0	1	0	1	0	0	0
0	0	0	0	0	1	0	0	0	0
0	1	0	0	0	0	0	0	0	1
0	0	0	0	1	0	0	0	0	0
0	0	0	0	0	0	0	1	0	0

0	1	0	0	0	0	0	0	0	0
1	0	1	0	0	0	0	1	0	0
0	1	0	1	1	0	0	0	0	0
0	0	1	0	0	0	0	0	0	0
0	0	1	0	0	1	0	0	1	0
0	0	0	0	1	0	1	0	0	0
0	0	0	0	0	1	0	0	0	0
0	1	0	0	0	0	0	0	0	1
0	0	0	0	1	0	0	0	0	0
0	0	0	0	0	0	0	1	0	0

25	24
19	17
24	18
19	24
19	16
25	18
24	24
16	17
19	21
24	25

3	4
21	1
13	2
4	14
8	22
13	15
17	11
4	9
1	6
9	2
