0	1	0	1	1	0	0	0	0
1	0	1	0	0	0	0	0	0
0	1	0	0	0	0	0	0	0
1	0	0	0	0	0	1	1	0
1	0	0	0	0	1	0	0	0
0	0	0	0	1	0	0	0	0
0	0	0	1	0	0	0	0	1
0	0	0	1	0	0	0	0	0
0	0	0	0	0	0	1	0	0

0	10	0	10	10	0	0	0	0
10	0	10	0	0	0	0	0	0
0	10	0	0	0	0	0	0	0
10	0	0	0	0	0	10	10	0
10	0	0	0	0	10	0	0	0
0	0	0	0	10	0	0	0	0
0	0	0	10	0	0	0	0	10
0	0	0	10	0	0	0	0	0
0	0	0	0	0	0	10	0	0

0	1	0	1	1	0	0	0	0
1	0	1	0	0	0	0	0	0
0	1	0	0	0	0	0	0	0
1	0	0	0	0	0	1	1	0
1	0	0	0	0	1	0	0	0
0	0	0	0	1	0	0	0	0
0	0	0	1	0	0	0	0	1
0	0	0	1	0	0	0	0	0
0	0	0	0	0	0	1	0	0

0	1	0	1	1	0	0	0	0
1	0	1	0	0	0	0	0	0
0	1	0	0	0	0	0	0	0
1	0	0	0	0	0	1	1	0
1	0	0	0	0	1	0	0	0
0	0	0	0	1	0	0	0	0
0	0	0	1	0	0	0	0	1
0	0	0	1	0	0	0	0	0
0	0	0	0	0	0	1	0	0

25	15
20	24
23	23
21	23
16	18
21	18
21	24
20	25
17	23

18	0
12	13
16	23
9	0
2	6
16	4
3	8
0	14
5	7
