0	1	0	1	1	0	0	0
1	0	1	0	0	0	1	0
0	1	0	0	0	0	0	0
1	0	0	0	0	1	0	0
1	0	0	0	0	0	0	0
0	0	0	1	0	0	0	1
0	1	0	0	0	0	0	0
0	0	0	0	0	1	0	0

0	10	0	10	10	0	0	0
10	0	10	0	0	0	10	0
0	10	0	0	0	0	0	0
10	0	0	0	0	10	0	0
10	0	0	0	0	0	0	0
0	0	0	10	0	0	0	10
0	10	0	0	0	0	0	0
0	0	0	0	0	10	0	0

0	1	0	1	1	0	0	0
1	0	1	0	0	0	1	0
0	1	0	0	0	0	0	0
1	0	0	0	0	1	0	0
1	0	0	0	0	0	0	0
0	0	0	1	0	0	0	1
0	1	0	0	0	0	0	0
0	0	0	0	0	1	0	0

0	1	0	1	1	0	0	0
1	0	1	0	0	0	1	0
0	1	0	0	0	0	0	0
1	0	0	0	0	1	0	0
1	0	0	0	0	0	0	0
0	0	0	1	0	0	0	1
0	1	0	0	0	0	0	0
0	0	0	0	0	1	0	0

17	22
18	18
21	24
23	20
23	17
22	15
22	20
24	22

10	23
7	1
20	17
23	8
23	22
5	4
8	12
11	16
