0	1	0	0	0	0	0	0	0	0
1	0	1	1	0	0	0	1	0	1
0	1	0	0	0	0	0	0	0	0
0	1	0	0	1	0	0	0	0	0
0	0	0	1	0	1	0	0	0	0
0	0	0	0	1	0	1	0	0	0
0	0	0	0	0	1	0	0	1	0
0	1	0	0	0	0	0	0	0	0
0	0	0	0	0	0	1	0	0	0
0	1	0	0	0	0	0	0	0	0

0	15	0	0	0	0	0	0	0	0
15	0	15	15	0	0	0	15	0	15
0	15	0	0	0	0	0	0	0	0
0	15	0	0	15	0	0	0	0	0
0	0	0	15	0	15	0	0	0	0
0	0	0	0	15	0	15	0	0	0
0	0	0	0	0	15	0	0	15	0
0	15	0	0	0	0	0	0	0	0
0	0	0	0	0	0	15	0	0	0
0	15	0	0	0	0	0	0	0	0

0	1	0	0	0	0	0	0	0	0
1	0	1	1	0	0	0	1	0	1
0	1	0	0	0	0	0	0	0	0
0	1	0	0	1	0	0	0	0	0
0	0	0	1	0	1	0	0	0	0
0	0	0	0	1	0	1	0	0	0
0	0	0	0	0	1	0	0	1	0
0	1	0	0	0	0	0	0	0	0
0	0	0	0	0	0	1	0	0	0
0	1	0	0	0	0	0	0	0	0

0	1	0	0	0	0	0	0	0	0
1	0	1	1	0	0	0	1	0	1
0	1	0	0	0	0	0	0	0	0
0	1	0	0	1	0	0	0	0	0
0	0	0	1	0	1	0	0	0	0
0	0	0	0	1	0	1	0	0	0
0	0	0	0	0	1	0	0	1	0
0	1	0	0	0	0	0	0	0	0
0	0	0	0	0	0	1	0	0	0
0	1	0	0	0	0	0	0	0	0

18	17
20	25
22	15
17	20
20	19
16	24
16	17
19	22
17	21
15	23

22	9
11	23
23	10
4	14
0	9
6	16
12	6
11	22
9	0
19	2
