0	1	1	0	0	0	1	0
1	0	0	1	0	0	0	0
1	0	0	0	0	0	0	0
0	1	0	0	1	1	0	0
0	0	0	1	0	0	0	0
0	0	0	1	0	0	0	1
1	0	0	0	0	0	0	0
0	0	0	0	0	1	0	0

0	5	5	0	0	0	5	0
5	0	0	5	0	0	0	0
5	0	0	0	0	0	0	0
0	5	0	0	5	5	0	0
0	0	0	5	0	0	0	0
0	0	0	5	0	0	0	5
5	0	0	0	0	0	0	0
0	0	0	0	0	5	0	0

0	1	1	0	0	0	1	0
1	0	0	1	0	0	0	0
1	0	0	0	0	0	0	0
0	1	0	0	1	1	0	0
0	0	0	1	0	0	0	0
0	0	0	1	0	0	0	1
1	0	0	0	0	0	0	0
0	0	0	0	0	1	0	0

0	1	1	0	0	0	1	0
1	0	0	1	0	0	0	0
1	0	0	0	0	0	0	0
0	1	0	0	1	1	0	0
0	0	0	1	0	0	0	0
0	0	0	1	0	0	0	1
1	0	0	0	0	0	0	0
0	0	0	0	0	1	0	0

19	23
22	25
24	24
15	17
21	17
21	22
21	21
25	23

14	18
2	4
14	5
14	22
10	13
17	9
15	22
10	16
