0	1	1	0	0	0	0	1
1	0	0	1	0	1	0	0
1	0	0	0	1	0	0	0
0	1	0	0	0	0	0	0
0	0	1	0	0	0	0	0
0	1	0	0	0	0	1	0
0	0	0	0	0	1	0	0
1	0	0	0	0	0	0	0

0	15	15	0	0	0	0	15
15	0	0	15	0	15	0	0
15	0	0	0	15	0	0	0
0	15	0	0	0	0	0	0
0	0	15	0	0	0	0	0
0	15	0	0	0	0	15	0
0	0	0	0	0	15	0	0
15	0	0	0	0	0	0	0

0	1	1	0	0	0	0	1
1	0	0	1	0	1	0	0
1	0	0	0	1	0	0	0
0	1	0	0	0	0	0	0
0	0	1	0	0	0	0	0
0	1	0	0	0	0	1	0
0	0	0	0	0	1	0	0
1	0	0	0	0	0	0	0

0	1	1	0	0	0	0	1
1	0	0	1	0	1	0	0
1	0	0	0	1	0	0	0
0	1	0	0	0	0	0	0
0	0	1	0	0	0	0	0
0	1	0	0	0	0	1	0
0	0	0	0	0	1	0	0
1	0	0	0	0	0	0	0

18	16
22	15
25	19
21	18
16	23
18	20
18	20
25	24

1	14
9	13
16	15
9	15
17	15
11	3
6	5
18	12
