0	1	1	0	1	0	0	0
1	0	0	0	0	0	0	0
1	0	0	1	0	1	0	1
0	0	1	0	0	0	0	0
1	0	0	0	0	0	1	0
0	0	1	0	0	0	0	0
0	0	0	0	1	0	0	0
0	0	1	0	0	0	0	0

0	25	25	0	25	0	0	0
25	0	0	0	0	0	0	0
25	0	0	25	0	25	0	25
0	0	25	0	0	0	0	0
25	0	0	0	0	0	25	0
0	0	25	0	0	0	0	0
0	0	0	0	25	0	0	0
0	0	25	0	0	0	0	0

0	1	1	0	1	0	0	0
1	0	0	0	0	0	0	0
1	0	0	1	0	1	0	1
0	0	1	0	0	0	0	0
1	0	0	0	0	0	1	0
0	0	1	0	0	0	0	0
0	0	0	0	1	0	0	0
0	0	1	0	0	0	0	0

0	1	1	0	1	0	0	0
1	0	0	0	0	0	0	0
1	0	0	1	0	1	0	1
0	0	1	0	0	0	0	0
1	0	0	0	0	0	1	0
0	0	1	0	0	0	0	0
0	0	0	0	1	0	0	0
0	0	1	0	0	0	0	0

19	20
23	17
20	20
22	15
20	18
19	24
18	21
18	21

2	14
12	20
16	7
2	7
17	21
13	14
6	4
11	16
