0	1	1	1	1	0	0	0	1
1	0	0	0	0	0	0	0	0
1	0	0	0	0	1	0	1	0
1	0	0	0	0	0	1	0	0
1	0	0	0	0	0	0	0	0
0	0	1	0	0	0	0	0	0
0	0	0	1	0	0	0	0	0
0	0	1	0	0	0	0	0	0
1	0	0	0	0	0	0	0	0

0	20	20	20	20	0	0	0	20
20	0	0	0	0	0	0	0	0
20	0	0	0	0	20	0	20	0
20	0	0	0	0	0	20	0	0
20	0	0	0	0	0	0	0	0
0	0	20	0	0	0	0	0	0
0	0	0	20	0	0	0	0	0
0	0	20	0	0	0	0	0	0
20	0	0	0	0	0	0	0	0

0	1	1	1	1	0	0	0	1
1	0	0	0	0	0	0	0	0
1	0	0	0	0	1	0	1	0
1	0	0	0	0	0	1	0	0
1	0	0	0	0	0	0	0	0
0	0	1	0	0	0	0	0	0
0	0	0	1	0	0	0	0	0
0	0	1	0	0	0	0	0	0
1	0	0	0	0	0	0	0	0

0	1	1	1	1	0	0	0	1
1	0	0	0	0	0	0	0	0
1	0	0	0	0	1	0	1	0
1	0	0	0	0	0	1	0	0
1	0	0	0	0	0	0	0	0
0	0	1	0	0	0	0	0	0
0	0	0	1	0	0	0	0	0
0	0	1	0	0	0	0	0	0
1	0	0	0	0	0	0	0	0

19	24
15	19
24	15
25	20
23	21
21	15
24	22
21	15
21	17

11	1
8	20
3	19
5	13
14	7
14	11
8	20
8	18
5	14
