0	1	0	0	0	0	1	0	0
1	0	1	0	0	0	0	1	0
0	1	0	1	0	0	0	0	1
0	0	1	0	1	0	0	0	0
0	0	0	1	0	1	0	0	0
0	0	0	0	1	0	0	0	0
1	0	0	0	0	0	0	0	0
0	1	0	0	0	0	0	0	0
0	0	1	0	0	0	0	0	0

0	20	0	0	0	0	20	0	0
20	0	20	0	0	0	0	20	0
0	20	0	20	0	0	0	0	20
0	0	20	0	20	0	0	0	0
0	0	0	20	0	20	0	0	0
0	0	0	0	20	0	0	0	0
20	0	0	0	0	0	0	0	0
0	20	0	0	0	0	0	0	0
0	0	20	0	0	0	0	0	0

0	1	0	0	0	0	1	0	0
1	0	1	0	0	0	0	1	0
0	1	0	1	0	0	0	0	1
0	0	1	0	1	0	0	0	0
0	0	0	1	0	1	0	0	0
0	0	0	0	1	0	0	0	0
1	0	0	0	0	0	0	0	0
0	1	0	0	0	0	0	0	0
0	0	1	0	0	0	0	0	0

0	1	0	0	0	0	1	0	0
1	0	1	0	0	0	0	1	0
0	1	0	1	0	0	0	0	1
0	0	1	0	1	0	0	0	0
0	0	0	1	0	1	0	0	0
0	0	0	0	1	0	0	0	0
1	0	0	0	0	0	0	0	0
0	1	0	0	0	0	0	0	0
0	0	1	0	0	0	0	0	0

25	21
23	25
25	20
22	21
17	25
21	19
15	15
22	15
15	18

15	4
22	17
6	14
10	8
0	12
19	1
14	18
7	0
5	18
