0	1	0	0	0	0	0	1
1	0	1	0	1	0	0	0
0	1	0	1	0	0	1	0
0	0	1	0	0	1	0	0
0	1	0	0	0	0	0	0
0	0	0	1	0	0	0	0
0	0	1	0	0	0	0	0
1	0	0	0	0	0	0	0

0	15	0	0	0	0	0	15
15	0	15	0	15	0	0	0
0	15	0	15	0	0	15	0
0	0	15	0	0	15	0	0
0	15	0	0	0	0	0	0
0	0	0	15	0	0	0	0
0	0	15	0	0	0	0	0
15	0	0	0	0	0	0	0

0	1	0	0	0	0	0	1
1	0	1	0	1	0	0	0
0	1	0	1	0	0	1	0
0	0	1	0	0	1	0	0
0	1	0	0	0	0	0	0
0	0	0	1	0	0	0	0
0	0	1	0	0	0	0	0
1	0	0	0	0	0	0	0

0	1	0	0	0	0	0	1
1	0	1	0	1	0	0	0
0	1	0	1	0	0	1	0
0	0	1	0	0	1	0	0
0	1	0	0	0	0	0	0
0	0	0	1	0	0	0	0
0	0	1	0	0	0	0	0
1	0	0	0	0	0	0	0

18	15
23	23
15	18
22	16
18	24
20	19
24	17
19	15

4	6
11	13
10	4
6	3
17	1
0	18
23	3
1	9
