0	1	1	0	1	0	1	0	0	0
1	0	0	0	0	0	0	1	0	0
1	0	0	1	0	0	0	0	0	0
0	0	1	0	0	0	0	0	1	1
1	0	0	0	0	1	0	0	0	0
0	0	0	0	1	0	0	0	0	0
1	0	0	0	0	0	0	0	0	0
0	1	0	0	0	0	0	0	0	0
0	0	0	1	0	0	0	0	0	0
0	0	0	1	0	0	0	0	0	0

0	20	20	0	20	0	20	0	0	0
20	0	0	0	0	0	0	20	0	0
20	0	0	20	0	0	0	0	0	0
0	0	20	0	0	0	0	0	20	20
20	0	0	0	0	20	0	0	0	0
0	0	0	0	20	0	0	0	0	0
20	0	0	0	0	0	0	0	0	0
0	20	0	0	0	0	0	0	0	0
0	0	0	20	0	0	0	0	0	0
0	0	0	20	0	0	0	0	0	0

0	1	1	0	1	0	1	0	0	0
1	0	0	0	0	0	0	1	0	0
1	0	0	1	0	0	0	0	0	0
0	0	1	0	0	0	0	0	1	1
1	0	0	0	0	1	0	0	0	0
0	0	0	0	1	0	0	0	0	0
1	0	0	0	0	0	0	0	0	0
0	1	0	0	0	0	0	0	0	0
0	0	0	1	0	0	0	0	0	0
0	0	0	1	0	0	0	0	0	0

0	1	1	0	1	0	1	0	0	0
1	0	0	0	0	0	0	1	0	0
1	0	0	1	0	0	0	0	0	0
0	0	1	0	0	0	0	0	1	1
1	0	0	0	0	1	0	0	0	0
0	0	0	0	1	0	0	0	0	0
1	0	0	0	0	0	0	0	0	0
0	1	0	0	0	0	0	0	0	0
0	0	0	1	0	0	0	0	0	0
0	0	0	1	0	0	0	0	0	0

23	25
22	17
24	22
24	23
23	22
20	15
23	15
15	17
20	22
17	18

16	10
5	1
17	8
1	4
14	10
21	1
11	20
18	23
15	22
10	20
