0	1	0	0	0	0	0	0	0	1
1	0	1	1	0	0	0	0	0	0
0	1	0	0	1	1	0	0	1	0
0	1	0	0	0	0	0	0	0	0
0	0	1	0	0	0	0	1	0	0
0	0	1	0	0	0	1	0	0	0
0	0	0	0	0	1	0	0	0	0
0	0	0	0	1	0	0	0	0	0
0	0	1	0	0	0	0	0	0	0
1	0	0	0	0	0	0	0	0	0

0	5	0	0	0	0	0	0	0	5
5	0	5	5	0	0	0	0	0	0
0	5	0	0	5	5	0	0	5	0
0	5	0	0	0	0	0	0	0	0
0	0	5	0	0	0	0	5	0	0
0	0	5	0	0	0	5	0	0	0
0	0	0	0	0	5	0	0	0	0
0	0	0	0	5	0	0	0	0	0
0	0	5	0	0	0	0	0	0	0
5	0	0	0	0	0	0	0	0	0

0	1	0	0	0	0	0	0	0	1
1	0	1	1	0	0	0	0	0	0
0	1	0	0	1	1	0	0	1	0
0	1	0	0	0	0	0	0	0	0
0	0	1	0	0	0	0	1	0	0
0	0	1	0	0	0	1	0	0	0
0	0	0	0	0	1	0	0	0	0
0	0	0	0	1	0	0	0	0	0
0	0	1	0	0	0	0	0	0	0
1	0	0	0	0	0	0	0	0	0

0	1	0	0	0	0	0	0	0	1
1	0	1	1	0	0	0	0	0	0
0	1	0	0	1	1	0	0	1	0
0	1	0	0	0	0	0	0	0	0
0	0	1	0	0	0	0	1	0	0
0	0	1	0	0	0	1	0	0	0
0	0	0	0	0	1	0	0	0	0
0	0	0	0	1	0	0	0	0	0
0	0	1	0	0	0	0	0	0	0
1	0	0	0	0	0	0	0	0	0

23	15
19	15
20	24
20	23
24	25
25	23
25	22
22	15
24	17
23	24

6	10
11	0
11	13
22	13
22	9
11	15
4	18
20	1
16	12
21	18
