0	1	0	0	1	0	0	0	0	0
1	0	1	1	0	1	0	0	0	0
0	1	0	0	0	0	0	0	1	0
0	1	0	0	0	0	1	0	0	0
1	0	0	0	0	0	0	1	0	0
0	1	0	0	0	0	0	0	0	0
0	0	0	1	0	0	0	0	0	1
0	0	0	0	1	0	0	0	0	0
0	0	1	0	0	0	0	0	0	0
0	0	0	0	0	0	1	0	0	0

0	10	0	0	10	0	0	0	0	0
10	0	10	10	0	10	0	0	0	0
0	10	0	0	0	0	0	0	10	0
0	10	0	0	0	0	10	0	0	0
10	0	0	0	0	0	0	10	0	0
0	10	0	0	0	0	0	0	0	0
0	0	0	10	0	0	0	0	0	10
0	0	0	0	10	0	0	0	0	0
0	0	10	0	0	0	0	0	0	0
0	0	0	0	0	0	10	0	0	0

0	1	0	0	1	0	0	0	0	0
1	0	1	1	0	1	0	0	0	0
0	1	0	0	0	0	0	0	1	0
0	1	0	0	0	0	1	0	0	0
1	0	0	0	0	0	0	1	0	0
0	1	0	0	0	0	0	0	0	0
0	0	0	1	0	0	0	0	0	1
0	0	0	0	1	0	0	0	0	0
0	0	1	0	0	0	0	0	0	0
0	0	0	0	0	0	1	0	0	0

0	1	0	0	1	0	0	0	0	0
1	0	1	1	0	1	0	0	0	0
0	1	0	0	0	0	0	0	1	0
0	1	0	0	0	0	1	0	0	0
1	0	0	0	0	0	0	1	0	0
0	1	0	0	0	0	0	0	0	0
0	0	0	1	0	0	0	0	0	1
0	0	0	0	1	0	0	0	0	0
0	0	1	0	0	0	0	0	0	0
0	0	0	0	0	0	1	0	0	0

22	25
22	20
19	19
25	23
15	23
22	19
17	21
18	19
18	20
21	23

14	9
11	6
7	15
3	16
7	23
8	22
14	15
11	23
1	8
9	23
