0	1	0	0	1	0	0	0	0	0
1	0	1	1	0	1	0	0	0	0
0	1	0	0	0	0	0	0	0	0
0	1	0	0	0	0	0	0	0	1
1	0	0	0	0	0	0	0	1	0
0	1	0	0	0	0	1	1	0	0
0	0	0	0	0	1	0	0	0	0
0	0	0	0	0	1	0	0	0	0
0	0	0	0	1	0	0	0	0	0
0	0	0	1	0	0	0	0	0	0

0	10	0	0	10	0	0	0	0	0
10	0	10	10	0	10	0	0	0	0
0	10	0	0	0	0	0	0	0	0
0	10	0	0	0	0	0	0	0	10
10	0	0	0	0	0	0	0	10	0
0	10	0	0	0	0	10	10	0	0
0	0	0	0	0	10	0	0	0	0
0	0	0	0	0	10	0	0	0	0
0	0	0	0	10	0	0	0	0	0
0	0	0	10	0	0	0	0	0	0

0	1	0	0	1	0	0	0	0	0
1	0	1	1	0	1	0	0	0	0
0	1	0	0	0	0	0	0	0	0
0	1	0	0	0	0	0	0	0	1
1	0	0	0	0	0	0	0	1	0
0	1	0	0	0	0	1	1	0	0
0	0	0	0	0	1	0	0	0	0
0	0	0	0	0	1	0	0	0	0
0	0	0	0	1	0	0	0	0	0
0	0	0	1	0	0	0	0	0	0

0	1	0	0	1	0	0	0	0	0
1	0	1	1	0	1	0	0	0	0
0	1	0	0	0	0	0	0	0	0
0	1	0	0	0	0	0	0	0	1
1	0	0	0	0	0	0	0	1	0
0	1	0	0	0	0	1	1	0	0
0	0	0	0	0	1	0	0	0	0
0	0	0	0	0	1	0	0	0	0
0	0	0	0	1	0	0	0	0	0
0	0	0	1	0	0	0	0	0	0

21	18
22	25
23	21
16	20
17	18
24	25
15	19
25	15
23	17
19	16

10	4
11	15
3	21
3	18
19	21
22	11
4	3
19	0
13	4
11	9
