0	1	0	1	1	0	0	0	1
1	0	1	0	0	0	0	0	0
0	1	0	0	0	1	0	1	0
1	0	0	0	0	0	0	0	0
1	0	0	0	0	0	0	0	0
0	0	1	0	0	0	1	0	0
0	0	0	0	0	1	0	0	0
0	0	1	0	0	0	0	0	0
1	0	0	0	0	0	0	0	0

0	20	0	20	20	0	0	0	20
20	0	20	0	0	0	0	0	0
0	20	0	0	0	20	0	20	0
20	0	0	0	0	0	0	0	0
20	0	0	0	0	0	0	0	0
0	0	20	0	0	0	20	0	0
0	0	0	0	0	20	0	0	0
0	0	20	0	0	0	0	0	0
20	0	0	0	0	0	0	0	0

0	1	0	1	1	0	0	0	1
1	0	1	0	0	0	0	0	0
0	1	0	0	0	1	0	1	0
1	0	0	0	0	0	0	0	0
1	0	0	0	0	0	0	0	0
0	0	1	0	0	0	1	0	0
0	0	0	0	0	1	0	0	0
0	0	1	0	0	0	0	0	0
1	0	0	0	0	0	0	0	0

0	1	0	1	1	0	0	0	1
1	0	1	0	0	0	0	0	0
0	1	0	0	0	1	0	1	0
1	0	0	0	0	0	0	0	0
1	0	0	0	0	0	0	0	0
0	0	1	0	0	0	1	0	0
0	0	0	0	0	1	0	0	0
0	0	1	0	0	0	0	0	0
1	0	0	0	0	0	0	0	0

25	21
22	25
23	15
20	24
24	17
16	18
21	16
18	19
17	18

20	18
5	3
19	22
19	0
18	16
1	9
8	4
4	0
15	18
