0	1	1	1	0	0	0	0	0	0
1	0	0	0	0	0	0	0	0	1
1	0	0	0	1	0	0	0	0	0
1	0	0	0	0	0	0	0	0	0
0	0	1	0	0	1	1	0	1	0
0	0	0	0	1	0	0	1	0	0
0	0	0	0	1	0	0	0	0	0
0	0	0	0	0	1	0	0	0	0
0	0	0	0	1	0	0	0	0	0
0	1	0	0	0	0	0	0	0	0

0	10	10	10	0	0	0	0	0	0
10	0	0	0	0	0	0	0	0	10
10	0	0	0	10	0	0	0	0	0
10	0	0	0	0	0	0	0	0	0
0	0	10	0	0	10	10	0	10	0
0	0	0	0	10	0	0	10	0	0
0	0	0	0	10	0	0	0	0	0
0	0	0	0	0	10	0	0	0	0
0	0	0	0	10	0	0	0	0	0
0	10	0	0	0	0	0	0	0	0

0	1	1	1	0	0	0	0	0	0
1	0	0	0	0	0	0	0	0	1
1	0	0	0	1	0	0	0	0	0
1	0	0	0	0	0	0	0	0	0
0	0	1	0	0	1	1	0	1	0
0	0	0	0	1	0	0	1	0	0
0	0	0	0	1	0	0	0	0	0
0	0	0	0	0	1	0	0	0	0
0	0	0	0	1	0	0	0	0	0
0	1	0	0	0	0	0	0	0	0

0	1	1	1	0	0	0	0	0	0
1	0	0	0	0	0	0	0	0	1
1	0	0	0	1	0	0	0	0	0
1	0	0	0	0	0	0	0	0	0
0	0	1	0	0	1	1	0	1	0
0	0	0	0	1	0	0	1	0	0
0	0	0	0	1	0	0	0	0	0
0	0	0	0	0	1	0	0	0	0
0	0	0	0	1	0	0	0	0	0
0	1	0	0	0	0	0	0	0	0

23	25
19	25
24	19
19	24
18	23
20	16
24	16
22	25
23	22
17	23

7	8
23	8
18	21
19	22
13	5
8	1
8	10
18	23
22	1
5	21
