0	1	1	0	0	0	1	0	0	0
1	0	0	1	0	1	0	0	0	0
1	0	0	0	0	0	0	0	0	0
0	1	0	0	1	0	0	0	0	1
0	0	0	1	0	0	0	1	0	0
0	1	0	0	0	0	0	0	0	0
1	0	0	0	0	0	0	0	1	0
0	0	0	0	1	0	0	0	0	0
0	0	0	0	0	0	1	0	0	0
0	0	0	1	0	0	0	0	0	0

0	25	25	0	0	0	25	0	0	0
25	0	0	25	0	25	0	0	0	0
25	0	0	0	0	0	0	0	0	0
0	25	0	0	25	0	0	0	0	25
0	0	0	25	0	0	0	25	0	0
0	25	0	0	0	0	0	0	0	0
25	0	0	0	0	0	0	0	25	0
0	0	0	0	25	0	0	0	0	0
0	0	0	0	0	0	25	0	0	0
0	0	0	25	0	0	0	0	0	0

0	1	1	0	0	0	1	0	0	0
1	0	0	1	0	1	0	0	0	0
1	0	0	0	0	0	0	0	0	0
0	1	0	0	1	0	0	0	0	1
0	0	0	1	0	0	0	1	0	0
0	1	0	0	0	0	0	0	0	0
1	0	0	0	0	0	0	0	1	0
0	0	0	0	1	0	0	0	0	0
0	0	0	0	0	0	1	0	0	0
0	0	0	1	0	0	0	0	0	0

0	1	1	0	0	0	1	0	0	0
1	0	0	1	0	1	0	0	0	0
1	0	0	0	0	0	0	0	0	0
0	1	0	0	1	0	0	0	0	1
0	0	0	1	0	0	0	1	0	0
0	1	0	0	0	0	0	0	0	0
1	0	0	0	0	0	0	0	1	0
0	0	0	0	1	0	0	0	0	0
0	0	0	0	0	0	1	0	0	0
0	0	0	1	0	0	0	0	0	0

19	22
16	20
25	21
22	16
17	18
15	25
24	20
21	16
25	16
21	23

20	0
3	7
17	23
12	19
10	12
0	20
19	16
5	0
18	11
0	19
