0	1	0	1	0	0	1	0	0	0
1	0	1	0	0	1	0	0	0	1
0	1	0	0	1	0	0	0	0	0
1	0	0	0	0	0	0	0	0	0
0	0	1	0	0	0	0	0	1	0
0	1	0	0	0	0	0	0	0	0
1	0	0	0	0	0	0	1	0	0
0	0	0	0	0	0	1	0	0	0
0	0	0	0	1	0	0	0	0	0
0	1	0	0	0	0	0	0	0	0

0	15	0	15	0	0	15	0	0	0
15	0	15	0	0	15	0	0	0	15
0	15	0	0	15	0	0	0	0	0
15	0	0	0	0	0	0	0	0	0
0	0	15	0	0	0	0	0	15	0
0	15	0	0	0	0	0	0	0	0
15	0	0	0	0	0	0	15	0	0
0	0	0	0	0	0	15	0	0	0
0	0	0	0	15	0	0	0	0	0
0	15	0	0	0	0	0	0	0	0

0	1	0	1	0	0	1	0	0	0
1	0	1	0	0	1	0	0	0	1
0	1	0	0	1	0	0	0	0	0
1	0	0	0	0	0	0	0	0	0
0	0	1	0	0	0	0	0	1	0
0	1	0	0	0	0	0	0	0	0
1	0	0	0	0	0	0	1	0	0
0	0	0	0	0	0	1	0	0	0
0	0	0	0	1	0	0	0	0	0
0	1	0	0	0	0	0	0	0	0

0	1	0	1	0	0	1	0	0	0
1	0	1	0	0	1	0	0	0	1
0	1	0	0	1	0	0	0	0	0
1	0	0	0	0	0	0	0	0	0
0	0	1	0	0	0	0	0	1	0
0	1	0	0	0	0	0	0	0	0
1	0	0	0	0	0	0	1	0	0
0	0	0	0	0	0	1	0	0	0
0	0	0	0	1	0	0	0	0	0
0	1	0	0	0	0	0	0	0	0

18	18
17	23
18	18
17	25
21	18
20	16
19	23
21	18
17	21
21	21

12	14
14	3
6	3
13	23
8	1
17	15
7	18
19	0
17	2
9	16
