0	1	0	0	0	0	0	0	0
1	0	1	1	0	0	0	0	0
0	1	0	0	0	0	1	0	0
0	1	0	0	1	1	0	0	0
0	0	0	1	0	0	0	1	0
0	0	0	1	0	0	0	0	1
0	0	1	0	0	0	0	0	0
0	0	0	0	1	0	0	0	0
0	0	0	0	0	1	0	0	0

0	10	0	0	0	0	0	0	0
10	0	10	10	0	0	0	0	0
0	10	0	0	0	0	10	0	0
0	10	0	0	10	10	0	0	0
0	0	0	10	0	0	0	10	0
0	0	0	10	0	0	0	0	10
0	0	10	0	0	0	0	0	0
0	0	0	0	10	0	0	0	0
0	0	0	0	0	10	0	0	0

0	1	0	0	0	0	0	0	0
1	0	1	1	0	0	0	0	0
0	1	0	0	0	0	1	0	0
0	1	0	0	1	1	0	0	0
0	0	0	1	0	0	0	1	0
0	0	0	1	0	0	0	0	1
0	0	1	0	0	0	0	0	0
0	0	0	0	1	0	0	0	0
0	0	0	0	0	1	0	0	0

0	1	0	0	0	0	0	0	0
1	0	1	1	0	0	0	0	0
0	1	0	0	0	0	1	0	0
0	1	0	0	1	1	0	0	0
0	0	0	1	0	0	0	1	0
0	0	0	1	0	0	0	0	1
0	0	1	0	0	0	0	0	0
0	0	0	0	1	0	0	0	0
0	0	0	0	0	1	0	0	0

23	19
16	17
16	18
24	22
19	16
21	22
21	17
25	15
18	23

0	7
9	3
11	21
18	21
20	17
10	5
17	15
5	23
1	12
