0	1	1	0	0	0	0	0	0
1	0	0	1	1	0	0	1	0
1	0	0	0	0	0	0	0	0
0	1	0	0	0	0	1	0	0
0	1	0	0	0	1	0	0	0
0	0	0	0	1	0	0	0	1
0	0	0	1	0	0	0	0	0
0	1	0	0	0	0	0	0	0
0	0	0	0	0	1	0	0	0

0	15	15	0	0	0	0	0	0
15	0	0	15	15	0	0	15	0
15	0	0	0	0	0	0	0	0
0	15	0	0	0	0	15	0	0
0	15	0	0	0	15	0	0	0
0	0	0	0	15	0	0	0	15
0	0	0	15	0	0	0	0	0
0	15	0	0	0	0	0	0	0
0	0	0	0	0	15	0	0	0

0	1	1	0	0	0	0	0	0
1	0	0	1	1	0	0	1	0
1	0	0	0	0	0	0	0	0
0	1	0	0	0	0	1	0	0
0	1	0	0	0	1	0	0	0
0	0	0	0	1	0	0	0	1
0	0	0	1	0	0	0	0	0
0	1	0	0	0	0	0	0	0
0	0	0	0	0	1	0	0	0

0	1	1	0	0	0	0	0	0
1	0	0	1	1	0	0	1	0
1	0	0	0	0	0	0	0	0
0	1	0	0	0	0	1	0	0
0	1	0	0	0	1	0	0	0
0	0	0	0	1	0	0	0	1
0	0	0	1	0	0	0	0	0
0	1	0	0	0	0	0	0	0
0	0	0	0	0	1	0	0	0

25	23
15	24
17	17
17	24
20	16
23	25
16	15
22	18
15	21

11	3
4	7
8	11
11	22
8	22
19	8
18	7
17	7
8	11
