0	1	0	0	0	0	0	0	0	0
1	0	1	1	0	0	0	0	0	0
0	1	0	0	0	0	1	0	1	0
0	1	0	0	1	1	0	0	0	0
0	0	0	1	0	0	0	1	0	1
0	0	0	1	0	0	0	0	0	0
0	0	1	0	0	0	0	0	0	0
0	0	0	0	1	0	0	0	0	0
0	0	1	0	0	0	0	0	0	0
0	0	0	0	1	0	0	0	0	0

0	5	0	0	0	0	0	0	0	0
5	0	5	5	0	0	0	0	0	0
0	5	0	0	0	0	5	0	5	0
0	5	0	0	5	5	0	0	0	0
0	0	0	5	0	0	0	5	0	5
0	0	0	5	0	0	0	0	0	0
0	0	5	0	0	0	0	0	0	0
0	0	0	0	5	0	0	0	0	0
0	0	5	0	0	0	0	0	0	0
0	0	0	0	5	0	0	0	0	0

0	1	0	0	0	0	0	0	0	0
1	0	1	1	0	0	0	0	0	0
0	1	0	0	0	0	1	0	1	0
0	1	0	0	1	1	0	0	0	0
0	0	0	1	0	0	0	1	0	1
0	0	0	1	0	0	0	0	0	0
0	0	1	0	0	0	0	0	0	0
0	0	0	0	1	0	0	0	0	0
0	0	1	0	0	0	0	0	0	0
0	0	0	0	1	0	0	0	0	0

0	1	0	0	0	0	0	0	0	0
1	0	1	1	0	0	0	0	0	0
0	1	0	0	0	0	1	0	1	0
0	1	0	0	1	1	0	0	0	0
0	0	0	1	0	0	0	1	0	1
0	0	0	1	0	0	0	0	0	0
0	0	1	0	0	0	0	0	0	0
0	0	0	0	1	0	0	0	0	0
0	0	1	0	0	0	0	0	0	0
0	0	0	0	1	0	0	0	0	0

17	15
25	22
23	20
19	22
16	23
20	25
15	23
15	15
15	18
18	24

5	23
16	14
20	3
20	11
0	3
4	0
7	8
17	7
20	1
0	22
