0	1	0	0	1	0	1	0	1	0
1	0	1	0	0	0	0	0	0	1
0	1	0	1	0	0	0	1	0	0
0	0	1	0	0	0	0	0	0	0
1	0	0	0	0	1	0	0	0	0
0	0	0	0	1	0	0	0	0	0
1	0	0	0	0	0	0	0	0	0
0	0	1	0	0	0	0	0	0	0
1	0	0	0	0	0	0	0	0	0
0	1	0	0	0	0	0	0	0	0

0	20	0	0	20	0	20	0	20	0
20	0	20	0	0	0	0	0	0	20
0	20	0	20	0	0	0	20	0	0
0	0	20	0	0	0	0	0	0	0
20	0	0	0	0	20	0	0	0	0
0	0	0	0	20	0	0	0	0	0
20	0	0	0	0	0	0	0	0	0
0	0	20	0	0	0	0	0	0	0
20	0	0	0	0	0	0	0	0	0
0	20	0	0	0	0	0	0	0	0

0	1	0	0	1	0	1	0	1	0
1	0	1	0	0	0	0	0	0	1
0	1	0	1	0	0	0	1	0	0
0	0	1	0	0	0	0	0	0	0
1	0	0	0	0	1	0	0	0	0
0	0	0	0	1	0	0	0	0	0
1	0	0	0	0	0	0	0	0	0
0	0	1	0	0	0	0	0	0	0
1	0	0	0	0	0	0	0	0	0
0	1	0	0	0	0	0	0	0	0

0	1	0	0	1	0	1	0	1	0
1	0	1	0	0	0	0	0	0	1
0	1	0	1	0	0	0	1	0	0
0	0	1	0	0	0	0	0	0	0
1	0	0	0	0	1	0	0	0	0
0	0	0	0	1	0	0	0	0	0
1	0	0	0	0	0	0	0	0	0
0	0	1	0	0	0	0	0	0	0
1	0	0	0	0	0	0	0	0	0
0	1	0	0	0	0	0	0	0	0

21	23
25	22
19	19
15	16
16	17
15	22
19	23
19	23
22	24
19	22

19	6
12	13
6	22
23	5
6	0
0	4
7	11
21	10
5	6
22	5
