0	1	0	0	0	0	0	0	0
1	0	1	1	0	0	0	0	0
0	1	0	0	0	0	0	1	0
0	1	0	0	1	1	0	0	0
0	0	0	1	0	0	0	0	0
0	0	0	1	0	0	1	0	1
0	0	0	0	0	1	0	0	0
0	0	1	0	0	0	0	0	0
0	0	0	0	0	1	0	0	0

0	5	0	0	0	0	0	0	0
5	0	5	5	0	0	0	0	0
0	5	0	0	0	0	0	5	0
0	5	0	0	5	5	0	0	0
0	0	0	5	0	0	0	0	0
0	0	0	5	0	0	5	0	5
0	0	0	0	0	5	0	0	0
0	0	5	0	0	0	0	0	0
0	0	0	0	0	5	0	0	0

0	1	0	0	0	0	0	0	0
1	0	1	1	0	0	0	0	0
0	1	0	0	0	0	0	1	0
0	1	0	0	1	1	0	0	0
0	0	0	1	0	0	0	0	0
0	0	0	1	0	0	1	0	1
0	0	0	0	0	1	0	0	0
0	0	1	0	0	0	0	0	0
0	0	0	0	0	1	0	0	0

0	1	0	0	0	0	0	0	0
1	0	1	1	0	0	0	0	0
0	1	0	0	0	0	0	1	0
0	1	0	0	1	1	0	0	0
0	0	0	1	0	0	0	0	0
0	0	0	1	0	0	1	0	1
0	0	0	0	0	1	0	0	0
0	0	1	0	0	0	0	0	0
0	0	0	0	0	1	0	0	0

18	15
16	18
22	15
20	22
20	24
23	20
17	18
16	20
17	20

2	3
19	1
22	9
4	1
16	19
8	17
20	13
5	10
13	6
