0	1	1	0	0	0	0	0
1	0	0	1	0	0	0	1
1	0	0	0	1	1	0	0
0	1	0	0	0	0	0	0
0	0	1	0	0	0	1	0
0	0	1	0	0	0	0	0
0	0	0	0	1	0	0	0
0	1	0	0	0	0	0	0

0	5	5	0	0	0	0	0
5	0	0	5	0	0	0	5
5	0	0	0	5	5	0	0
0	5	0	0	0	0	0	0
0	0	5	0	0	0	5	0
0	0	5	0	0	0	0	0
0	0	0	0	5	0	0	0
0	5	0	0	0	0	0	0

0	1	1	0	0	0	0	0
1	0	0	1	0	0	0	1
1	0	0	0	1	1	0	0
0	1	0	0	0	0	0	0
0	0	1	0	0	0	1	0
0	0	1	0	0	0	0	0
0	0	0	0	1	0	0	0
0	1	0	0	0	0	0	0

0	1	1	0	0	0	0	0
1	0	0	1	0	0	0	1
1	0	0	0	1	1	0	0
0	1	0	0	0	0	0	0
0	0	1	0	0	0	1	0
0	0	1	0	0	0	0	0
0	0	0	0	1	0	0	0
0	1	0	0	0	0	0	0

17	15
23	19
16	19
23	15
15	21
25	21
16	25
18	20

10	4
5	0
18	5
1	17
22	15
18	14
17	4
21	14
