0	1	1	1	0	1	0	0	1
1	0	0	0	0	0	0	1	0
1	0	0	0	1	0	0	0	0
1	0	0	0	0	0	0	0	0
0	0	1	0	0	0	0	0	0
1	0	0	0	0	0	1	0	0
0	0	0	0	0	1	0	0	0
0	1	0	0	0	0	0	0	0
1	0	0	0	0	0	0	0	0

0	20	20	20	0	20	0	0	20
20	0	0	0	0	0	0	20	0
20	0	0	0	20	0	0	0	0
20	0	0	0	0	0	0	0	0
0	0	20	0	0	0	0	0	0
20	0	0	0	0	0	20	0	0
0	0	0	0	0	20	0	0	0
0	20	0	0	0	0	0	0	0
20	0	0	0	0	0	0	0	0

0	1	1	1	0	1	0	0	1
1	0	0	0	0	0	0	1	0
1	0	0	0	1	0	0	0	0
1	0	0	0	0	0	0	0	0
0	0	1	0	0	0	0	0	0
1	0	0	0	0	0	1	0	0
0	0	0	0	0	1	0	0	0
0	1	0	0	0	0	0	0	0
1	0	0	0	0	0	0	0	0

0	1	1	1	0	1	0	0	1
1	0	0	0	0	0	0	1	0
1	0	0	0	1	0	0	0	0
1	0	0	0	0	0	0	0	0
0	0	1	0	0	0	0	0	0
1	0	0	0	0	0	1	0	0
0	0	0	0	0	1	0	0	0
0	1	0	0	0	0	0	0	0
1	0	0	0	0	0	0	0	0

24	22
15	17
22	20
19	22
25	21
21	22
25	15
23	19
16	24

18	9
16	15
3	22
10	4
11	14
4	5
10	16
11	8
8	17
