0	1	1	0	0	1	0	0	1	0
1	0	0	1	0	0	0	0	0	0
1	0	0	0	0	0	0	1	0	0
0	1	0	0	1	0	0	0	0	0
0	0	0	1	0	0	0	0	0	0
1	0	0	0	0	0	1	0	0	1
0	0	0	0	0	1	0	0	0	0
0	0	1	0	0	0	0	0	0	0
1	0	0	0	0	0	0	0	0	0
0	0	0	0	0	1	0	0	0	0

0	20	20	0	0	20	0	0	20	0
20	0	0	20	0	0	0	0	0	0
20	0	0	0	0	0	0	20	0	0
0	20	0	0	20	0	0	0	0	0
0	0	0	20	0	0	0	0	0	0
20	0	0	0	0	0	20	0	0	20
0	0	0	0	0	20	0	0	0	0
0	0	20	0	0	0	0	0	0	0
20	0	0	0	0	0	0	0	0	0
0	0	0	0	0	20	0	0	0	0

0	1	1	0	0	1	0	0	1	0
1	0	0	1	0	0	0	0	0	0
1	0	0	0	0	0	0	1	0	0
0	1	0	0	1	0	0	0	0	0
0	0	0	1	0	0	0	0	0	0
1	0	0	0	0	0	1	0	0	1
0	0	0	0	0	1	0	0	0	0
0	0	1	0	0	0	0	0	0	0
1	0	0	0	0	0	0	0	0	0
0	0	0	0	0	1	0	0	0	0

0	1	1	0	0	1	0	0	1	0
1	0	0	1	0	0	0	0	0	0
1	0	0	0	0	0	0	1	0	0
0	1	0	0	1	0	0	0	0	0
0	0	0	1	0	0	0	0	0	0
1	0	0	0	0	0	1	0	0	1
0	0	0	0	0	1	0	0	0	0
0	0	1	0	0	0	0	0	0	0
1	0	0	0	0	0	0	0	0	0
0	0	0	0	0	1	0	0	0	0

25	15
15	18
19	20
17	18
22	15
19	16
24	17
16	23
21	21
25	24

14	8
15	21
12	11
10	18
6	1
10	14
21	6
0	12
6	14
9	21
