0	1	1	0	0	0	0	0	0	1
1	0	0	0	0	0	1	0	0	0
1	0	0	1	0	1	0	0	0	0
0	0	1	0	1	0	0	0	0	0
0	0	0	1	0	0	0	1	0	0
0	0	1	0	0	0	0	0	0	0
0	1	0	0	0	0	0	0	0	0
0	0	0	0	1	0	0	0	1	0
0	0	0	0	0	0	0	1	0	0
1	0	0	0	0	0	0	0	0	0

0	25	25	0	0	0	0	0	0	25
25	0	0	0	0	0	25	0	0	0
25	0	0	25	0	25	0	0	0	0
0	0	25	0	25	0	0	0	0	0
0	0	0	25	0	0	0	25	0	0
0	0	25	0	0	0	0	0	0	0
0	25	0	0	0	0	0	0	0	0
0	0	0	0	25	0	0	0	25	0
0	0	0	0	0	0	0	25	0	0
25	0	0	0	0	0	0	0	0	0

0	1	1	0	0	0	0	0	0	1
1	0	0	0	0	0	1	0	0	0
1	0	0	1	0	1	0	0	0	0
0	0	1	0	1	0	0	0	0	0
0	0	0	1	0	0	0	1	0	0
0	0	1	0	0	0	0	0	0	0
0	1	0	0	0	0	0	0	0	0
0	0	0	0	1	0	0	0	1	0
0	0	0	0	0	0	0	1	0	0
1	0	0	0	0	0	0	0	0	0

0	1	1	0	0	0	0	0	0	1
1	0	0	0	0	0	1	0	0	0
1	0	0	1	0	1	0	0	0	0
0	0	1	0	1	0	0	0	0	0
0	0	0	1	0	0	0	1	0	0
0	0	1	0	0	0	0	0	0	0
0	1	0	0	0	0	0	0	0	0
0	0	0	0	1	0	0	0	1	0
0	0	0	0	0	0	0	1	0	0
1	0	0	0	0	0	0	0	0	0

23	23
20	17
20	21
17	24
21	15
17	16
25	21
24	17
25	19
22	22

18	16
14	11
23	2
20	14
16	12
3	15
14	2
4	17
20	14
18	8
