0	1	0	0	0	0	0	0
1	0	1	0	1	0	0	0
0	1	0	1	0	1	0	1
0	0	1	0	0	0	0	0
0	1	0	0	0	0	0	0
0	0	1	0	0	0	1	0
0	0	0	0	0	1	0	0
0	0	1	0	0	0	0	0

0	10	0	0	0	0	0	0
10	0	10	0	10	0	0	0
0	10	0	10	0	10	0	10
0	0	10	0	0	0	0	0
0	10	0	0	0	0	0	0
0	0	10	0	0	0	10	0
0	0	0	0	0	10	0	0
0	0	10	0	0	0	0	0

0	1	0	0	0	0	0	0
1	0	1	0	1	0	0	0
0	1	0	1	0	1	0	1
0	0	1	0	0	0	0	0
0	1	0	0	0	0	0	0
0	0	1	0	0	0	1	0
0	0	0	0	0	1	0	0
0	0	1	0	0	0	0	0

0	1	0	0	0	0	0	0
1	0	1	0	1	0	0	0
0	1	0	1	0	1	0	1
0	0	1	0	0	0	0	0
0	1	0	0	0	0	0	0
0	0	1	0	0	0	1	0
0	0	0	0	0	1	0	0
0	0	1	0	0	0	0	0

19	18
23	21
15	18
23	15
15	15
24	15
24	19
17	19

10	2
11	17
9	19
1	13
16	13
14	19
7	0
2	0
