0	1	1	1	0	0	0	0	0
1	0	0	0	0	0	0	0	0
1	0	0	0	0	1	0	0	1
1	0	0	0	1	0	0	0	0
0	0	0	1	0	0	0	0	0
0	0	1	0	0	0	1	0	0
0	0	0	0	0	1	0	1	0
0	0	0	0	0	0	1	0	0
0	0	1	0	0	0	0	0	0

0	5	5	5	0	0	0	0	0
5	0	0	0	0	0	0	0	0
5	0	0	0	0	5	0	0	5
5	0	0	0	5	0	0	0	0
0	0	0	5	0	0	0	0	0
0	0	5	0	0	0	5	0	0
0	0	0	0	0	5	0	5	0
0	0	0	0	0	0	5	0	0
0	0	5	0	0	0	0	0	0

0	1	1	1	0	0	0	0	0
1	0	0	0	0	0	0	0	0
1	0	0	0	0	1	0	0	1
1	0	0	0	1	0	0	0	0
0	0	0	1	0	0	0	0	0
0	0	1	0	0	0	1	0	0
0	0	0	0	0	1	0	1	0
0	0	0	0	0	0	1	0	0
0	0	1	0	0	0	0	0	0

0	1	1	1	0	0	0	0	0
1	0	0	0	0	0	0	0	0
1	0	0	0	0	1	0	0	1
1	0	0	0	1	0	0	0	0
0	0	0	1	0	0	0	0	0
0	0	1	0	0	0	1	0	0
0	0	0	0	0	1	0	1	0
0	0	0	0	0	0	1	0	0
0	0	1	0	0	0	0	0	0

25	20
25	16
25	15
20	20
18	16
18	19
22	18
15	21
21	18

10	5
23	16
13	18
5	14
7	20
12	8
13	20
4	21
12	21
