0	1	1	1	0	1	0	0
1	0	0	0	1	0	0	0
1	0	0	0	0	0	0	0
1	0	0	0	0	0	1	0
0	1	0	0	0	0	0	0
1	0	0	0	0	0	0	0
0	0	0	1	0	0	0	1
0	0	0	0	0	0	1	0

0	15	15	15	0	15	0	0
15	0	0	0	15	0	0	0
15	0	0	0	0	0	0	0
15	0	0	0	0	0	15	0
0	15	0	0	0	0	0	0
15	0	0	0	0	0	0	0
0	0	0	15	0	0	0	15
0	0	0	0	0	0	15	0

0	1	1	1	0	1	0	0
1	0	0	0	1	0	0	0
1	0	0	0	0	0	0	0
1	0	0	0	0	0	1	0
0	1	0	0	0	0	0	0
1	0	0	0	0	0	0	0
0	0	0	1	0	0	0	1
0	0	0	0	0	0	1	0

0	1	1	1	0	1	0	0
1	0	0	0	1	0	0	0
1	0	0	0	0	0	0	0
1	0	0	0	0	0	1	0
0	1	0	0	0	0	0	0
1	0	0	0	0	0	0	0
0	0	0	1	0	0	0	1
0	0	0	0	0	0	1	0

19	24
23	20
17	19
20	20
19	16
22	15
21	23
22	18

5	19
1	12
10	12
5	0
8	23
15	11
19	4
4	12
