0	1	1	1	0	0	0	0	0
1	0	0	0	0	0	0	0	1
1	0	0	0	0	0	0	0	0
1	0	0	0	1	1	0	0	0
0	0	0	1	0	0	1	0	0
0	0	0	1	0	0	0	0	0
0	0	0	0	1	0	0	1	0
0	0	0	0	0	0	1	0	0
0	1	0	0	0	0	0	0	0

0	20	20	20	0	0	0	0	0
20	0	0	0	0	0	0	0	20
20	0	0	0	0	0	0	0	0
20	0	0	0	20	20	0	0	0
0	0	0	20	0	0	20	0	0
0	0	0	20	0	0	0	0	0
0	0	0	0	20	0	0	20	0
0	0	0	0	0	0	20	0	0
0	20	0	0	0	0	0	0	0

0	1	1	1	0	0	0	0	0
1	0	0	0	0	0	0	0	1
1	0	0	0	0	0	0	0	0
1	0	0	0	1	1	0	0	0
0	0	0	1	0	0	1	0	0
0	0	0	1	0	0	0	0	0
0	0	0	0	1	0	0	1	0
0	0	0	0	0	0	1	0	0
0	1	0	0	0	0	0	0	0

0	1	1	1	0	0	0	0	0
1	0	0	0	0	0	0	0	1
1	0	0	0	0	0	0	0	0
1	0	0	0	1	1	0	0	0
0	0	0	1	0	0	1	0	0
0	0	0	1	0	0	0	0	0
0	0	0	0	1	0	0	1	0
0	0	0	0	0	0	1	0	0
0	1	0	0	0	0	0	0	0

23	17
22	22
15	24
17	20
18	21
24	23
24	15
19	15
21	19

3	15
20	11
7	6
1	22
11	7
14	9
13	1
23	2
0	23
