0	1	0	1	0	0	0	0	0
1	0	1	0	1	0	0	1	0
0	1	0	0	0	0	0	0	0
1	0	0	0	0	0	0	0	1
0	1	0	0	0	1	1	0	0
0	0	0	0	1	0	0	0	0
0	0	0	0	1	0	0	0	0
0	1	0	0	0	0	0	0	0
0	0	0	1	0	0	0	0	0

0	10	0	10	0	0	0	0	0
10	0	10	0	10	0	0	10	0
0	10	0	0	0	0	0	0	0
10	0	0	0	0	0	0	0	10
0	10	0	0	0	10	10	0	0
0	0	0	0	10	0	0	0	0
0	0	0	0	10	0	0	0	0
0	10	0	0	0	0	0	0	0
0	0	0	10	0	0	0	0	0

0	1	0	1	0	0	0	0	0
1	0	1	0	1	0	0	1	0
0	1	0	0	0	0	0	0	0
1	0	0	0	0	0	0	0	1
0	1	0	0	0	1	1	0	0
0	0	0	0	1	0	0	0	0
0	0	0	0	1	0	0	0	0
0	1	0	0	0	0	0	0	0
0	0	0	1	0	0	0	0	0

0	1	0	1	0	0	0	0	0
1	0	1	0	1	0	0	1	0
0	1	0	0	0	0	0	0	0
1	0	0	0	0	0	0	0	1
0	1	0	0	0	1	1	0	0
0	0	0	0	1	0	0	0	0
0	0	0	0	1	0	0	0	0
0	1	0	0	0	0	0	0	0
0	0	0	1	0	0	0	0	0

23	19
22	17
25	17
15	19
23	16
16	23
20	15
25	24
22	23

20	22
0	23
19	3
1	22
4	20
20	18
12	1
2	9
7	18
