0	1	0	0	0	0	0	1	1	0
1	0	1	1	1	0	1	0	0	0
0	1	0	0	0	0	0	0	0	0
0	1	0	0	0	1	0	0	0	0
0	1	0	0	0	0	0	0	0	0
0	0	0	1	0	0	0	0	0	0
0	1	0	0	0	0	0	0	0	1
1	0	0	0	0	0	0	0	0	0
1	0	0	0	0	0	0	0	0	0
0	0	0	0	0	0	1	0	0	0

0	10	0	0	0	0	0	10	10	0
10	0	10	10	10	0	10	0	0	0
0	10	0	0	0	0	0	0	0	0
0	10	0	0	0	10	0	0	0	0
0	10	0	0	0	0	0	0	0	0
0	0	0	10	0	0	0	0	0	0
0	10	0	0	0	0	0	0	0	10
10	0	0	0	0	0	0	0	0	0
10	0	0	0	0	0	0	0	0	0
0	0	0	0	0	0	10	0	0	0

0	1	0	0	0	0	0	1	1	0
1	0	1	1	1	0	1	0	0	0
0	1	0	0	0	0	0	0	0	0
0	1	0	0	0	1	0	0	0	0
0	1	0	0	0	0	0	0	0	0
0	0	0	1	0	0	0	0	0	0
0	1	0	0	0	0	0	0	0	1
1	0	0	0	0	0	0	0	0	0
1	0	0	0	0	0	0	0	0	0
0	0	0	0	0	0	1	0	0	0

0	1	0	0	0	0	0	1	1	0
1	0	1	1	1	0	1	0	0	0
0	1	0	0	0	0	0	0	0	0
0	1	0	0	0	1	0	0	0	0
0	1	0	0	0	0	0	0	0	0
0	0	0	1	0	0	0	0	0	0
0	1	0	0	0	0	0	0	0	1
1	0	0	0	0	0	0	0	0	0
1	0	0	0	0	0	0	0	0	0
0	0	0	0	0	0	1	0	0	0

24	16
16	25
16	15
23	25
22	19
16	22
19	22
24	15
16	16
21	22

3	1
14	1
15	11
0	8
8	15
4	20
23	3
3	18
7	8
12	13
