0	1	1	0	0	0	0	0
1	0	0	0	0	0	1	0
1	0	0	1	0	0	0	0
0	0	1	0	1	1	0	1
0	0	0	1	0	0	0	0
0	0	0	1	0	0	0	0
0	1	0	0	0	0	0	0
0	0	0	1	0	0	0	0

0	20	20	0	0	0	0	0
20	0	0	0	0	0	20	0
20	0	0	20	0	0	0	0
0	0	20	0	20	20	0	20
0	0	0	20	0	0	0	0
0	0	0	20	0	0	0	0
0	20	0	0	0	0	0	0
0	0	0	20	0	0	0	0

0	1	1	0	0	0	0	0
1	0	0	0	0	0	1	0
1	0	0	1	0	0	0	0
0	0	1	0	1	1	0	1
0	0	0	1	0	0	0	0
0	0	0	1	0	0	0	0
0	1	0	0	0	0	0	0
0	0	0	1	0	0	0	0

0	1	1	0	0	0	0	0
1	0	0	0	0	0	1	0
1	0	0	1	0	0	0	0
0	0	1	0	1	1	0	1
0	0	0	1	0	0	0	0
0	0	0	1	0	0	0	0
0	1	0	0	0	0	0	0
0	0	0	1	0	0	0	0

15	20
19	25
24	18
21	18
19	17
15	24
23	15
25	22

15	22
8	22
15	19
16	15
13	8
2	3
23	4
4	2
