0	1	0	0	1	1	0	1	0
1	0	1	1	0	0	0	0	0
0	1	0	0	0	0	1	0	0
0	1	0	0	0	0	0	0	1
1	0	0	0	0	0	0	0	0
1	0	0	0	0	0	0	0	0
0	0	1	0	0	0	0	0	0
1	0	0	0	0	0	0	0	0
0	0	0	1	0	0	0	0	0

0	5	0	0	5	5	0	5	0
5	0	5	5	0	0	0	0	0
0	5	0	0	0	0	5	0	0
0	5	0	0	0	0	0	0	5
5	0	0	0	0	0	0	0	0
5	0	0	0	0	0	0	0	0
0	0	5	0	0	0	0	0	0
5	0	0	0	0	0	0	0	0
0	0	0	5	0	0	0	0	0

0	1	0	0	1	1	0	1	0
1	0	1	1	0	0	0	0	0
0	1	0	0	0	0	1	0	0
0	1	0	0	0	0	0	0	1
1	0	0	0	0	0	0	0	0
1	0	0	0	0	0	0	0	0
0	0	1	0	0	0	0	0	0
1	0	0	0	0	0	0	0	0
0	0	0	1	0	0	0	0	0

0	1	0	0	1	1	0	1	0
1	0	1	1	0	0	0	0	0
0	1	0	0	0	0	1	0	0
0	1	0	0	0	0	0	0	1
1	0	0	0	0	0	0	0	0
1	0	0	0	0	0	0	0	0
0	0	1	0	0	0	0	0	0
1	0	0	0	0	0	0	0	0
0	0	0	1	0	0	0	0	0

24	20
22	24
20	21
21	23
23	21
20	19
19	25
17	15
25	21

5	0
19	11
5	17
8	18
11	22
14	8
2	17
10	15
12	23
