0	1	0	1	0	0	0	0	0	0
1	0	1	0	0	1	1	0	0	0
0	1	0	0	1	0	0	0	1	1
1	0	0	0	0	0	0	1	0	0
0	0	1	0	0	0	0	0	0	0
0	1	0	0	0	0	0	0	0	0
0	1	0	0	0	0	0	0	0	0
0	0	0	1	0	0	0	0	0	0
0	0	1	0	0	0	0	0	0	0
0	0	1	0	0	0	0	0	0	0

0	15	0	15	0	0	0	0	0	0
15	0	15	0	0	15	15	0	0	0
0	15	0	0	15	0	0	0	15	15
15	0	0	0	0	0	0	15	0	0
0	0	15	0	0	0	0	0	0	0
0	15	0	0	0	0	0	0	0	0
0	15	0	0	0	0	0	0	0	0
0	0	0	15	0	0	0	0	0	0
0	0	15	0	0	0	0	0	0	0
0	0	15	0	0	0	0	0	0	0

0	1	0	1	0	0	0	0	0	0
1	0	1	0	0	1	1	0	0	0
0	1	0	0	1	0	0	0	1	1
1	0	0	0	0	0	0	1	0	0
0	0	1	0	0	0	0	0	0	0
0	1	0	0	0	0	0	0	0	0
0	1	0	0	0	0	0	0	0	0
0	0	0	1	0	0	0	0	0	0
0	0	1	0	0	0	0	0	0	0
0	0	1	0	0	0	0	0	0	0

0	1	0	1	0	0	0	0	0	0
1	0	1	0	0	1	1	0	0	0
0	1	0	0	1	0	0	0	1	1
1	0	0	0	0	0	0	1	0	0
0	0	1	0	0	0	0	0	0	0
0	1	0	0	0	0	0	0	0	0
0	1	0	0	0	0	0	0	0	0
0	0	0	1	0	0	0	0	0	0
0	0	1	0	0	0	0	0	0	0
0	0	1	0	0	0	0	0	0	0

17	15
15	24
20	15
23	20
20	25
15	23
18	20
25	15
23	22
21	20

8	13
16	0
22	6
22	21
0	15
0	21
11	19
17	18
6	0
14	7
