0	1	1	0	1	0	1	0	0
1	0	0	0	0	1	0	0	0
1	0	0	1	0	0	0	0	0
0	0	1	0	0	0	0	0	0
1	0	0	0	0	0	0	1	0
0	1	0	0	0	0	0	0	1
1	0	0	0	0	0	0	0	0
0	0	0	0	1	0	0	0	0
0	0	0	0	0	1	0	0	0

0	10	10	0	10	0	10	0	0
10	0	0	0	0	10	0	0	0
10	0	0	10	0	0	0	0	0
0	0	10	0	0	0	0	0	0
10	0	0	0	0	0	0	10	0
0	10	0	0	0	0	0	0	10
10	0	0	0	0	0	0	0	0
0	0	0	0	10	0	0	0	0
0	0	0	0	0	10	0	0	0

0	1	1	0	1	0	1	0	0
1	0	0	0	0	1	0	0	0
1	0	0	1	0	0	0	0	0
0	0	1	0	0	0	0	0	0
1	0	0	0	0	0	0	1	0
0	1	0	0	0	0	0	0	1
1	0	0	0	0	0	0	0	0
0	0	0	0	1	0	0	0	0
0	0	0	0	0	1	0	0	0

0	1	1	0	1	0	1	0	0
1	0	0	0	0	1	0	0	0
1	0	0	1	0	0	0	0	0
0	0	1	0	0	0	0	0	0
1	0	0	0	0	0	0	1	0
0	1	0	0	0	0	0	0	1
1	0	0	0	0	0	0	0	0
0	0	0	0	1	0	0	0	0
0	0	0	0	0	1	0	0	0

21	19
15	17
22	15
15	21
25	17
23	22
20	17
25	22
24	22

7	10
18	7
16	2
6	15
15	22
1	12
0	10
4	11
10	16
