0	1	1	0	0	0	1	0	0	0
1	0	0	0	0	0	0	0	0	0
1	0	0	1	0	1	0	0	1	0
0	0	1	0	1	0	0	0	0	0
0	0	0	1	0	0	0	1	0	0
0	0	1	0	0	0	0	0	0	0
1	0	0	0	0	0	0	0	0	0
0	0	0	0	1	0	0	0	0	0
0	0	1	0	0	0	0	0	0	1
0	0	0	0	0	0	0	0	1	0

0	20	20	0	0	0	20	0	0	0
20	0	0	0	0	0	0	0	0	0
20	0	0	20	0	20	0	0	20	0
0	0	20	0	20	0	0	0	0	0
0	0	0	20	0	0	0	20	0	0
0	0	20	0	0	0	0	0	0	0
20	0	0	0	0	0	0	0	0	0
0	0	0	0	20	0	0	0	0	0
0	0	20	0	0	0	0	0	0	20
0	0	0	0	0	0	0	0	20	0

0	1	1	0	0	0	1	0	0	0
1	0	0	0	0	0	0	0	0	0
1	0	0	1	0	1	0	0	1	0
0	0	1	0	1	0	0	0	0	0
0	0	0	1	0	0	0	1	0	0
0	0	1	0	0	0	0	0	0	0
1	0	0	0	0	0	0	0	0	0
0	0	0	0	1	0	0	0	0	0
0	0	1	0	0	0	0	0	0	1
0	0	0	0	0	0	0	0	1	0

0	1	1	0	0	0	1	0	0	0
1	0	0	0	0	0	0	0	0	0
1	0	0	1	0	1	0	0	1	0
0	0	1	0	1	0	0	0	0	0
0	0	0	1	0	0	0	1	0	0
0	0	1	0	0	0	0	0	0	0
1	0	0	0	0	0	0	0	0	0
0	0	0	0	1	0	0	0	0	0
0	0	1	0	0	0	0	0	0	1
0	0	0	0	0	0	0	0	1	0

21	17
22	25
24	22
17	21
15	21
18	17
15	15
25	17
25	17
18	24

12	16
15	7
5	13
7	5
6	3
6	21
1	2
9	10
6	21
12	13
