0	1	1	1	0	1	0	0
1	0	0	0	0	0	1	0
1	0	0	0	0	0	0	0
1	0	0	0	1	0	0	0
0	0	0	1	0	0	0	0
1	0	0	0	0	0	0	1
0	1	0	0	0	0	0	0
0	0	0	0	0	1	0	0

0	10	10	10	0	10	0	0
10	0	0	0	0	0	10	0
10	0	0	0	0	0	0	0
10	0	0	0	10	0	0	0
0	0	0	10	0	0	0	0
10	0	0	0	0	0	0	10
0	10	0	0	0	0	0	0
0	0	0	0	0	10	0	0

0	1	1	1	0	1	0	0
1	0	0	0	0	0	1	0
1	0	0	0	0	0	0	0
1	0	0	0	1	0	0	0
0	0	0	1	0	0	0	0
1	0	0	0	0	0	0	1
0	1	0	0	0	0	0	0
0	0	0	0	0	1	0	0

0	1	1	1	0	1	0	0
1	0	0	0	0	0	1	0
1	0	0	0	0	0	0	0
1	0	0	0	1	0	0	0
0	0	0	1	0	0	0	0
1	0	0	0	0	0	0	1
0	1	0	0	0	0	0	0
0	0	0	0	0	1	0	0

24	22
19	17
23	24
18	20
18	22
21	17
25	20
24	21

22	19
17	22
13	4
13	15
9	4
14	23
1	16
10	11
