0	1	0	1	1	0	0	1	1
1	0	1	0	0	0	0	0	0
0	1	0	0	0	0	1	0	0
1	0	0	0	0	0	0	0	0
1	0	0	0	0	1	0	0	0
0	0	0	0	1	0	0	0	0
0	0	1	0	0	0	0	0	0
1	0	0	0	0	0	0	0	0
1	0	0	0	0	0	0	0	0

0	25	0	25	25	0	0	25	25
25	0	25	0	0	0	0	0	0
0	25	0	0	0	0	25	0	0
25	0	0	0	0	0	0	0	0
25	0	0	0	0	25	0	0	0
0	0	0	0	25	0	0	0	0
0	0	25	0	0	0	0	0	0
25	0	0	0	0	0	0	0	0
25	0	0	0	0	0	0	0	0

0	1	0	1	1	0	0	1	1
1	0	1	0	0	0	0	0	0
0	1	0	0	0	0	1	0	0
1	0	0	0	0	0	0	0	0
1	0	0	0	0	1	0	0	0
0	0	0	0	1	0	0	0	0
0	0	1	0	0	0	0	0	0
1	0	0	0	0	0	0	0	0
1	0	0	0	0	0	0	0	0

0	1	0	1	1	0	0	1	1
1	0	1	0	0	0	0	0	0
0	1	0	0	0	0	1	0	0
1	0	0	0	0	0	0	0	0
1	0	0	0	0	1	0	0	0
0	0	0	0	1	0	0	0	0
0	0	1	0	0	0	0	0	0
1	0	0	0	0	0	0	0	0
1	0	0	0	0	0	0	0	0

15	15
23	22
15	24
20	20
23	22
16	17
22	23
17	25
20	21

0	1
5	4
19	18
5	7
14	2
21	6
12	21
12	7
11	6
