0	1	1	1	0	0	0	0	0
1	0	0	0	0	0	0	1	0
1	0	0	0	0	0	1	0	0
1	0	0	0	1	0	0	0	0
0	0	0	1	0	1	0	0	0
0	0	0	0	1	0	0	0	1
0	0	1	0	0	0	0	0	0
0	1	0	0	0	0	0	0	0
0	0	0	0	0	1	0	0	0

0	25	25	25	0	0	0	0	0
25	0	0	0	0	0	0	25	0
25	0	0	0	0	0	25	0	0
25	0	0	0	25	0	0	0	0
0	0	0	25	0	25	0	0	0
0	0	0	0	25	0	0	0	25
0	0	25	0	0	0	0	0	0
0	25	0	0	0	0	0	0	0
0	0	0	0	0	25	0	0	0

0	1	1	1	0	0	0	0	0
1	0	0	0	0	0	0	1	0
1	0	0	0	0	0	1	0	0
1	0	0	0	1	0	0	0	0
0	0	0	1	0	1	0	0	0
0	0	0	0	1	0	0	0	1
0	0	1	0	0	0	0	0	0
0	1	0	0	0	0	0	0	0
0	0	0	0	0	1	0	0	0

0	1	1	1	0	0	0	0	0
1	0	0	0	0	0	0	1	0
1	0	0	0	0	0	1	0	0
1	0	0	0	1	0	0	0	0
0	0	0	1	0	1	0	0	0
0	0	0	0	1	0	0	0	1
0	0	1	0	0	0	0	0	0
0	1	0	0	0	0	0	0	0
0	0	0	0	0	1	0	0	0

21	22
18	19
22	24
25	25
19	23
25	25
16	17
19	20
19	18

7	0
11	7
9	15
1	4
2	9
9	17
13	12
9	1
18	13
