0	1	1	1	1	1	0	0	0	0
1	0	0	0	0	0	0	0	1	0
1	0	0	0	0	0	0	0	0	1
1	0	0	0	0	0	1	1	0	0
1	0	0	0	0	0	0	0	0	0
1	0	0	0	0	0	0	0	0	0
0	0	0	1	0	0	0	0	0	0
0	0	0	1	0	0	0	0	0	0
0	1	0	0	0	0	0	0	0	0
0	0	1	0	0	0	0	0	0	0

0	15	15	15	15	15	0	0	0	0
15	0	0	0	0	0	0	0	15	0
15	0	0	0	0	0	0	0	0	15
15	0	0	0	0	0	15	15	0	0
15	0	0	0	0	0	0	0	0	0
15	0	0	0	0	0	0	0	0	0
0	0	0	15	0	0	0	0	0	0
0	0	0	15	0	0	0	0	0	0
0	15	0	0	0	0	0	0	0	0
0	0	15	0	0	0	0	0	0	0

0	1	1	1	1	1	0	0	0	0
1	0	0	0	0	0	0	0	1	0
1	0	0	0	0	0	0	0	0	1
1	0	0	0	0	0	1	1	0	0
1	0	0	0	0	0	0	0	0	0
1	0	0	0	0	0	0	0	0	0
0	0	0	1	0	0	0	0	0	0
0	0	0	1	0	0	0	0	0	0
0	1	0	0	0	0	0	0	0	0
0	0	1	0	0	0	0	0	0	0

0	1	1	1	1	1	0	0	0	0
1	0	0	0	0	0	0	0	1	0
1	0	0	0	0	0	0	0	0	1
1	0	0	0	0	0	1	1	0	0
1	0	0	0	0	0	0	0	0	0
1	0	0	0	0	0	0	0	0	0
0	0	0	1	0	0	0	0	0	0
0	0	0	1	0	0	0	0	0	0
0	1	0	0	0	0	0	0	0	0
0	0	1	0	0	0	0	0	0	0

16	24
24	25
23	23
25	22
16	16
20	18
17	21
23	21
15	25
18	22

11	6
18	13
0	6
5	15
10	0
16	7
18	3
18	0
9	12
23	20
