0	1	0	0	0	0	0	0
1	0	1	0	0	0	1	0
0	1	0	1	1	0	0	1
0	0	1	0	0	1	0	0
0	0	1	0	0	0	0	0
0	0	0	1	0	0	0	0
0	1	0	0	0	0	0	0
0	0	1	0	0	0	0	0

0	10	0	0	0	0	0	0
10	0	10	0	0	0	10	0
0	10	0	10	10	0	0	10
0	0	10	0	0	10	0	0
0	0	10	0	0	0	0	0
0	0	0	10	0	0	0	0
0	10	0	0	0	0	0	0
0	0	10	0	0	0	0	0

0	1	0	0	0	0	0	0
1	0	1	0	0	0	1	0
0	1	0	1	1	0	0	1
0	0	1	0	0	1	0	0
0	0	1	0	0	0	0	0
0	0	0	1	0	0	0	0
0	1	0	0	0	0	0	0
0	0	1	0	0	0	0	0

0	1	0	0	0	0	0	0
1	0	1	0	0	0	1	0
0	1	0	1	1	0	0	1
0	0	1	0	0	1	0	0
0	0	1	0	0	0	0	0
0	0	0	1	0	0	0	0
0	1	0	0	0	0	0	0
0	0	1	0	0	0	0	0

17	23
24	24
25	25
18	23
21	15
22	20
15	16
25	16

21	22
1	9
9	6
19	1
3	14
17	3
22	12
7	22
