0	1	1	1	0	1	1	0	0
1	0	0	0	0	0	0	1	0
1	0	0	0	1	0	0	0	0
1	0	0	0	0	0	0	0	0
0	0	1	0	0	0	0	0	0
1	0	0	0	0	0	0	0	0
1	0	0	0	0	0	0	0	0
0	1	0	0	0	0	0	0	1
0	0	0	0	0	0	0	1	0

0	15	15	15	0	15	15	0	0
15	0	0	0	0	0	0	15	0
15	0	0	0	15	0	0	0	0
15	0	0	0	0	0	0	0	0
0	0	15	0	0	0	0	0	0
15	0	0	0	0	0	0	0	0
15	0	0	0	0	0	0	0	0
0	15	0	0	0	0	0	0	15
0	0	0	0	0	0	0	15	0

0	1	1	1	0	1	1	0	0
1	0	0	0	0	0	0	1	0
1	0	0	0	1	0	0	0	0
1	0	0	0	0	0	0	0	0
0	0	1	0	0	0	0	0	0
1	0	0	0	0	0	0	0	0
1	0	0	0	0	0	0	0	0
0	1	0	0	0	0	0	0	1
0	0	0	0	0	0	0	1	0

0	1	1	1	0	1	1	0	0
1	0	0	0	0	0	0	1	0
1	0	0	0	1	0	0	0	0
1	0	0	0	0	0	0	0	0
0	0	1	0	0	0	0	0	0
1	0	0	0	0	0	0	0	0
1	0	0	0	0	0	0	0	0
0	1	0	0	0	0	0	0	1
0	0	0	0	0	0	0	1	0

15	17
17	24
18	23
16	22
16	19
21	18
20	16
25	15
25	24

18	21
18	9
9	5
9	22
3	10
19	11
0	20
6	16
14	17
