0	1	0	0	0	0	0	0	1
1	0	1	0	0	0	0	0	0
0	1	0	1	0	0	0	0	0
0	0	1	0	1	0	0	1	0
0	0	0	1	0	1	0	0	0
0	0	0	0	1	0	1	0	0
0	0	0	0	0	1	0	0	0
0	0	0	1	0	0	0	0	0
1	0	0	0	0	0	0	0	0

0	15	0	0	0	0	0	0	15
15	0	15	0	0	0	0	0	0
0	15	0	15	0	0	0	0	0
0	0	15	0	15	0	0	15	0
0	0	0	15	0	15	0	0	0
0	0	0	0	15	0	15	0	0
0	0	0	0	0	15	0	0	0
0	0	0	15	0	0	0	0	0
15	0	0	0	0	0	0	0	0

0	1	0	0	0	0	0	0	1
1	0	1	0	0	0	0	0	0
0	1	0	1	0	0	0	0	0
0	0	1	0	1	0	0	1	0
0	0	0	1	0	1	0	0	0
0	0	0	0	1	0	1	0	0
0	0	0	0	0	1	0	0	0
0	0	0	1	0	0	0	0	0
1	0	0	0	0	0	0	0	0

0	1	0	0	0	0	0	0	1
1	0	1	0	0	0	0	0	0
0	1	0	1	0	0	0	0	0
0	0	1	0	1	0	0	1	0
0	0	0	1	0	1	0	0	0
0	0	0	0	1	0	1	0	0
0	0	0	0	0	1	0	0	0
0	0	0	1	0	0	0	0	0
1	0	0	0	0	0	0	0	0

25	25
16	17
23	18
22	16
22	17
18	24
16	15
21	16
25	21

3	21
16	4
20	19
20	16
5	12
18	13
19	7
11	18
5	12
