0	1	0	0	0	0	0	0
1	0	1	1	1	0	0	0
0	1	0	0	0	0	0	0
0	1	0	0	0	0	0	0
0	1	0	0	0	1	1	0
0	0	0	0	1	0	0	1
0	0	0	0	1	0	0	0
0	0	0	0	0	1	0	0

0	20	0	0	0	0	0	0
20	0	20	20	20	0	0	0
0	20	0	0	0	0	0	0
0	20	0	0	0	0	0	0
0	20	0	0	0	20	20	0
0	0	0	0	20	0	0	20
0	0	0	0	20	0	0	0
0	0	0	0	0	20	0	0

0	1	0	0	0	0	0	0
1	0	1	1	1	0	0	0
0	1	0	0	0	0	0	0
0	1	0	0	0	0	0	0
0	1	0	0	0	1	1	0
0	0	0	0	1	0	0	1
0	0	0	0	1	0	0	0
0	0	0	0	0	1	0	0

0	1	0	0	0	0	0	0
1	0	1	1	1	0	0	0
0	1	0	0	0	0	0	0
0	1	0	0	0	0	0	0
0	1	0	0	0	1	1	0
0	0	0	0	1	0	0	1
0	0	0	0	1	0	0	0
0	0	0	0	0	1	0	0

18	20
22	16
21	25
22	15
20	20
20	20
22	18
25	21

1	11
8	7
4	19
14	10
10	14
5	10
13	16
6	2
