0	1	1	0	1	0	1	0
1	0	0	0	0	0	0	1
1	0	0	1	0	0	0	0
0	0	1	0	0	1	0	0
1	0	0	0	0	0	0	0
0	0	0	1	0	0	0	0
1	0	0	0	0	0	0	0
0	1	0	0	0	0	0	0

0	25	25	0	25	0	25	0
25	0	0	0	0	0	0	25
25	0	0	25	0	0	0	0
0	0	25	0	0	25	0	0
25	0	0	0	0	0	0	0
0	0	0	25	0	0	0	0
25	0	0	0	0	0	0	0
0	25	0	0	0	0	0	0

0	1	1	0	1	0	1	0
1	0	0	0	0	0	0	1
1	0	0	1	0	0	0	0
0	0	1	0	0	1	0	0
1	0	0	0	0	0	0	0
0	0	0	1	0	0	0	0
1	0	0	0	0	0	0	0
0	1	0	0	0	0	0	0

0	1	1	0	1	0	1	0
1	0	0	0	0	0	0	1
1	0	0	1	0	0	0	0
0	0	1	0	0	1	0	0
1	0	0	0	0	0	0	0
0	0	0	1	0	0	0	0
1	0	0	0	0	0	0	0
0	1	0	0	0	0	0	0

18	23
23	19
16	21
16	25
21	17
19	25
23	25
25	22

5	19
23	5
3	8
13	9
17	5
13	8
20	12
16	9
