0	1	0	1	0	0	0	1	0
1	0	1	0	0	0	1	0	0
0	1	0	0	0	0	0	0	0
1	0	0	0	1	0	0	0	0
0	0	0	1	0	1	0	0	0
0	0	0	0	1	0	0	0	0
0	1	0	0	0	0	0	0	0
1	0	0	0	0	0	0	0	1
0	0	0	0	0	0	0	1	0

0	25	0	25	0	0	0	25	0
25	0	25	0	0	0	25	0	0
0	25	0	0	0	0	0	0	0
25	0	0	0	25	0	0	0	0
0	0	0	25	0	25	0	0	0
0	0	0	0	25	0	0	0	0
0	25	0	0	0	0	0	0	0
25	0	0	0	0	0	0	0	25
0	0	0	0	0	0	0	25	0

0	1	0	1	0	0	0	1	0
1	0	1	0	0	0	1	0	0
0	1	0	0	0	0	0	0	0
1	0	0	0	1	0	0	0	0
0	0	0	1	0	1	0	0	0
0	0	0	0	1	0	0	0	0
0	1	0	0	0	0	0	0	0
1	0	0	0	0	0	0	0	1
0	0	0	0	0	0	0	1	0

0	1	0	1	0	0	0	1	0
1	0	1	0	0	0	1	0	0
0	1	0	0	0	0	0	0	0
1	0	0	0	1	0	0	0	0
0	0	0	1	0	1	0	0	0
0	0	0	0	1	0	0	0	0
0	1	0	0	0	0	0	0	0
1	0	0	0	0	0	0	0	1
0	0	0	0	0	0	0	1	0

22	24
18	19
17	23
16	19
20	21
25	25
23	19
17	25
17	15

13	5
7	21
2	19
23	21
19	9
3	8
5	22
14	11
21	11
