0	1	0	1	0	0	0	0	0	0
1	0	1	0	1	0	0	0	1	0
0	1	0	0	0	1	1	0	0	0
1	0	0	0	0	0	0	1	0	1
0	1	0	0	0	0	0	0	0	0
0	0	1	0	0	0	0	0	0	0
0	0	1	0	0	0	0	0	0	0
0	0	0	1	0	0	0	0	0	0
0	1	0	0	0	0	0	0	0	0
0	0	0	1	0	0	0	0	0	0

0	5	0	5	0	0	0	0	0	0
5	0	5	0	5	0	0	0	5	0
0	5	0	0	0	5	5	0	0	0
5	0	0	0	0	0	0	5	0	5
0	5	0	0	0	0	0	0	0	0
0	0	5	0	0	0	0	0	0	0
0	0	5	0	0	0	0	0	0	0
0	0	0	5	0	0	0	0	0	0
0	5	0	0	0	0	0	0	0	0
0	0	0	5	0	0	0	0	0	0

0	1	0	1	0	0	0	0	0	0
1	0	1	0	1	0	0	0	1	0
0	1	0	0	0	1	1	0	0	0
1	0	0	0	0	0	0	1	0	1
0	1	0	0	0	0	0	0	0	0
0	0	1	0	0	0	0	0	0	0
0	0	1	0	0	0	0	0	0	0
0	0	0	1	0	0	0	0	0	0
0	1	0	0	0	0	0	0	0	0
0	0	0	1	0	0	0	0	0	0

0	1	0	1	0	0	0	0	0	0
1	0	1	0	1	0	0	0	1	0
0	1	0	0	0	1	1	0	0	0
1	0	0	0	0	0	0	1	0	1
0	1	0	0	0	0	0	0	0	0
0	0	1	0	0	0	0	0	0	0
0	0	1	0	0	0	0	0	0	0
0	0	0	1	0	0	0	0	0	0
0	1	0	0	0	0	0	0	0	0
0	0	0	1	0	0	0	0	0	0

17	20
25	15
19	22
15	17
25	19
20	25
23	20
19	22
25	25
24	17

0	11
9	0
4	6
1	12
16	21
5	1
23	3
1	16
23	5
12	6
