0	1	0	0	0	0	0	0
1	0	1	1	1	1	0	0
0	1	0	0	0	0	1	1
0	1	0	0	0	0	0	0
0	1	0	0	0	0	0	0
0	1	0	0	0	0	0	0
0	0	1	0	0	0	0	0
0	0	1	0	0	0	0	0

0	25	0	0	0	0	0	0
25	0	25	25	25	25	0	0
0	25	0	0	0	0	25	25
0	25	0	0	0	0	0	0
0	25	0	0	0	0	0	0
0	25	0	0	0	0	0	0
0	0	25	0	0	0	0	0
0	0	25	0	0	0	0	0

0	1	0	0	0	0	0	0
1	0	1	1	1	1	0	0
0	1	0	0	0	0	1	1
0	1	0	0	0	0	0	0
0	1	0	0	0	0	0	0
0	1	0	0	0	0	0	0
0	0	1	0	0	0	0	0
0	0	1	0	0	0	0	0

0	1	0	0	0	0	0	0
1	0	1	1	1	1	0	0
0	1	0	0	0	0	1	1
0	1	0	0	0	0	0	0
0	1	0	0	0	0	0	0
0	1	0	0	0	0	0	0
0	0	1	0	0	0	0	0
0	0	1	0	0	0	0	0

17	17
24	18
21	15
24	15
19	17
18	18
16	22
19	25

1	17
9	2
5	12
23	19
20	11
11	15
0	20
3	7
