0	1	0	0	0	1	0	0	0
1	0	1	0	0	0	1	0	0
0	1	0	1	1	0	0	0	1
0	0	1	0	0	0	0	1	0
0	0	1	0	0	0	0	0	0
1	0	0	0	0	0	0	0	0
0	1	0	0	0	0	0	0	0
0	0	0	1	0	0	0	0	0
0	0	1	0	0	0	0	0	0

0	25	0	0	0	25	0	0	0
25	0	25	0	0	0	25	0	0
0	25	0	25	25	0	0	0	25
0	0	25	0	0	0	0	25	0
0	0	25	0	0	0	0	0	0
25	0	0	0	0	0	0	0	0
0	25	0	0	0	0	0	0	0
0	0	0	25	0	0	0	0	0
0	0	25	0	0	0	0	0	0

0	1	0	0	0	1	0	0	0
1	0	1	0	0	0	1	0	0
0	1	0	1	1	0	0	0	1
0	0	1	0	0	0	0	1	0
0	0	1	0	0	0	0	0	0
1	0	0	0	0	0	0	0	0
0	1	0	0	0	0	0	0	0
0	0	0	1	0	0	0	0	0
0	0	1	0	0	0	0	0	0

0	1	0	0	0	1	0	0	0
1	0	1	0	0	0	1	0	0
0	1	0	1	1	0	0	0	1
0	0	1	0	0	0	0	1	0
0	0	1	0	0	0	0	0	0
1	0	0	0	0	0	0	0	0
0	1	0	0	0	0	0	0	0
0	0	0	1	0	0	0	0	0
0	0	1	0	0	0	0	0	0

16	23
21	20
22	18
15	25
18	19
15	21
16	20
17	18
22	15

8	11
18	12
9	19
4	10
7	12
10	7
3	15
6	20
17	6
