0	1	1	1	0	0	0	1	0	1
1	0	0	0	1	0	1	0	0	0
1	0	0	0	0	1	0	0	0	0
1	0	0	0	0	0	0	0	0	0
0	1	0	0	0	0	0	0	0	0
0	0	1	0	0	0	0	0	0	0
0	1	0	0	0	0	0	0	0	0
1	0	0	0	0	0	0	0	1	0
0	0	0	0	0	0	0	1	0	0
1	0	0	0	0	0	0	0	0	0

0	25	25	25	0	0	0	25	0	25
25	0	0	0	25	0	25	0	0	0
25	0	0	0	0	25	0	0	0	0
25	0	0	0	0	0	0	0	0	0
0	25	0	0	0	0	0	0	0	0
0	0	25	0	0	0	0	0	0	0
0	25	0	0	0	0	0	0	0	0
25	0	0	0	0	0	0	0	25	0
0	0	0	0	0	0	0	25	0	0
25	0	0	0	0	0	0	0	0	0

0	1	1	1	0	0	0	1	0	1
1	0	0	0	1	0	1	0	0	0
1	0	0	0	0	1	0	0	0	0
1	0	0	0	0	0	0	0	0	0
0	1	0	0	0	0	0	0	0	0
0	0	1	0	0	0	0	0	0	0
0	1	0	0	0	0	0	0	0	0
1	0	0	0	0	0	0	0	1	0
0	0	0	0	0	0	0	1	0	0
1	0	0	0	0	0	0	0	0	0

0	1	1	1	0	0	0	1	0	1
1	0	0	0	1	0	1	0	0	0
1	0	0	0	0	1	0	0	0	0
1	0	0	0	0	0	0	0	0	0
0	1	0	0	0	0	0	0	0	0
0	0	1	0	0	0	0	0	0	0
0	1	0	0	0	0	0	0	0	0
1	0	0	0	0	0	0	0	1	0
0	0	0	0	0	0	0	1	0	0
1	0	0	0	0	0	0	0	0	0

24	18
18	21
21	17
19	23
17	17
22	19
17	24
24	19
20	21
17	15

18	19
14	0
7	0
16	8
7	15
14	16
6	17
8	13
11	2
21	22
