0	1	0	1	1	0	1	1
1	0	1	0	0	0	0	0
0	1	0	0	0	0	0	0
1	0	0	0	0	0	0	0
1	0	0	0	0	1	0	0
0	0	0	0	1	0	0	0
1	0	0	0	0	0	0	0
1	0	0	0	0	0	0	0

0	10	0	10	10	0	10	10
10	0	10	0	0	0	0	0
0	10	0	0	0	0	0	0
10	0	0	0	0	0	0	0
10	0	0	0	0	10	0	0
0	0	0	0	10	0	0	0
10	0	0	0	0	0	0	0
10	0	0	0	0	0	0	0

0	1	0	1	1	0	1	1
1	0	1	0	0	0	0	0
0	1	0	0	0	0	0	0
1	0	0	0	0	0	0	0
1	0	0	0	0	1	0	0
0	0	0	0	1	0	0	0
1	0	0	0	0	0	0	0
1	0	0	0	0	0	0	0

0	1	0	1	1	0	1	1
1	0	1	0	0	0	0	0
0	1	0	0	0	0	0	0
1	0	0	0	0	0	0	0
1	0	0	0	0	1	0	0
0	0	0	0	1	0	0	0
1	0	0	0	0	0	0	0
1	0	0	0	0	0	0	0

20	23
15	19
22	18
15	22
23	16
19	16
19	19
21	16

4	16
7	2
2	19
13	0
19	23
14	12
1	12
8	6
