0	1	1	0	0	0	1	0
1	0	0	0	1	0	0	0
1	0	0	1	0	0	0	0
0	0	1	0	0	1	0	0
0	1	0	0	0	0	0	0
0	0	0	1	0	0	0	1
1	0	0	0	0	0	0	0
0	0	0	0	0	1	0	0

0	10	10	0	0	0	10	0
10	0	0	0	10	0	0	0
10	0	0	10	0	0	0	0
0	0	10	0	0	10	0	0
0	10	0	0	0	0	0	0
0	0	0	10	0	0	0	10
10	0	0	0	0	0	0	0
0	0	0	0	0	10	0	0

0	1	1	0	0	0	1	0
1	0	0	0	1	0	0	0
1	0	0	1	0	0	0	0
0	0	1	0	0	1	0	0
0	1	0	0	0	0	0	0
0	0	0	1	0	0	0	1
1	0	0	0	0	0	0	0
0	0	0	0	0	1	0	0

0	1	1	0	0	0	1	0
1	0	0	0	1	0	0	0
1	0	0	1	0	0	0	0
0	0	1	0	0	1	0	0
0	1	0	0	0	0	0	0
0	0	0	1	0	0	0	1
1	0	0	0	0	0	0	0
0	0	0	0	0	1	0	0

23	24
20	17
18	17
16	22
19	20
15	22
16	21
15	22

11	12
14	10
20	7
16	1
17	20
8	19
14	8
12	1
