0	1	1	0	0	1	0	0	0
1	0	0	1	1	0	1	1	0
1	0	0	0	0	0	0	0	1
0	1	0	0	0	0	0	0	0
0	1	0	0	0	0	0	0	0
1	0	0	0	0	0	0	0	0
0	1	0	0	0	0	0	0	0
0	1	0	0	0	0	0	0	0
0	0	1	0	0	0	0	0	0

0	25	25	0	0	25	0	0	0
25	0	0	25	25	0	25	25	0
25	0	0	0	0	0	0	0	25
0	25	0	0	0	0	0	0	0
0	25	0	0	0	0	0	0	0
25	0	0	0	0	0	0	0	0
0	25	0	0	0	0	0	0	0
0	25	0	0	0	0	0	0	0
0	0	25	0	0	0	0	0	0

0	1	1	0	0	1	0	0	0
1	0	0	1	1	0	1	1	0
1	0	0	0	0	0	0	0	1
0	1	0	0	0	0	0	0	0
0	1	0	0	0	0	0	0	0
1	0	0	0	0	0	0	0	0
0	1	0	0	0	0	0	0	0
0	1	0	0	0	0	0	0	0
0	0	1	0	0	0	0	0	0

0	1	1	0	0	1	0	0	0
1	0	0	1	1	0	1	1	0
1	0	0	0	0	0	0	0	1
0	1	0	0	0	0	0	0	0
0	1	0	0	0	0	0	0	0
1	0	0	0	0	0	0	0	0
0	1	0	0	0	0	0	0	0
0	1	0	0	0	0	0	0	0
0	0	1	0	0	0	0	0	0

25	24
21	15
24	17
22	23
23	18
23	18
23	18
20	20
21	21

21	19
4	19
18	17
2	15
9	4
13	18
21	12
3	17
7	12
