0	1	1	1	1	0	0	0	0	0
1	0	0	0	0	0	0	0	1	0
1	0	0	0	0	0	0	0	0	0
1	0	0	0	0	1	0	0	0	0
1	0	0	0	0	0	0	0	0	0
0	0	0	1	0	0	1	1	0	1
0	0	0	0	0	1	0	0	0	0
0	0	0	0	0	1	0	0	0	0
0	1	0	0	0	0	0	0	0	0
0	0	0	0	0	1	0	0	0	0

0	5	5	5	5	0	0	0	0	0
5	0	0	0	0	0	0	0	5	0
5	0	0	0	0	0	0	0	0	0
5	0	0	0	0	5	0	0	0	0
5	0	0	0	0	0	0	0	0	0
0	0	0	5	0	0	5	5	0	5
0	0	0	0	0	5	0	0	0	0
0	0	0	0	0	5	0	0	0	0
0	5	0	0	0	0	0	0	0	0
0	0	0	0	0	5	0	0	0	0

0	1	1	1	1	0	0	0	0	0
1	0	0	0	0	0	0	0	1	0
1	0	0	0	0	0	0	0	0	0
1	0	0	0	0	1	0	0	0	0
1	0	0	0	0	0	0	0	0	0
0	0	0	1	0	0	1	1	0	1
0	0	0	0	0	1	0	0	0	0
0	0	0	0	0	1	0	0	0	0
0	1	0	0	0	0	0	0	0	0
0	0	0	0	0	1	0	0	0	0

0	1	1	1	1	0	0	0	0	0
1	0	0	0	0	0	0	0	1	0
1	0	0	0	0	0	0	0	0	0
1	0	0	0	0	1	0	0	0	0
1	0	0	0	0	0	0	0	0	0
0	0	0	1	0	0	1	1	0	1
0	0	0	0	0	1	0	0	0	0
0	0	0	0	0	1	0	0	0	0
0	1	0	0	0	0	0	0	0	0
0	0	0	0	0	1	0	0	0	0

19	22
23	15
19	23
22	21
25	22
16	20
24	15
15	15
19	21
24	15

5	22
5	16
15	18
5	23
5	12
9	6
19	22
9	14
1	2
23	19
