0	1	0	0	0	1	0	0	0
1	0	1	0	0	0	0	0	0
0	1	0	1	0	0	0	0	0
0	0	1	0	1	0	0	1	0
0	0	0	1	0	0	1	0	0
1	0	0	0	0	0	0	0	0
0	0	0	0	1	0	0	0	1
0	0	0	1	0	0	0	0	0
0	0	0	0	0	0	1	0	0

0	15	0	0	0	15	0	0	0
15	0	15	0	0	0	0	0	0
0	15	0	15	0	0	0	0	0
0	0	15	0	15	0	0	15	0
0	0	0	15	0	0	15	0	0
15	0	0	0	0	0	0	0	0
0	0	0	0	15	0	0	0	15
0	0	0	15	0	0	0	0	0
0	0	0	0	0	0	15	0	0

0	1	0	0	0	1	0	0	0
1	0	1	0	0	0	0	0	0
0	1	0	1	0	0	0	0	0
0	0	1	0	1	0	0	1	0
0	0	0	1	0	0	1	0	0
1	0	0	0	0	0	0	0	0
0	0	0	0	1	0	0	0	1
0	0	0	1	0	0	0	0	0
0	0	0	0	0	0	1	0	0

0	1	0	0	0	1	0	0	0
1	0	1	0	0	0	0	0	0
0	1	0	1	0	0	0	0	0
0	0	1	0	1	0	0	1	0
0	0	0	1	0	0	1	0	0
1	0	0	0	0	0	0	0	0
0	0	0	0	1	0	0	0	1
0	0	0	1	0	0	0	0	0
0	0	0	0	0	0	1	0	0

15	24
21	24
20	16
21	17
22	22
15	21
24	15
19	17
22	16

13	10
15	3
8	18
1	22
22	9
6	16
21	4
22	13
12	10
