0	1	1	0	1	0	0	0	0	1
1	0	0	1	0	0	0	0	1	0
1	0	0	0	0	0	0	0	0	0
0	1	0	0	0	1	1	0	0	0
1	0	0	0	0	0	0	0	0	0
0	0	0	1	0	0	0	0	0	0
0	0	0	1	0	0	0	1	0	0
0	0	0	0	0	0	1	0	0	0
0	1	0	0	0	0	0	0	0	0
1	0	0	0	0	0	0	0	0	0

0	25	25	0	25	0	0	0	0	25
25	0	0	25	0	0	0	0	25	0
25	0	0	0	0	0	0	0	0	0
0	25	0	0	0	25	25	0	0	0
25	0	0	0	0	0	0	0	0	0
0	0	0	25	0	0	0	0	0	0
0	0	0	25	0	0	0	25	0	0
0	0	0	0	0	0	25	0	0	0
0	25	0	0	0	0	0	0	0	0
25	0	0	0	0	0	0	0	0	0

0	1	1	0	1	0	0	0	0	1
1	0	0	1	0	0	0	0	1	0
1	0	0	0	0	0	0	0	0	0
0	1	0	0	0	1	1	0	0	0
1	0	0	0	0	0	0	0	0	0
0	0	0	1	0	0	0	0	0	0
0	0	0	1	0	0	0	1	0	0
0	0	0	0	0	0	1	0	0	0
0	1	0	0	0	0	0	0	0	0
1	0	0	0	0	0	0	0	0	0

0	1	1	0	1	0	0	0	0	1
1	0	0	1	0	0	0	0	1	0
1	0	0	0	0	0	0	0	0	0
0	1	0	0	0	1	1	0	0	0
1	0	0	0	0	0	0	0	0	0
0	0	0	1	0	0	0	0	0	0
0	0	0	1	0	0	0	1	0	0
0	0	0	0	0	0	1	0	0	0
0	1	0	0	0	0	0	0	0	0
1	0	0	0	0	0	0	0	0	0

19	22
25	22
21	16
16	24
15	19
22	22
22	18
18	19
16	16
15	16

13	0
1	19
22	5
19	5
17	18
4	18
17	5
9	1
17	19
4	1
