0	1	0	0	0	0	1	0
1	0	1	1	1	0	0	0
0	1	0	0	0	0	0	1
0	1	0	0	0	0	0	0
0	1	0	0	0	1	0	0
0	0	0	0	1	0	0	0
1	0	0	0	0	0	0	0
0	0	1	0	0	0	0	0

0	5	0	0	0	0	5	0
5	0	5	5	5	0	0	0
0	5	0	0	0	0	0	5
0	5	0	0	0	0	0	0
0	5	0	0	0	5	0	0
0	0	0	0	5	0	0	0
5	0	0	0	0	0	0	0
0	0	5	0	0	0	0	0

0	1	0	0	0	0	1	0
1	0	1	1	1	0	0	0
0	1	0	0	0	0	0	1
0	1	0	0	0	0	0	0
0	1	0	0	0	1	0	0
0	0	0	0	1	0	0	0
1	0	0	0	0	0	0	0
0	0	1	0	0	0	0	0

0	1	0	0	0	0	1	0
1	0	1	1	1	0	0	0
0	1	0	0	0	0	0	1
0	1	0	0	0	0	0	0
0	1	0	0	0	1	0	0
0	0	0	0	1	0	0	0
1	0	0	0	0	0	0	0
0	0	1	0	0	0	0	0

16	21
20	15
17	18
17	20
17	18
25	22
19	22
19	18

16	11
22	9
13	4
6	9
2	6
4	13
5	9
8	5
