0	1	0	0	0	0	0	0	0
1	0	1	1	0	1	0	0	0
0	1	0	0	0	0	1	0	0
0	1	0	0	1	0	0	0	0
0	0	0	1	0	0	0	1	0
0	1	0	0	0	0	0	0	1
0	0	1	0	0	0	0	0	0
0	0	0	0	1	0	0	0	0
0	0	0	0	0	1	0	0	0

0	25	0	0	0	0	0	0	0
25	0	25	25	0	25	0	0	0
0	25	0	0	0	0	25	0	0
0	25	0	0	25	0	0	0	0
0	0	0	25	0	0	0	25	0
0	25	0	0	0	0	0	0	25
0	0	25	0	0	0	0	0	0
0	0	0	0	25	0	0	0	0
0	0	0	0	0	25	0	0	0

0	1	0	0	0	0	0	0	0
1	0	1	1	0	1	0	0	0
0	1	0	0	0	0	1	0	0
0	1	0	0	1	0	0	0	0
0	0	0	1	0	0	0	1	0
0	1	0	0	0	0	0	0	1
0	0	1	0	0	0	0	0	0
0	0	0	0	1	0	0	0	0
0	0	0	0	0	1	0	0	0

0	1	0	0	0	0	0	0	0
1	0	1	1	0	1	0	0	0
0	1	0	0	0	0	1	0	0
0	1	0	0	1	0	0	0	0
0	0	0	1	0	0	0	1	0
0	1	0	0	0	0	0	0	1
0	0	1	0	0	0	0	0	0
0	0	0	0	1	0	0	0	0
0	0	0	0	0	1	0	0	0

17	16
24	17
19	15
16	24
24	21
15	15
22	19
21	19
23	23

7	6
6	13
10	16
5	22
15	13
3	13
23	14
13	20
7	19
