0	1	0	0	0	0	0	1	0	0
1	0	1	0	1	0	0	0	0	0
0	1	0	1	0	1	0	0	1	1
0	0	1	0	0	0	1	0	0	0
0	1	0	0	0	0	0	0	0	0
0	0	1	0	0	0	0	0	0	0
0	0	0	1	0	0	0	0	0	0
1	0	0	0	0	0	0	0	0	0
0	0	1	0	0	0	0	0	0	0
0	0	1	0	0	0	0	0	0	0

0	10	0	0	0	0	0	10	0	0
10	0	10	0	10	0	0	0	0	0
0	10	0	10	0	10	0	0	10	10
0	0	10	0	0	0	10	0	0	0
0	10	0	0	0	0	0	0	0	0
0	0	10	0	0	0	0	0	0	0
0	0	0	10	0	0	0	0	0	0
10	0	0	0	0	0	0	0	0	0
0	0	10	0	0	0	0	0	0	0
0	0	10	0	0	0	0	0	0	0

0	1	0	0	0	0	0	1	0	0
1	0	1	0	1	0	0	0	0	0
0	1	0	1	0	1	0	0	1	1
0	0	1	0	0	0	1	0	0	0
0	1	0	0	0	0	0	0	0	0
0	0	1	0	0	0	0	0	0	0
0	0	0	1	0	0	0	0	0	0
1	0	0	0	0	0	0	0	0	0
0	0	1	0	0	0	0	0	0	0
0	0	1	0	0	0	0	0	0	0

0	1	0	0	0	0	0	1	0	0
1	0	1	0	1	0	0	0	0	0
0	1	0	1	0	1	0	0	1	1
0	0	1	0	0	0	1	0	0	0
0	1	0	0	0	0	0	0	0	0
0	0	1	0	0	0	0	0	0	0
0	0	0	1	0	0	0	0	0	0
1	0	0	0	0	0	0	0	0	0
0	0	1	0	0	0	0	0	0	0
0	0	1	0	0	0	0	0	0	0

15	24
22	16
19	17
23	16
16	25
21	21
19	18
20	18
21	22
17	25

23	19
1	15
12	19
18	10
7	15
14	23
19	20
20	0
8	5
0	9
