0	1	1	0	0	0	0	0	0	0
1	0	0	1	0	0	1	0	1	0
1	0	0	0	0	0	0	0	0	0
0	1	0	0	1	0	0	1	0	1
0	0	0	1	0	1	0	0	0	0
0	0	0	0	1	0	0	0	0	0
0	1	0	0	0	0	0	0	0	0
0	0	0	1	0	0	0	0	0	0
0	1	0	0	0	0	0	0	0	0
0	0	0	1	0	0	0	0	0	0

0	25	25	0	0	0	0	0	0	0
25	0	0	25	0	0	25	0	25	0
25	0	0	0	0	0	0	0	0	0
0	25	0	0	25	0	0	25	0	25
0	0	0	25	0	25	0	0	0	0
0	0	0	0	25	0	0	0	0	0
0	25	0	0	0	0	0	0	0	0
0	0	0	25	0	0	0	0	0	0
0	25	0	0	0	0	0	0	0	0
0	0	0	25	0	0	0	0	0	0

0	1	1	0	0	0	0	0	0	0
1	0	0	1	0	0	1	0	1	0
1	0	0	0	0	0	0	0	0	0
0	1	0	0	1	0	0	1	0	1
0	0	0	1	0	1	0	0	0	0
0	0	0	0	1	0	0	0	0	0
0	1	0	0	0	0	0	0	0	0
0	0	0	1	0	0	0	0	0	0
0	1	0	0	0	0	0	0	0	0
0	0	0	1	0	0	0	0	0	0

0	1	1	0	0	0	0	0	0	0
1	0	0	1	0	0	1	0	1	0
1	0	0	0	0	0	0	0	0	0
0	1	0	0	1	0	0	1	0	1
0	0	0	1	0	1	0	0	0	0
0	0	0	0	1	0	0	0	0	0
0	1	0	0	0	0	0	0	0	0
0	0	0	1	0	0	0	0	0	0
0	1	0	0	0	0	0	0	0	0
0	0	0	1	0	0	0	0	0	0

24	17
25	24
19	19
17	25
18	17
23	20
24	16
24	22
24	25
24	19

3	21
19	11
10	15
9	21
19	23
4	9
17	12
2	1
1	20
22	4
