0	1	0	0	1	0	1	0	0	0
1	0	1	0	0	1	0	0	0	0
0	1	0	1	0	0	0	0	0	0
0	0	1	0	0	0	0	0	0	0
1	0	0	0	0	0	0	1	1	0
0	1	0	0	0	0	0	0	0	0
1	0	0	0	0	0	0	0	0	0
0	0	0	0	1	0	0	0	0	1
0	0	0	0	1	0	0	0	0	0
0	0	0	0	0	0	0	1	0	0

0	15	0	0	15	0	15	0	0	0
15	0	15	0	0	15	0	0	0	0
0	15	0	15	0	0	0	0	0	0
0	0	15	0	0	0	0	0	0	0
15	0	0	0	0	0	0	15	15	0
0	15	0	0	0	0	0	0	0	0
15	0	0	0	0	0	0	0	0	0
0	0	0	0	15	0	0	0	0	15
0	0	0	0	15	0	0	0	0	0
0	0	0	0	0	0	0	15	0	0

0	1	0	0	1	0	1	0	0	0
1	0	1	0	0	1	0	0	0	0
0	1	0	1	0	0	0	0	0	0
0	0	1	0	0	0	0	0	0	0
1	0	0	0	0	0	0	1	1	0
0	1	0	0	0	0	0	0	0	0
1	0	0	0	0	0	0	0	0	0
0	0	0	0	1	0	0	0	0	1
0	0	0	0	1	0	0	0	0	0
0	0	0	0	0	0	0	1	0	0

0	1	0	0	1	0	1	0	0	0
1	0	1	0	0	1	0	0	0	0
0	1	0	1	0	0	0	0	0	0
0	0	1	0	0	0	0	0	0	0
1	0	0	0	0	0	0	1	1	0
0	1	0	0	0	0	0	0	0	0
1	0	0	0	0	0	0	0	0	0
0	0	0	0	1	0	0	0	0	1
0	0	0	0	1	0	0	0	0	0
0	0	0	0	0	0	0	1	0	0

21	15
15	18
15	15
16	24
25	17
19	15
22	17
15	23
18	21
25	17

18	1
18	19
17	20
0	5
12	10
0	6
7	11
20	5
19	4
14	12
