0	1	1	0	1	1	1	0	0
1	0	0	0	0	0	0	0	1
1	0	0	1	0	0	0	0	0
0	0	1	0	0	0	0	1	0
1	0	0	0	0	0	0	0	0
1	0	0	0	0	0	0	0	0
1	0	0	0	0	0	0	0	0
0	0	0	1	0	0	0	0	0
0	1	0	0	0	0	0	0	0

0	5	5	0	5	5	5	0	0
5	0	0	0	0	0	0	0	5
5	0	0	5	0	0	0	0	0
0	0	5	0	0	0	0	5	0
5	0	0	0	0	0	0	0	0
5	0	0	0	0	0	0	0	0
5	0	0	0	0	0	0	0	0
0	0	0	5	0	0	0	0	0
0	5	0	0	0	0	0	0	0

0	1	1	0	1	1	1	0	0
1	0	0	0	0	0	0	0	1
1	0	0	1	0	0	0	0	0
0	0	1	0	0	0	0	1	0
1	0	0	0	0	0	0	0	0
1	0	0	0	0	0	0	0	0
1	0	0	0	0	0	0	0	0
0	0	0	1	0	0	0	0	0
0	1	0	0	0	0	0	0	0

0	1	1	0	1	1	1	0	0
1	0	0	0	0	0	0	0	1
1	0	0	1	0	0	0	0	0
0	0	1	0	0	0	0	1	0
1	0	0	0	0	0	0	0	0
1	0	0	0	0	0	0	0	0
1	0	0	0	0	0	0	0	0
0	0	0	1	0	0	0	0	0
0	1	0	0	0	0	0	0	0

23	16
20	18
21	23
18	25
18	20
15	23
24	24
16	15
21	22

10	23
15	13
9	22
10	14
17	18
14	19
19	21
20	9
22	2
