0	1	1	0	0	1	0	0
1	0	0	0	1	0	0	0
1	0	0	1	0	0	0	0
0	0	1	0	0	0	0	0
0	1	0	0	0	0	0	0
1	0	0	0	0	0	1	1
0	0	0	0	0	1	0	0
0	0	0	0	0	1	0	0

0	5	5	0	0	5	0	0
5	0	0	0	5	0	0	0
5	0	0	5	0	0	0	0
0	0	5	0	0	0	0	0
0	5	0	0	0	0	0	0
5	0	0	0	0	0	5	5
0	0	0	0	0	5	0	0
0	0	0	0	0	5	0	0

0	1	1	0	0	1	0	0
1	0	0	0	1	0	0	0
1	0	0	1	0	0	0	0
0	0	1	0	0	0	0	0
0	1	0	0	0	0	0	0
1	0	0	0	0	0	1	1
0	0	0	0	0	1	0	0
0	0	0	0	0	1	0	0

0	1	1	0	0	1	0	0
1	0	0	0	1	0	0	0
1	0	0	1	0	0	0	0
0	0	1	0	0	0	0	0
0	1	0	0	0	0	0	0
1	0	0	0	0	0	1	1
0	0	0	0	0	1	0	0
0	0	0	0	0	1	0	0

18	21
21	15
24	20
23	25
17	23
16	19
19	23
18	19

14	8
7	15
11	0
22	10
13	15
17	1
14	1
5	14
