0	1	1	0	1	0	0	0	0	0
1	0	0	0	0	1	0	0	0	0
1	0	0	1	0	0	0	1	0	0
0	0	1	0	0	0	0	0	1	0
1	0	0	0	0	0	0	0	0	0
0	1	0	0	0	0	1	0	0	0
0	0	0	0	0	1	0	0	0	0
0	0	1	0	0	0	0	0	0	0
0	0	0	1	0	0	0	0	0	1
0	0	0	0	0	0	0	0	1	0

0	20	20	0	20	0	0	0	0	0
20	0	0	0	0	20	0	0	0	0
20	0	0	20	0	0	0	20	0	0
0	0	20	0	0	0	0	0	20	0
20	0	0	0	0	0	0	0	0	0
0	20	0	0	0	0	20	0	0	0
0	0	0	0	0	20	0	0	0	0
0	0	20	0	0	0	0	0	0	0
0	0	0	20	0	0	0	0	0	20
0	0	0	0	0	0	0	0	20	0

0	1	1	0	1	0	0	0	0	0
1	0	0	0	0	1	0	0	0	0
1	0	0	1	0	0	0	1	0	0
0	0	1	0	0	0	0	0	1	0
1	0	0	0	0	0	0	0	0	0
0	1	0	0	0	0	1	0	0	0
0	0	0	0	0	1	0	0	0	0
0	0	1	0	0	0	0	0	0	0
0	0	0	1	0	0	0	0	0	1
0	0	0	0	0	0	0	0	1	0

0	1	1	0	1	0	0	0	0	0
1	0	0	0	0	1	0	0	0	0
1	0	0	1	0	0	0	1	0	0
0	0	1	0	0	0	0	0	1	0
1	0	0	0	0	0	0	0	0	0
0	1	0	0	0	0	1	0	0	0
0	0	0	0	0	1	0	0	0	0
0	0	1	0	0	0	0	0	0	0
0	0	0	1	0	0	0	0	0	1
0	0	0	0	0	0	0	0	1	0

23	15
20	25
21	25
24	16
24	19
21	24
15	23
22	18
18	21
19	17

21	1
22	7
20	12
1	20
19	4
0	23
3	18
3	13
15	6
4	19
