0	1	0	0	1	0	0	0
1	0	1	1	0	0	0	0
0	1	0	0	0	1	1	0
0	1	0	0	0	0	0	1
1	0	0	0	0	0	0	0
0	0	1	0	0	0	0	0
0	0	1	0	0	0	0	0
0	0	0	1	0	0	0	0

0	25	0	0	25	0	0	0
25	0	25	25	0	0	0	0
0	25	0	0	0	25	25	0
0	25	0	0	0	0	0	25
25	0	0	0	0	0	0	0
0	0	25	0	0	0	0	0
0	0	25	0	0	0	0	0
0	0	0	25	0	0	0	0

0	1	0	0	1	0	0	0
1	0	1	1	0	0	0	0
0	1	0	0	0	1	1	0
0	1	0	0	0	0	0	1
1	0	0	0	0	0	0	0
0	0	1	0	0	0	0	0
0	0	1	0	0	0	0	0
0	0	0	1	0	0	0	0

0	1	0	0	1	0	0	0
1	0	1	1	0	0	0	0
0	1	0	0	0	1	1	0
0	1	0	0	0	0	0	1
1	0	0	0	0	0	0	0
0	0	1	0	0	0	0	0
0	0	1	0	0	0	0	0
0	0	0	1	0	0	0	0

20	16
15	18
19	20
19	23
17	24
18	17
22	21
24	24

22	5
23	5
14	17
21	8
16	12
11	12
3	1
23	8
