0	1	1	0	0	0	1	0	0
1	0	0	1	0	1	0	0	0
1	0	0	0	0	0	0	0	0
0	1	0	0	1	0	0	0	0
0	0	0	1	0	0	0	0	0
0	1	0	0	0	0	0	1	0
1	0	0	0	0	0	0	0	0
0	0	0	0	0	1	0	0	1
0	0	0	0	0	0	0	1	0

0	20	20	0	0	0	20	0	0
20	0	0	20	0	20	0	0	0
20	0	0	0	0	0	0	0	0
0	20	0	0	20	0	0	0	0
0	0	0	20	0	0	0	0	0
0	20	0	0	0	0	0	20	0
20	0	0	0	0	0	0	0	0
0	0	0	0	0	20	0	0	20
0	0	0	0	0	0	0	20	0

0	1	1	0	0	0	1	0	0
1	0	0	1	0	1	0	0	0
1	0	0	0	0	0	0	0	0
0	1	0	0	1	0	0	0	0
0	0	0	1	0	0	0	0	0
0	1	0	0	0	0	0	1	0
1	0	0	0	0	0	0	0	0
0	0	0	0	0	1	0	0	1
0	0	0	0	0	0	0	1	0

0	1	1	0	0	0	1	0	0
1	0	0	1	0	1	0	0	0
1	0	0	0	0	0	0	0	0
0	1	0	0	1	0	0	0	0
0	0	0	1	0	0	0	0	0
0	1	0	0	0	0	0	1	0
1	0	0	0	0	0	0	0	0
0	0	0	0	0	1	0	0	1
0	0	0	0	0	0	0	1	0

21	18
25	24
22	22
24	21
21	23
21	24
25	22
18	19
17	19

0	8
17	11
22	1
7	3
15	12
23	22
14	19
5	15
14	8
