0	1	0	1	0	0	0	0
1	0	1	0	0	0	0	0
0	1	0	0	0	1	0	0
1	0	0	0	1	0	0	0
0	0	0	1	0	0	0	0
0	0	1	0	0	0	1	1
0	0	0	0	0	1	0	0
0	0	0	0	0	1	0	0

0	5	0	5	0	0	0	0
5	0	5	0	0	0	0	0
0	5	0	0	0	5	0	0
5	0	0	0	5	0	0	0
0	0	0	5	0	0	0	0
0	0	5	0	0	0	5	5
0	0	0	0	0	5	0	0
0	0	0	0	0	5	0	0

0	1	0	1	0	0	0	0
1	0	1	0	0	0	0	0
0	1	0	0	0	1	0	0
1	0	0	0	1	0	0	0
0	0	0	1	0	0	0	0
0	0	1	0	0	0	1	1
0	0	0	0	0	1	0	0
0	0	0	0	0	1	0	0

0	1	0	1	0	0	0	0
1	0	1	0	0	0	0	0
0	1	0	0	0	1	0	0
1	0	0	0	1	0	0	0
0	0	0	1	0	0	0	0
0	0	1	0	0	0	1	1
0	0	0	0	0	1	0	0
0	0	0	0	0	1	0	0

18	20
23	24
23	20
16	15
15	20
24	19
18	20
15	16

8	20
18	17
1	0
23	3
21	19
10	22
21	13
7	15
