0	1	0	1	0	0	0	0	0
1	0	1	0	0	0	1	0	0
0	1	0	0	1	0	0	1	0
1	0	0	0	0	0	0	0	0
0	0	1	0	0	1	0	0	0
0	0	0	0	1	0	0	0	0
0	1	0	0	0	0	0	0	0
0	0	1	0	0	0	0	0	1
0	0	0	0	0	0	0	1	0

0	5	0	5	0	0	0	0	0
5	0	5	0	0	0	5	0	0
0	5	0	0	5	0	0	5	0
5	0	0	0	0	0	0	0	0
0	0	5	0	0	5	0	0	0
0	0	0	0	5	0	0	0	0
0	5	0	0	0	0	0	0	0
0	0	5	0	0	0	0	0	5
0	0	0	0	0	0	0	5	0

0	1	0	1	0	0	0	0	0
1	0	1	0	0	0	1	0	0
0	1	0	0	1	0	0	1	0
1	0	0	0	0	0	0	0	0
0	0	1	0	0	1	0	0	0
0	0	0	0	1	0	0	0	0
0	1	0	0	0	0	0	0	0
0	0	1	0	0	0	0	0	1
0	0	0	0	0	0	0	1	0

0	1	0	1	0	0	0	0	0
1	0	1	0	0	0	1	0	0
0	1	0	0	1	0	0	1	0
1	0	0	0	0	0	0	0	0
0	0	1	0	0	1	0	0	0
0	0	0	0	1	0	0	0	0
0	1	0	0	0	0	0	0	0
0	0	1	0	0	0	0	0	1
0	0	0	0	0	0	0	1	0

18	15
15	23
23	15
22	25
23	22
16	21
23	15
25	21
20	18

13	5
7	12
17	16
20	1
3	13
19	5
4	7
19	16
15	14
