0	1	0	1	1	0	0	1	0
1	0	1	0	0	1	0	0	0
0	1	0	0	0	0	1	0	0
1	0	0	0	0	0	0	0	0
1	0	0	0	0	0	0	0	0
0	1	0	0	0	0	0	0	1
0	0	1	0	0	0	0	0	0
1	0	0	0	0	0	0	0	0
0	0	0	0	0	1	0	0	0

0	5	0	5	5	0	0	5	0
5	0	5	0	0	5	0	0	0
0	5	0	0	0	0	5	0	0
5	0	0	0	0	0	0	0	0
5	0	0	0	0	0	0	0	0
0	5	0	0	0	0	0	0	5
0	0	5	0	0	0	0	0	0
5	0	0	0	0	0	0	0	0
0	0	0	0	0	5	0	0	0

0	1	0	1	1	0	0	1	0
1	0	1	0	0	1	0	0	0
0	1	0	0	0	0	1	0	0
1	0	0	0	0	0	0	0	0
1	0	0	0	0	0	0	0	0
0	1	0	0	0	0	0	0	1
0	0	1	0	0	0	0	0	0
1	0	0	0	0	0	0	0	0
0	0	0	0	0	1	0	0	0

0	1	0	1	1	0	0	1	0
1	0	1	0	0	1	0	0	0
0	1	0	0	0	0	1	0	0
1	0	0	0	0	0	0	0	0
1	0	0	0	0	0	0	0	0
0	1	0	0	0	0	0	0	1
0	0	1	0	0	0	0	0	0
1	0	0	0	0	0	0	0	0
0	0	0	0	0	1	0	0	0

15	15
17	19
24	16
15	19
22	24
21	21
16	22
23	24
19	16

22	11
18	22
16	22
6	0
9	19
1	7
9	10
1	15
16	8
