0	1	1	0	1	0	0	0	0	0
1	0	0	0	0	1	0	0	1	0
1	0	0	1	0	0	1	0	0	0
0	0	1	0	0	0	0	0	0	0
1	0	0	0	0	0	0	0	0	0
0	1	0	0	0	0	0	1	0	1
0	0	1	0	0	0	0	0	0	0
0	0	0	0	0	1	0	0	0	0
0	1	0	0	0	0	0	0	0	0
0	0	0	0	0	1	0	0	0	0

0	20	20	0	20	0	0	0	0	0
20	0	0	0	0	20	0	0	20	0
20	0	0	20	0	0	20	0	0	0
0	0	20	0	0	0	0	0	0	0
20	0	0	0	0	0	0	0	0	0
0	20	0	0	0	0	0	20	0	20
0	0	20	0	0	0	0	0	0	0
0	0	0	0	0	20	0	0	0	0
0	20	0	0	0	0	0	0	0	0
0	0	0	0	0	20	0	0	0	0

0	1	1	0	1	0	0	0	0	0
1	0	0	0	0	1	0	0	1	0
1	0	0	1	0	0	1	0	0	0
0	0	1	0	0	0	0	0	0	0
1	0	0	0	0	0	0	0	0	0
0	1	0	0	0	0	0	1	0	1
0	0	1	0	0	0	0	0	0	0
0	0	0	0	0	1	0	0	0	0
0	1	0	0	0	0	0	0	0	0
0	0	0	0	0	1	0	0	0	0

0	1	1	0	1	0	0	0	0	0
1	0	0	0	0	1	0	0	1	0
1	0	0	1	0	0	1	0	0	0
0	0	1	0	0	0	0	0	0	0
1	0	0	0	0	0	0	0	0	0
0	1	0	0	0	0	0	1	0	1
0	0	1	0	0	0	0	0	0	0
0	0	0	0	0	1	0	0	0	0
0	1	0	0	0	0	0	0	0	0
0	0	0	0	0	1	0	0	0	0

23	15
24	18
17	22
25	15
17	19
22	19
21	21
23	21
20	16
23	20

3	14
3	10
10	16
19	1
21	23
19	2
15	18
20	4
21	2
22	13
