0	1	1	0	0	0	0	1	0	0
1	0	0	0	0	1	0	0	0	0
1	0	0	1	0	0	0	0	0	0
0	0	1	0	1	0	0	0	0	0
0	0	0	1	0	0	1	0	1	0
0	1	0	0	0	0	0	0	0	1
0	0	0	0	1	0	0	0	0	0
1	0	0	0	0	0	0	0	0	0
0	0	0	0	1	0	0	0	0	0
0	0	0	0	0	1	0	0	0	0

0	25	25	0	0	0	0	25	0	0
25	0	0	0	0	25	0	0	0	0
25	0	0	25	0	0	0	0	0	0
0	0	25	0	25	0	0	0	0	0
0	0	0	25	0	0	25	0	25	0
0	25	0	0	0	0	0	0	0	25
0	0	0	0	25	0	0	0	0	0
25	0	0	0	0	0	0	0	0	0
0	0	0	0	25	0	0	0	0	0
0	0	0	0	0	25	0	0	0	0

0	1	1	0	0	0	0	1	0	0
1	0	0	0	0	1	0	0	0	0
1	0	0	1	0	0	0	0	0	0
0	0	1	0	1	0	0	0	0	0
0	0	0	1	0	0	1	0	1	0
0	1	0	0	0	0	0	0	0	1
0	0	0	0	1	0	0	0	0	0
1	0	0	0	0	0	0	0	0	0
0	0	0	0	1	0	0	0	0	0
0	0	0	0	0	1	0	0	0	0

0	1	1	0	0	0	0	1	0	0
1	0	0	0	0	1	0	0	0	0
1	0	0	1	0	0	0	0	0	0
0	0	1	0	1	0	0	0	0	0
0	0	0	1	0	0	1	0	1	0
0	1	0	0	0	0	0	0	0	1
0	0	0	0	1	0	0	0	0	0
1	0	0	0	0	0	0	0	0	0
0	0	0	0	1	0	0	0	0	0
0	0	0	0	0	1	0	0	0	0

22	20
17	23
20	20
17	20
18	15
23	22
15	17
25	24
21	16
25	15

9	19
15	1
2	11
10	12
22	3
9	4
21	14
6	8
22	5
16	10
