0	1	0	1	1	0	1	0	0	0
1	0	1	0	0	1	0	0	1	0
0	1	0	0	0	0	0	0	0	1
1	0	0	0	0	0	0	0	0	0
1	0	0	0	0	0	0	1	0	0
0	1	0	0	0	0	0	0	0	0
1	0	0	0	0	0	0	0	0	0
0	0	0	0	1	0	0	0	0	0
0	1	0	0	0	0	0	0	0	0
0	0	1	0	0	0	0	0	0	0

0	5	0	5	5	0	5	0	0	0
5	0	5	0	0	5	0	0	5	0
0	5	0	0	0	0	0	0	0	5
5	0	0	0	0	0	0	0	0	0
5	0	0	0	0	0	0	5	0	0
0	5	0	0	0	0	0	0	0	0
5	0	0	0	0	0	0	0	0	0
0	0	0	0	5	0	0	0	0	0
0	5	0	0	0	0	0	0	0	0
0	0	5	0	0	0	0	0	0	0

0	1	0	1	1	0	1	0	0	0
1	0	1	0	0	1	0	0	1	0
0	1	0	0	0	0	0	0	0	1
1	0	0	0	0	0	0	0	0	0
1	0	0	0	0	0	0	1	0	0
0	1	0	0	0	0	0	0	0	0
1	0	0	0	0	0	0	0	0	0
0	0	0	0	1	0	0	0	0	0
0	1	0	0	0	0	0	0	0	0
0	0	1	0	0	0	0	0	0	0

0	1	0	1	1	0	1	0	0	0
1	0	1	0	0	1	0	0	1	0
0	1	0	0	0	0	0	0	0	1
1	0	0	0	0	0	0	0	0	0
1	0	0	0	0	0	0	1	0	0
0	1	0	0	0	0	0	0	0	0
1	0	0	0	0	0	0	0	0	0
0	0	0	0	1	0	0	0	0	0
0	1	0	0	0	0	0	0	0	0
0	0	1	0	0	0	0	0	0	0

19	21
16	20
20	16
20	20
19	19
20	22
22	21
24	23
15	19
17	21

21	19
5	16
2	20
10	6
3	13
20	10
1	19
17	2
5	13
17	10
