0	1	0	0	1	0	0	0	0	1
1	0	1	1	0	0	0	1	0	0
0	1	0	0	0	1	0	0	1	0
0	1	0	0	0	0	0	0	0	0
1	0	0	0	0	0	0	0	0	0
0	0	1	0	0	0	1	0	0	0
0	0	0	0	0	1	0	0	0	0
0	1	0	0	0	0	0	0	0	0
0	0	1	0	0	0	0	0	0	0
1	0	0	0	0	0	0	0	0	0

0	5	0	0	5	0	0	0	0	5
5	0	5	5	0	0	0	5	0	0
0	5	0	0	0	5	0	0	5	0
0	5	0	0	0	0	0	0	0	0
5	0	0	0	0	0	0	0	0	0
0	0	5	0	0	0	5	0	0	0
0	0	0	0	0	5	0	0	0	0
0	5	0	0	0	0	0	0	0	0
0	0	5	0	0	0	0	0	0	0
5	0	0	0	0	0	0	0	0	0

0	1	0	0	1	0	0	0	0	1
1	0	1	1	0	0	0	1	0	0
0	1	0	0	0	1	0	0	1	0
0	1	0	0	0	0	0	0	0	0
1	0	0	0	0	0	0	0	0	0
0	0	1	0	0	0	1	0	0	0
0	0	0	0	0	1	0	0	0	0
0	1	0	0	0	0	0	0	0	0
0	0	1	0	0	0	0	0	0	0
1	0	0	0	0	0	0	0	0	0

0	1	0	0	1	0	0	0	0	1
1	0	1	1	0	0	0	1	0	0
0	1	0	0	0	1	0	0	1	0
0	1	0	0	0	0	0	0	0	0
1	0	0	0	0	0	0	0	0	0
0	0	1	0	0	0	1	0	0	0
0	0	0	0	0	1	0	0	0	0
0	1	0	0	0	0	0	0	0	0
0	0	1	0	0	0	0	0	0	0
1	0	0	0	0	0	0	0	0	0

25	22
23	19
16	25
22	24
22	18
16	20
15	19
23	25
24	22
20	16

6	11
8	21
2	23
4	13
19	8
6	18
13	4
11	18
16	6
8	7
