0	1	0	0	1	0	0	0	0
1	0	1	0	0	1	0	0	0
0	1	0	1	0	0	1	0	0
0	0	1	0	0	0	0	1	0
1	0	0	0	0	0	0	0	0
0	1	0	0	0	0	0	0	1
0	0	1	0	0	0	0	0	0
0	0	0	1	0	0	0	0	0
0	0	0	0	0	1	0	0	0

0	25	0	0	25	0	0	0	0
25	0	25	0	0	25	0	0	0
0	25	0	25	0	0	25	0	0
0	0	25	0	0	0	0	25	0
25	0	0	0	0	0	0	0	0
0	25	0	0	0	0	0	0	25
0	0	25	0	0	0	0	0	0
0	0	0	25	0	0	0	0	0
0	0	0	0	0	25	0	0	0

0	1	0	0	1	0	0	0	0
1	0	1	0	0	1	0	0	0
0	1	0	1	0	0	1	0	0
0	0	1	0	0	0	0	1	0
1	0	0	0	0	0	0	0	0
0	1	0	0	0	0	0	0	1
0	0	1	0	0	0	0	0	0
0	0	0	1	0	0	0	0	0
0	0	0	0	0	1	0	0	0

0	1	0	0	1	0	0	0	0
1	0	1	0	0	1	0	0	0
0	1	0	1	0	0	1	0	0
0	0	1	0	0	0	0	1	0
1	0	0	0	0	0	0	0	0
0	1	0	0	0	0	0	0	1
0	0	1	0	0	0	0	0	0
0	0	0	1	0	0	0	0	0
0	0	0	0	0	1	0	0	0

19	18
18	16
16	24
22	20
21	20
19	24
23	15
20	18
18	15

2	14
9	8
4	20
17	0
17	18
20	17
0	6
11	20
14	1
