0	1	1	0	0	0	0	0
1	0	0	1	1	0	0	0
1	0	0	0	0	1	1	1
0	1	0	0	0	0	0	0
0	1	0	0	0	0	0	0
0	0	1	0	0	0	0	0
0	0	1	0	0	0	0	0
0	0	1	0	0	0	0	0

0	5	5	0	0	0	0	0
5	0	0	5	5	0	0	0
5	0	0	0	0	5	5	5
0	5	0	0	0	0	0	0
0	5	0	0	0	0	0	0
0	0	5	0	0	0	0	0
0	0	5	0	0	0	0	0
0	0	5	0	0	0	0	0

0	1	1	0	0	0	0	0
1	0	0	1	1	0	0	0
1	0	0	0	0	1	1	1
0	1	0	0	0	0	0	0
0	1	0	0	0	0	0	0
0	0	1	0	0	0	0	0
0	0	1	0	0	0	0	0
0	0	1	0	0	0	0	0

0	1	1	0	0	0	0	0
1	0	0	1	1	0	0	0
1	0	0	0	0	1	1	1
0	1	0	0	0	0	0	0
0	1	0	0	0	0	0	0
0	0	1	0	0	0	0	0
0	0	1	0	0	0	0	0
0	0	1	0	0	0	0	0

23	19
18	23
22	20
25	17
17	16
17	16
15	16
16	20

15	17
10	0
7	13
18	0
1	17
13	14
15	14
21	15
