0	1	0	1	0	0	1	0	0	0
1	0	1	0	0	1	0	0	0	0
0	1	0	0	0	0	0	0	0	0
1	0	0	0	1	0	0	0	0	0
0	0	0	1	0	0	0	0	0	0
0	1	0	0	0	0	0	1	0	0
1	0	0	0	0	0	0	0	0	0
0	0	0	0	0	1	0	0	1	1
0	0	0	0	0	0	0	1	0	0
0	0	0	0	0	0	0	1	0	0

0	10	0	10	0	0	10	0	0	0
10	0	10	0	0	10	0	0	0	0
0	10	0	0	0	0	0	0	0	0
10	0	0	0	10	0	0	0	0	0
0	0	0	10	0	0	0	0	0	0
0	10	0	0	0	0	0	10	0	0
10	0	0	0	0	0	0	0	0	0
0	0	0	0	0	10	0	0	10	10
0	0	0	0	0	0	0	10	0	0
0	0	0	0	0	0	0	10	0	0

0	1	0	1	0	0	1	0	0	0
1	0	1	0	0	1	0	0	0	0
0	1	0	0	0	0	0	0	0	0
1	0	0	0	1	0	0	0	0	0
0	0	0	1	0	0	0	0	0	0
0	1	0	0	0	0	0	1	0	0
1	0	0	0	0	0	0	0	0	0
0	0	0	0	0	1	0	0	1	1
0	0	0	0	0	0	0	1	0	0
0	0	0	0	0	0	0	1	0	0

0	1	0	1	0	0	1	0	0	0
1	0	1	0	0	1	0	0	0	0
0	1	0	0	0	0	0	0	0	0
1	0	0	0	1	0	0	0	0	0
0	0	0	1	0	0	0	0	0	0
0	1	0	0	0	0	0	1	0	0
1	0	0	0	0	0	0	0	0	0
0	0	0	0	0	1	0	0	1	1
0	0	0	0	0	0	0	1	0	0
0	0	0	0	0	0	0	1	0	0

23	25
20	20
21	19
24	21
23	22
17	20
24	15
23	18
18	20
21	24

13	7
20	17
14	20
17	8
13	12
7	9
22	3
6	2
22	16
15	4
