0	1	1	1	0	1	1	0	0	0
1	0	0	0	0	0	0	0	1	1
1	0	0	0	0	0	0	0	0	0
1	0	0	0	1	0	0	0	0	0
0	0	0	1	0	0	0	0	0	0
1	0	0	0	0	0	0	1	0	0
1	0	0	0	0	0	0	0	0	0
0	0	0	0	0	1	0	0	0	0
0	1	0	0	0	0	0	0	0	0
0	1	0	0	0	0	0	0	0	0

0	15	15	15	0	15	15	0	0	0
15	0	0	0	0	0	0	0	15	15
15	0	0	0	0	0	0	0	0	0
15	0	0	0	15	0	0	0	0	0
0	0	0	15	0	0	0	0	0	0
15	0	0	0	0	0	0	15	0	0
15	0	0	0	0	0	0	0	0	0
0	0	0	0	0	15	0	0	0	0
0	15	0	0	0	0	0	0	0	0
0	15	0	0	0	0	0	0	0	0

0	1	1	1	0	1	1	0	0	0
1	0	0	0	0	0	0	0	1	1
1	0	0	0	0	0	0	0	0	0
1	0	0	0	1	0	0	0	0	0
0	0	0	1	0	0	0	0	0	0
1	0	0	0	0	0	0	1	0	0
1	0	0	0	0	0	0	0	0	0
0	0	0	0	0	1	0	0	0	0
0	1	0	0	0	0	0	0	0	0
0	1	0	0	0	0	0	0	0	0

0	1	1	1	0	1	1	0	0	0
1	0	0	0	0	0	0	0	1	1
1	0	0	0	0	0	0	0	0	0
1	0	0	0	1	0	0	0	0	0
0	0	0	1	0	0	0	0	0	0
1	0	0	0	0	0	0	1	0	0
1	0	0	0	0	0	0	0	0	0
0	0	0	0	0	1	0	0	0	0
0	1	0	0	0	0	0	0	0	0
0	1	0	0	0	0	0	0	0	0

21	15
16	23
15	19
20	24
19	25
17	20
17	21
23	25
19	24
25	16

23	11
1	21
20	14
0	22
16	8
4	14
15	13
6	10
4	9
15	4
