0	1	1	1	0	1	0	0	1	0
1	0	0	0	0	0	0	0	0	1
1	0	0	0	0	0	0	0	0	0
1	0	0	0	1	0	0	1	0	0
0	0	0	1	0	0	1	0	0	0
1	0	0	0	0	0	0	0	0	0
0	0	0	0	1	0	0	0	0	0
0	0	0	1	0	0	0	0	0	0
1	0	0	0	0	0	0	0	0	0
0	1	0	0	0	0	0	0	0	0

0	5	5	5	0	5	0	0	5	0
5	0	0	0	0	0	0	0	0	5
5	0	0	0	0	0	0	0	0	0
5	0	0	0	5	0	0	5	0	0
0	0	0	5	0	0	5	0	0	0
5	0	0	0	0	0	0	0	0	0
0	0	0	0	5	0	0	0	0	0
0	0	0	5	0	0	0	0	0	0
5	0	0	0	0	0	0	0	0	0
0	5	0	0	0	0	0	0	0	0

0	1	1	1	0	1	0	0	1	0
1	0	0	0	0	0	0	0	0	1
1	0	0	0	0	0	0	0	0	0
1	0	0	0	1	0	0	1	0	0
0	0	0	1	0	0	1	0	0	0
1	0	0	0	0	0	0	0	0	0
0	0	0	0	1	0	0	0	0	0
0	0	0	1	0	0	0	0	0	0
1	0	0	0	0	0	0	0	0	0
0	1	0	0	0	0	0	0	0	0

0	1	1	1	0	1	0	0	1	0
1	0	0	0	0	0	0	0	0	1
1	0	0	0	0	0	0	0	0	0
1	0	0	0	1	0	0	1	0	0
0	0	0	1	0	0	1	0	0	0
1	0	0	0	0	0	0	0	0	0
0	0	0	0	1	0	0	0	0	0
0	0	0	1	0	0	0	0	0	0
1	0	0	0	0	0	0	0	0	0
0	1	0	0	0	0	0	0	0	0

25	15
15	15
21	20
21	15
17	20
21	15
25	23
17	21
16	18
22	15

18	16
18	0
17	11
19	5
6	20
0	13
21	11
13	12
5	17
9	19
