0	1	1	1	0	0	0	0	0	0
1	0	0	0	0	0	0	0	0	0
1	0	0	0	0	0	0	0	0	0
1	0	0	0	1	0	0	0	1	0
0	0	0	1	0	1	1	1	0	0
0	0	0	0	1	0	0	0	0	0
0	0	0	0	1	0	0	0	0	1
0	0	0	0	1	0	0	0	0	0
0	0	0	1	0	0	0	0	0	0
0	0	0	0	0	0	1	0	0	0

0	25	25	25	0	0	0	0	0	0
25	0	0	0	0	0	0	0	0	0
25	0	0	0	0	0	0	0	0	0
25	0	0	0	25	0	0	0	25	0
0	0	0	25	0	25	25	25	0	0
0	0	0	0	25	0	0	0	0	0
0	0	0	0	25	0	0	0	0	25
0	0	0	0	25	0	0	0	0	0
0	0	0	25	0	0	0	0	0	0
0	0	0	0	0	0	25	0	0	0

0	1	1	1	0	0	0	0	0	0
1	0	0	0	0	0	0	0	0	0
1	0	0	0	0	0	0	0	0	0
1	0	0	0	1	0	0	0	1	0
0	0	0	1	0	1	1	1	0	0
0	0	0	0	1	0	0	0	0	0
0	0	0	0	1	0	0	0	0	1
0	0	0	0	1	0	0	0	0	0
0	0	0	1	0	0	0	0	0	0
0	0	0	0	0	0	1	0	0	0

0	1	1	1	0	0	0	0	0	0
1	0	0	0	0	0	0	0	0	0
1	0	0	0	0	0	0	0	0	0
1	0	0	0	1	0	0	0	1	0
0	0	0	1	0	1	1	1	0	0
0	0	0	0	1	0	0	0	0	0
0	0	0	0	1	0	0	0	0	1
0	0	0	0	1	0	0	0	0	0
0	0	0	1	0	0	0	0	0	0
0	0	0	0	0	0	1	0	0	0

24	15
23	21
24	25
18	23
17	23
22	25
16	16
19	22
24	23
17	18

15	16
9	11
9	0
19	11
17	5
7	0
0	12
23	18
7	4
8	20
