0	1	0	0	0	1	0	0
1	0	1	1	1	0	0	0
0	1	0	0	0	0	0	0
0	1	0	0	0	0	1	0
0	1	0	0	0	0	0	0
1	0	0	0	0	0	0	0
0	0	0	1	0	0	0	1
0	0	0	0	0	0	1	0

0	10	0	0	0	10	0	0
10	0	10	10	10	0	0	0
0	10	0	0	0	0	0	0
0	10	0	0	0	0	10	0
0	10	0	0	0	0	0	0
10	0	0	0	0	0	0	0
0	0	0	10	0	0	0	10
0	0	0	0	0	0	10	0

0	1	0	0	0	1	0	0
1	0	1	1	1	0	0	0
0	1	0	0	0	0	0	0
0	1	0	0	0	0	1	0
0	1	0	0	0	0	0	0
1	0	0	0	0	0	0	0
0	0	0	1	0	0	0	1
0	0	0	0	0	0	1	0

0	1	0	0	0	1	0	0
1	0	1	1	1	0	0	0
0	1	0	0	0	0	0	0
0	1	0	0	0	0	1	0
0	1	0	0	0	0	0	0
1	0	0	0	0	0	0	0
0	0	0	1	0	0	0	1
0	0	0	0	0	0	1	0

18	23
21	24
25	25
22	25
19	19
15	24
20	19
17	18

22	15
14	23
6	16
15	19
2	20
0	23
18	2
13	9
