0	1	1	0	0	0	0	1	0	0
1	0	0	0	0	1	0	0	0	0
1	0	0	1	0	0	1	0	0	1
0	0	1	0	1	0	0	0	0	0
0	0	0	1	0	0	0	0	0	0
0	1	0	0	0	0	0	0	0	0
0	0	1	0	0	0	0	0	0	0
1	0	0	0	0	0	0	0	1	0
0	0	0	0	0	0	0	1	0	0
0	0	1	0	0	0	0	0	0	0

0	20	20	0	0	0	0	20	0	0
20	0	0	0	0	20	0	0	0	0
20	0	0	20	0	0	20	0	0	20
0	0	20	0	20	0	0	0	0	0
0	0	0	20	0	0	0	0	0	0
0	20	0	0	0	0	0	0	0	0
0	0	20	0	0	0	0	0	0	0
20	0	0	0	0	0	0	0	20	0
0	0	0	0	0	0	0	20	0	0
0	0	20	0	0	0	0	0	0	0

0	1	1	0	0	0	0	1	0	0
1	0	0	0	0	1	0	0	0	0
1	0	0	1	0	0	1	0	0	1
0	0	1	0	1	0	0	0	0	0
0	0	0	1	0	0	0	0	0	0
0	1	0	0	0	0	0	0	0	0
0	0	1	0	0	0	0	0	0	0
1	0	0	0	0	0	0	0	1	0
0	0	0	0	0	0	0	1	0	0
0	0	1	0	0	0	0	0	0	0

0	1	1	0	0	0	0	1	0	0
1	0	0	0	0	1	0	0	0	0
1	0	0	1	0	0	1	0	0	1
0	0	1	0	1	0	0	0	0	0
0	0	0	1	0	0	0	0	0	0
0	1	0	0	0	0	0	0	0	0
0	0	1	0	0	0	0	0	0	0
1	0	0	0	0	0	0	0	1	0
0	0	0	0	0	0	0	1	0	0
0	0	1	0	0	0	0	0	0	0

24	18
24	23
20	24
19	25
19	23
24	18
20	18
20	15
24	22
25	22

3	20
0	1
16	0
15	13
1	16
1	3
14	9
6	1
17	21
14	13
