0	1	1	1	0	0	1	0	0
1	0	0	0	0	0	0	0	0
1	0	0	0	0	0	0	0	0
1	0	0	0	1	0	0	1	0
0	0	0	1	0	1	0	0	0
0	0	0	0	1	0	0	0	0
1	0	0	0	0	0	0	0	1
0	0	0	1	0	0	0	0	0
0	0	0	0	0	0	1	0	0

0	5	5	5	0	0	5	0	0
5	0	0	0	0	0	0	0	0
5	0	0	0	0	0	0	0	0
5	0	0	0	5	0	0	5	0
0	0	0	5	0	5	0	0	0
0	0	0	0	5	0	0	0	0
5	0	0	0	0	0	0	0	5
0	0	0	5	0	0	0	0	0
0	0	0	0	0	0	5	0	0

0	1	1	1	0	0	1	0	0
1	0	0	0	0	0	0	0	0
1	0	0	0	0	0	0	0	0
1	0	0	0	1	0	0	1	0
0	0	0	1	0	1	0	0	0
0	0	0	0	1	0	0	0	0
1	0	0	0	0	0	0	0	1
0	0	0	1	0	0	0	0	0
0	0	0	0	0	0	1	0	0

0	1	1	1	0	0	1	0	0
1	0	0	0	0	0	0	0	0
1	0	0	0	0	0	0	0	0
1	0	0	0	1	0	0	1	0
0	0	0	1	0	1	0	0	0
0	0	0	0	1	0	0	0	0
1	0	0	0	0	0	0	0	1
0	0	0	1	0	0	0	0	0
0	0	0	0	0	0	1	0	0

16	25
21	22
23	17
22	24
17	23
23	16
22	22
17	17
20	17

12	17
13	16
13	6
17	0
3	21
3	17
19	2
4	14
16	17
