0	1	0	0	0	0	0	0	0	0
1	0	1	1	0	0	1	0	0	1
0	1	0	0	1	0	0	0	0	0
0	1	0	0	0	1	0	0	0	0
0	0	1	0	0	0	0	1	0	0
0	0	0	1	0	0	0	0	0	0
0	1	0	0	0	0	0	0	0	0
0	0	0	0	1	0	0	0	1	0
0	0	0	0	0	0	0	1	0	0
0	1	0	0	0	0	0	0	0	0

0	10	0	0	0	0	0	0	0	0
10	0	10	10	0	0	10	0	0	10
0	10	0	0	10	0	0	0	0	0
0	10	0	0	0	10	0	0	0	0
0	0	10	0	0	0	0	10	0	0
0	0	0	10	0	0	0	0	0	0
0	10	0	0	0	0	0	0	0	0
0	0	0	0	10	0	0	0	10	0
0	0	0	0	0	0	0	10	0	0
0	10	0	0	0	0	0	0	0	0

0	1	0	0	0	0	0	0	0	0
1	0	1	1	0	0	1	0	0	1
0	1	0	0	1	0	0	0	0	0
0	1	0	0	0	1	0	0	0	0
0	0	1	0	0	0	0	1	0	0
0	0	0	1	0	0	0	0	0	0
0	1	0	0	0	0	0	0	0	0
0	0	0	0	1	0	0	0	1	0
0	0	0	0	0	0	0	1	0	0
0	1	0	0	0	0	0	0	0	0

0	1	0	0	0	0	0	0	0	0
1	0	1	1	0	0	1	0	0	1
0	1	0	0	1	0	0	0	0	0
0	1	0	0	0	1	0	0	0	0
0	0	1	0	0	0	0	1	0	0
0	0	0	1	0	0	0	0	0	0
0	1	0	0	0	0	0	0	0	0
0	0	0	0	1	0	0	0	1	0
0	0	0	0	0	0	0	1	0	0
0	1	0	0	0	0	0	0	0	0

15	21
16	17
22	15
21	16
15	25
15	24
22	22
25	22
17	21
15	16

0	1
7	2
19	18
18	16
9	12
17	13
10	9
18	17
1	6
11	14
