0	1	0	1	0	0	1	0	0	1
1	0	1	0	0	0	0	0	0	0
0	1	0	0	0	0	0	1	1	0
1	0	0	0	1	1	0	0	0	0
0	0	0	1	0	0	0	0	0	0
0	0	0	1	0	0	0	0	0	0
1	0	0	0	0	0	0	0	0	0
0	0	1	0	0	0	0	0	0	0
0	0	1	0	0	0	0	0	0	0
1	0	0	0	0	0	0	0	0	0

0	20	0	20	0	0	20	0	0	20
20	0	20	0	0	0	0	0	0	0
0	20	0	0	0	0	0	20	20	0
20	0	0	0	20	20	0	0	0	0
0	0	0	20	0	0	0	0	0	0
0	0	0	20	0	0	0	0	0	0
20	0	0	0	0	0	0	0	0	0
0	0	20	0	0	0	0	0	0	0
0	0	20	0	0	0	0	0	0	0
20	0	0	0	0	0	0	0	0	0

0	1	0	1	0	0	1	0	0	1
1	0	1	0	0	0	0	0	0	0
0	1	0	0	0	0	0	1	1	0
1	0	0	0	1	1	0	0	0	0
0	0	0	1	0	0	0	0	0	0
0	0	0	1	0	0	0	0	0	0
1	0	0	0	0	0	0	0	0	0
0	0	1	0	0	0	0	0	0	0
0	0	1	0	0	0	0	0	0	0
1	0	0	0	0	0	0	0	0	0

0	1	0	1	0	0	1	0	0	1
1	0	1	0	0	0	0	0	0	0
0	1	0	0	0	0	0	1	1	0
1	0	0	0	1	1	0	0	0	0
0	0	0	1	0	0	0	0	0	0
0	0	0	1	0	0	0	0	0	0
1	0	0	0	0	0	0	0	0	0
0	0	1	0	0	0	0	0	0	0
0	0	1	0	0	0	0	0	0	0
1	0	0	0	0	0	0	0	0	0

22	17
25	16
15	21
16	25
24	17
17	18
22	25
23	16
19	24
23	23

4	23
4	7
6	14
15	7
19	11
5	18
19	4
3	17
22	7
9	16
