0	1	0	0	0	0	0	0
1	0	1	1	0	0	0	0
0	1	0	0	1	0	0	0
0	1	0	0	0	0	0	0
0	0	1	0	0	1	0	0
0	0	0	0	1	0	1	1
0	0	0	0	0	1	0	0
0	0	0	0	0	1	0	0

0	5	0	0	0	0	0	0
5	0	5	5	0	0	0	0
0	5	0	0	5	0	0	0
0	5	0	0	0	0	0	0
0	0	5	0	0	5	0	0
0	0	0	0	5	0	5	5
0	0	0	0	0	5	0	0
0	0	0	0	0	5	0	0

0	1	0	0	0	0	0	0
1	0	1	1	0	0	0	0
0	1	0	0	1	0	0	0
0	1	0	0	0	0	0	0
0	0	1	0	0	1	0	0
0	0	0	0	1	0	1	1
0	0	0	0	0	1	0	0
0	0	0	0	0	1	0	0

0	1	0	0	0	0	0	0
1	0	1	1	0	0	0	0
0	1	0	0	1	0	0	0
0	1	0	0	0	0	0	0
0	0	1	0	0	1	0	0
0	0	0	0	1	0	1	1
0	0	0	0	0	1	0	0
0	0	0	0	0	1	0	0

23	25
18	18
17	20
23	19
15	21
25	16
20	19
18	20

14	8
18	16
2	17
6	8
20	21
9	5
6	4
17	16
