0	1	0	0	1	1	0	0	0	1
1	0	1	0	0	0	1	1	0	0
0	1	0	1	0	0	0	0	0	0
0	0	1	0	0	0	0	0	1	0
1	0	0	0	0	0	0	0	0	0
1	0	0	0	0	0	0	0	0	0
0	1	0	0	0	0	0	0	0	0
0	1	0	0	0	0	0	0	0	0
0	0	0	1	0	0	0	0	0	0
1	0	0	0	0	0	0	0	0	0

0	10	0	0	10	10	0	0	0	10
10	0	10	0	0	0	10	10	0	0
0	10	0	10	0	0	0	0	0	0
0	0	10	0	0	0	0	0	10	0
10	0	0	0	0	0	0	0	0	0
10	0	0	0	0	0	0	0	0	0
0	10	0	0	0	0	0	0	0	0
0	10	0	0	0	0	0	0	0	0
0	0	0	10	0	0	0	0	0	0
10	0	0	0	0	0	0	0	0	0

0	1	0	0	1	1	0	0	0	1
1	0	1	0	0	0	1	1	0	0
0	1	0	1	0	0	0	0	0	0
0	0	1	0	0	0	0	0	1	0
1	0	0	0	0	0	0	0	0	0
1	0	0	0	0	0	0	0	0	0
0	1	0	0	0	0	0	0	0	0
0	1	0	0	0	0	0	0	0	0
0	0	0	1	0	0	0	0	0	0
1	0	0	0	0	0	0	0	0	0

0	1	0	0	1	1	0	0	0	1
1	0	1	0	0	0	1	1	0	0
0	1	0	1	0	0	0	0	0	0
0	0	1	0	0	0	0	0	1	0
1	0	0	0	0	0	0	0	0	0
1	0	0	0	0	0	0	0	0	0
0	1	0	0	0	0	0	0	0	0
0	1	0	0	0	0	0	0	0	0
0	0	0	1	0	0	0	0	0	0
1	0	0	0	0	0	0	0	0	0

18	22
16	22
19	23
24	21
20	19
22	24
19	18
17	25
15	22
25	16

21	19
3	18
22	13
15	22
23	16
12	23
9	7
20	22
17	19
13	12
