0	1	0	1	0	0	0	0
1	0	1	0	0	1	1	0
0	1	0	0	1	0	0	0
1	0	0	0	0	0	0	0
0	0	1	0	0	0	0	0
0	1	0	0	0	0	0	1
0	1	0	0	0	0	0	0
0	0	0	0	0	1	0	0

0	20	0	20	0	0	0	0
20	0	20	0	0	20	20	0
0	20	0	0	20	0	0	0
20	0	0	0	0	0	0	0
0	0	20	0	0	0	0	0
0	20	0	0	0	0	0	20
0	20	0	0	0	0	0	0
0	0	0	0	0	20	0	0

0	1	0	1	0	0	0	0
1	0	1	0	0	1	1	0
0	1	0	0	1	0	0	0
1	0	0	0	0	0	0	0
0	0	1	0	0	0	0	0
0	1	0	0	0	0	0	1
0	1	0	0	0	0	0	0
0	0	0	0	0	1	0	0

0	1	0	1	0	0	0	0
1	0	1	0	0	1	1	0
0	1	0	0	1	0	0	0
1	0	0	0	0	0	0	0
0	0	1	0	0	0	0	0
0	1	0	0	0	0	0	1
0	1	0	0	0	0	0	0
0	0	0	0	0	1	0	0

23	21
17	16
19	25
16	15
18	21
21	15
16	25
20	21

15	17
1	10
11	6
11	8
15	5
23	16
10	12
16	22
