0	1	0	0	0	0	0	0
1	0	1	1	0	1	0	0
0	1	0	0	1	0	1	0
0	1	0	0	0	0	0	0
0	0	1	0	0	0	0	0
0	1	0	0	0	0	0	0
0	0	1	0	0	0	0	1
0	0	0	0	0	0	1	0

0	10	0	0	0	0	0	0
10	0	10	10	0	10	0	0
0	10	0	0	10	0	10	0
0	10	0	0	0	0	0	0
0	0	10	0	0	0	0	0
0	10	0	0	0	0	0	0
0	0	10	0	0	0	0	10
0	0	0	0	0	0	10	0

0	1	0	0	0	0	0	0
1	0	1	1	0	1	0	0
0	1	0	0	1	0	1	0
0	1	0	0	0	0	0	0
0	0	1	0	0	0	0	0
0	1	0	0	0	0	0	0
0	0	1	0	0	0	0	1
0	0	0	0	0	0	1	0

0	1	0	0	0	0	0	0
1	0	1	1	0	1	0	0
0	1	0	0	1	0	1	0
0	1	0	0	0	0	0	0
0	0	1	0	0	0	0	0
0	1	0	0	0	0	0	0
0	0	1	0	0	0	0	1
0	0	0	0	0	0	1	0

22	20
18	25
24	18
17	23
19	18
18	19
24	21
21	21

10	18
17	14
23	4
10	23
5	22
15	22
15	2
9	21
