0	1	0	0	0	0	0	0
1	0	1	0	0	0	0	0
0	1	0	1	0	0	0	0
0	0	1	0	1	0	0	0
0	0	0	1	0	1	1	1
0	0	0	0	1	0	0	0
0	0	0	0	1	0	0	0
0	0	0	0	1	0	0	0

0	20	0	0	0	0	0	0
20	0	20	0	0	0	0	0
0	20	0	20	0	0	0	0
0	0	20	0	20	0	0	0
0	0	0	20	0	20	20	20
0	0	0	0	20	0	0	0
0	0	0	0	20	0	0	0
0	0	0	0	20	0	0	0

0	1	0	0	0	0	0	0
1	0	1	0	0	0	0	0
0	1	0	1	0	0	0	0
0	0	1	0	1	0	0	0
0	0	0	1	0	1	1	1
0	0	0	0	1	0	0	0
0	0	0	0	1	0	0	0
0	0	0	0	1	0	0	0

0	1	0	0	0	0	0	0
1	0	1	0	0	0	0	0
0	1	0	1	0	0	0	0
0	0	1	0	1	0	0	0
0	0	0	1	0	1	1	1
0	0	0	0	1	0	0	0
0	0	0	0	1	0	0	0
0	0	0	0	1	0	0	0

25	19
15	17
20	16
22	17
17	22
25	22
16	23
25	18

10	13
11	21
1	17
17	23
5	10
5	10
5	12
17	20
