0	1	1	0	0	0	0	1
1	0	0	1	1	0	1	0
1	0	0	0	0	0	0	0
0	1	0	0	0	1	0	0
0	1	0	0	0	0	0	0
0	0	0	1	0	0	0	0
0	1	0	0	0	0	0	0
1	0	0	0	0	0	0	0

0	5	5	0	0	0	0	5
5	0	0	5	5	0	5	0
5	0	0	0	0	0	0	0
0	5	0	0	0	5	0	0
0	5	0	0	0	0	0	0
0	0	0	5	0	0	0	0
0	5	0	0	0	0	0	0
5	0	0	0	0	0	0	0

0	1	1	0	0	0	0	1
1	0	0	1	1	0	1	0
1	0	0	0	0	0	0	0
0	1	0	0	0	1	0	0
0	1	0	0	0	0	0	0
0	0	0	1	0	0	0	0
0	1	0	0	0	0	0	0
1	0	0	0	0	0	0	0

0	1	1	0	0	0	0	1
1	0	0	1	1	0	1	0
1	0	0	0	0	0	0	0
0	1	0	0	0	1	0	0
0	1	0	0	0	0	0	0
0	0	0	1	0	0	0	0
0	1	0	0	0	0	0	0
1	0	0	0	0	0	0	0

24	25
19	22
16	23
19	15
18	17
25	16
22	20
22	15

12	7
23	2
22	0
12	13
17	2
23	1
12	1
21	11
