0	1	1	0	0	0	0	0	0
1	0	0	0	0	0	0	0	0
1	0	0	1	1	0	0	0	0
0	0	1	0	0	0	1	0	0
0	0	1	0	0	1	0	1	0
0	0	0	0	1	0	0	0	0
0	0	0	1	0	0	0	0	0
0	0	0	0	1	0	0	0	1
0	0	0	0	0	0	0	1	0

0	25	25	0	0	0	0	0	0
25	0	0	0	0	0	0	0	0
25	0	0	25	25	0	0	0	0
0	0	25	0	0	0	25	0	0
0	0	25	0	0	25	0	25	0
0	0	0	0	25	0	0	0	0
0	0	0	25	0	0	0	0	0
0	0	0	0	25	0	0	0	25
0	0	0	0	0	0	0	25	0

0	1	1	0	0	0	0	0	0
1	0	0	0	0	0	0	0	0
1	0	0	1	1	0	0	0	0
0	0	1	0	0	0	1	0	0
0	0	1	0	0	1	0	1	0
0	0	0	0	1	0	0	0	0
0	0	0	1	0	0	0	0	0
0	0	0	0	1	0	0	0	1
0	0	0	0	0	0	0	1	0

0	1	1	0	0	0	0	0	0
1	0	0	0	0	0	0	0	0
1	0	0	1	1	0	0	0	0
0	0	1	0	0	0	1	0	0
0	0	1	0	0	1	0	1	0
0	0	0	0	1	0	0	0	0
0	0	0	1	0	0	0	0	0
0	0	0	0	1	0	0	0	1
0	0	0	0	0	0	0	1	0

17	25
25	16
20	25
19	15
17	22
18	17
17	18
21	18
24	22

20	4
1	11
18	15
11	16
9	18
1	5
22	11
20	13
18	3
