0	1	0	1	1	0	0	0	0
1	0	1	0	0	0	0	0	1
0	1	0	0	0	0	0	0	0
1	0	0	0	0	1	1	0	0
1	0	0	0	0	0	0	0	0
0	0	0	1	0	0	0	1	0
0	0	0	1	0	0	0	0	0
0	0	0	0	0	1	0	0	0
0	1	0	0	0	0	0	0	0

0	5	0	5	5	0	0	0	0
5	0	5	0	0	0	0	0	5
0	5	0	0	0	0	0	0	0
5	0	0	0	0	5	5	0	0
5	0	0	0	0	0	0	0	0
0	0	0	5	0	0	0	5	0
0	0	0	5	0	0	0	0	0
0	0	0	0	0	5	0	0	0
0	5	0	0	0	0	0	0	0

0	1	0	1	1	0	0	0	0
1	0	1	0	0	0	0	0	1
0	1	0	0	0	0	0	0	0
1	0	0	0	0	1	1	0	0
1	0	0	0	0	0	0	0	0
0	0	0	1	0	0	0	1	0
0	0	0	1	0	0	0	0	0
0	0	0	0	0	1	0	0	0
0	1	0	0	0	0	0	0	0

0	1	0	1	1	0	0	0	0
1	0	1	0	0	0	0	0	1
0	1	0	0	0	0	0	0	0
1	0	0	0	0	1	1	0	0
1	0	0	0	0	0	0	0	0
0	0	0	1	0	0	0	1	0
0	0	0	1	0	0	0	0	0
0	0	0	0	0	1	0	0	0
0	1	0	0	0	0	0	0	0

25	21
15	21
19	18
25	22
24	22
19	16
24	18
22	15
24	22

7	10
8	1
7	21
13	15
1	7
10	0
15	14
18	2
18	23
