0	1	0	0	0	0	0	0	1
1	0	1	0	1	0	1	0	0
0	1	0	1	0	0	0	0	0
0	0	1	0	0	0	0	0	0
0	1	0	0	0	1	0	0	0
0	0	0	0	1	0	0	0	0
0	1	0	0	0	0	0	1	0
0	0	0	0	0	0	1	0	0
1	0	0	0	0	0	0	0	0

0	10	0	0	0	0	0	0	10
10	0	10	0	10	0	10	0	0
0	10	0	10	0	0	0	0	0
0	0	10	0	0	0	0	0	0
0	10	0	0	0	10	0	0	0
0	0	0	0	10	0	0	0	0
0	10	0	0	0	0	0	10	0
0	0	0	0	0	0	10	0	0
10	0	0	0	0	0	0	0	0

0	1	0	0	0	0	0	0	1
1	0	1	0	1	0	1	0	0
0	1	0	1	0	0	0	0	0
0	0	1	0	0	0	0	0	0
0	1	0	0	0	1	0	0	0
0	0	0	0	1	0	0	0	0
0	1	0	0	0	0	0	1	0
0	0	0	0	0	0	1	0	0
1	0	0	0	0	0	0	0	0

0	1	0	0	0	0	0	0	1
1	0	1	0	1	0	1	0	0
0	1	0	1	0	0	0	0	0
0	0	1	0	0	0	0	0	0
0	1	0	0	0	1	0	0	0
0	0	0	0	1	0	0	0	0
0	1	0	0	0	0	0	1	0
0	0	0	0	0	0	1	0	0
1	0	0	0	0	0	0	0	0

23	23
22	23
22	15
19	23
18	25
18	25
18	16
23	20
24	21

15	3
1	12
8	13
13	11
4	20
15	19
5	17
10	11
0	1
