0	1	0	0	0	0	1	0	0
1	0	1	0	1	0	0	0	0
0	1	0	1	0	0	0	0	0
0	0	1	0	0	1	0	0	1
0	1	0	0	0	0	0	1	0
0	0	0	1	0	0	0	0	0
1	0	0	0	0	0	0	0	0
0	0	0	0	1	0	0	0	0
0	0	0	1	0	0	0	0	0

0	5	0	0	0	0	5	0	0
5	0	5	0	5	0	0	0	0
0	5	0	5	0	0	0	0	0
0	0	5	0	0	5	0	0	5
0	5	0	0	0	0	0	5	0
0	0	0	5	0	0	0	0	0
5	0	0	0	0	0	0	0	0
0	0	0	0	5	0	0	0	0
0	0	0	5	0	0	0	0	0

0	1	0	0	0	0	1	0	0
1	0	1	0	1	0	0	0	0
0	1	0	1	0	0	0	0	0
0	0	1	0	0	1	0	0	1
0	1	0	0	0	0	0	1	0
0	0	0	1	0	0	0	0	0
1	0	0	0	0	0	0	0	0
0	0	0	0	1	0	0	0	0
0	0	0	1	0	0	0	0	0

0	1	0	0	0	0	1	0	0
1	0	1	0	1	0	0	0	0
0	1	0	1	0	0	0	0	0
0	0	1	0	0	1	0	0	1
0	1	0	0	0	0	0	1	0
0	0	0	1	0	0	0	0	0
1	0	0	0	0	0	0	0	0
0	0	0	0	1	0	0	0	0
0	0	0	1	0	0	0	0	0

20	17
21	23
18	24
22	15
15	18
17	18
23	16
17	24
17	17

19	22
19	8
11	18
19	9
17	14
11	12
12	21
9	5
17	6
