0	1	1	0	0	0	1	0	0	0
1	0	0	1	1	0	0	1	0	0
1	0	0	0	0	1	0	0	0	0
0	1	0	0	0	0	0	0	0	0
0	1	0	0	0	0	0	0	0	0
0	0	1	0	0	0	0	0	0	0
1	0	0	0	0	0	0	0	0	0
0	1	0	0	0	0	0	0	1	1
0	0	0	0	0	0	0	1	0	0
0	0	0	0	0	0	0	1	0	0

0	5	5	0	0	0	5	0	0	0
5	0	0	5	5	0	0	5	0	0
5	0	0	0	0	5	0	0	0	0
0	5	0	0	0	0	0	0	0	0
0	5	0	0	0	0	0	0	0	0
0	0	5	0	0	0	0	0	0	0
5	0	0	0	0	0	0	0	0	0
0	5	0	0	0	0	0	0	5	5
0	0	0	0	0	0	0	5	0	0
0	0	0	0	0	0	0	5	0	0

0	1	1	0	0	0	1	0	0	0
1	0	0	1	1	0	0	1	0	0
1	0	0	0	0	1	0	0	0	0
0	1	0	0	0	0	0	0	0	0
0	1	0	0	0	0	0	0	0	0
0	0	1	0	0	0	0	0	0	0
1	0	0	0	0	0	0	0	0	0
0	1	0	0	0	0	0	0	1	1
0	0	0	0	0	0	0	1	0	0
0	0	0	0	0	0	0	1	0	0

0	1	1	0	0	0	1	0	0	0
1	0	0	1	1	0	0	1	0	0
1	0	0	0	0	1	0	0	0	0
0	1	0	0	0	0	0	0	0	0
0	1	0	0	0	0	0	0	0	0
0	0	1	0	0	0	0	0	0	0
1	0	0	0	0	0	0	0	0	0
0	1	0	0	0	0	0	0	1	1
0	0	0	0	0	0	0	1	0	0
0	0	0	0	0	0	0	1	0	0

16	16
24	17
17	24
16	21
22	24
20	25
19	16
16	16
24	15
20	19

2	8
10	23
19	23
6	4
21	11
20	22
7	9
14	19
0	4
15	1
