0	1	0	0	1	0	0	0
1	0	1	1	0	0	0	1
0	1	0	0	0	1	0	0
0	1	0	0	0	0	0	0
1	0	0	0	0	0	0	0
0	0	1	0	0	0	1	0
0	0	0	0	0	1	0	0
0	1	0	0	0	0	0	0

0	20	0	0	20	0	0	0
20	0	20	20	0	0	0	20
0	20	0	0	0	20	0	0
0	20	0	0	0	0	0	0
20	0	0	0	0	0	0	0
0	0	20	0	0	0	20	0
0	0	0	0	0	20	0	0
0	20	0	0	0	0	0	0

0	1	0	0	1	0	0	0
1	0	1	1	0	0	0	1
0	1	0	0	0	1	0	0
0	1	0	0	0	0	0	0
1	0	0	0	0	0	0	0
0	0	1	0	0	0	1	0
0	0	0	0	0	1	0	0
0	1	0	0	0	0	0	0

0	1	0	0	1	0	0	0
1	0	1	1	0	0	0	1
0	1	0	0	0	1	0	0
0	1	0	0	0	0	0	0
1	0	0	0	0	0	0	0
0	0	1	0	0	0	1	0
0	0	0	0	0	1	0	0
0	1	0	0	0	0	0	0

18	15
20	16
21	22
22	21
22	15
19	21
19	17
15	25

0	21
23	8
10	6
17	13
9	23
23	22
10	11
13	21
