0	1	0	0	0	0	0	1
1	0	1	0	0	0	0	0
0	1	0	1	1	1	0	0
0	0	1	0	0	0	0	0
0	0	1	0	0	0	0	0
0	0	1	0	0	0	1	0
0	0	0	0	0	1	0	0
1	0	0	0	0	0	0	0

0	15	0	0	0	0	0	15
15	0	15	0	0	0	0	0
0	15	0	15	15	15	0	0
0	0	15	0	0	0	0	0
0	0	15	0	0	0	0	0
0	0	15	0	0	0	15	0
0	0	0	0	0	15	0	0
15	0	0	0	0	0	0	0

0	1	0	0	0	0	0	1
1	0	1	0	0	0	0	0
0	1	0	1	1	1	0	0
0	0	1	0	0	0	0	0
0	0	1	0	0	0	0	0
0	0	1	0	0	0	1	0
0	0	0	0	0	1	0	0
1	0	0	0	0	0	0	0

0	1	0	0	0	0	0	1
1	0	1	0	0	0	0	0
0	1	0	1	1	1	0	0
0	0	1	0	0	0	0	0
0	0	1	0	0	0	0	0
0	0	1	0	0	0	1	0
0	0	0	0	0	1	0	0
1	0	0	0	0	0	0	0

23	22
19	25
20	20
17	19
25	20
18	23
20	24
25	19

10	1
19	12
22	15
2	13
14	2
11	21
20	2
17	12
