0	1	0	0	0	0	0	0
1	0	1	0	1	0	0	0
0	1	0	1	0	0	0	1
0	0	1	0	0	0	0	0
0	1	0	0	0	1	0	0
0	0	0	0	1	0	1	0
0	0	0	0	0	1	0	0
0	0	1	0	0	0	0	0

0	25	0	0	0	0	0	0
25	0	25	0	25	0	0	0
0	25	0	25	0	0	0	25
0	0	25	0	0	0	0	0
0	25	0	0	0	25	0	0
0	0	0	0	25	0	25	0
0	0	0	0	0	25	0	0
0	0	25	0	0	0	0	0

0	1	0	0	0	0	0	0
1	0	1	0	1	0	0	0
0	1	0	1	0	0	0	1
0	0	1	0	0	0	0	0
0	1	0	0	0	1	0	0
0	0	0	0	1	0	1	0
0	0	0	0	0	1	0	0
0	0	1	0	0	0	0	0

0	1	0	0	0	0	0	0
1	0	1	0	1	0	0	0
0	1	0	1	0	0	0	1
0	0	1	0	0	0	0	0
0	1	0	0	0	1	0	0
0	0	0	0	1	0	1	0
0	0	0	0	0	1	0	0
0	0	1	0	0	0	0	0

22	18
20	17
24	16
23	20
22	25
16	17
15	17
17	25

9	18
23	9
0	10
5	8
19	14
10	8
7	2
6	1
