0	1	1	0	0	0	0	0
1	0	0	0	0	0	0	0
1	0	0	1	1	1	1	0
0	0	1	0	0	0	0	0
0	0	1	0	0	0	0	1
0	0	1	0	0	0	0	0
0	0	1	0	0	0	0	0
0	0	0	0	1	0	0	0

0	10	10	0	0	0	0	0
10	0	0	0	0	0	0	0
10	0	0	10	10	10	10	0
0	0	10	0	0	0	0	0
0	0	10	0	0	0	0	10
0	0	10	0	0	0	0	0
0	0	10	0	0	0	0	0
0	0	0	0	10	0	0	0

0	1	1	0	0	0	0	0
1	0	0	0	0	0	0	0
1	0	0	1	1	1	1	0
0	0	1	0	0	0	0	0
0	0	1	0	0	0	0	1
0	0	1	0	0	0	0	0
0	0	1	0	0	0	0	0
0	0	0	0	1	0	0	0

0	1	1	0	0	0	0	0
1	0	0	0	0	0	0	0
1	0	0	1	1	1	1	0
0	0	1	0	0	0	0	0
0	0	1	0	0	0	0	1
0	0	1	0	0	0	0	0
0	0	1	0	0	0	0	0
0	0	0	0	1	0	0	0

22	16
22	25
15	22
15	17
18	19
18	22
22	22
21	20

12	1
7	3
16	15
15	8
0	12
5	8
12	9
1	13
