0	1	0	1	1	0	0	0
1	0	1	0	0	0	0	0
0	1	0	0	0	0	0	0
1	0	0	0	0	0	1	0
1	0	0	0	0	1	0	0
0	0	0	0	1	0	0	0
0	0	0	1	0	0	0	1
0	0	0	0	0	0	1	0

0	5	0	5	5	0	0	0
5	0	5	0	0	0	0	0
0	5	0	0	0	0	0	0
5	0	0	0	0	0	5	0
5	0	0	0	0	5	0	0
0	0	0	0	5	0	0	0
0	0	0	5	0	0	0	5
0	0	0	0	0	0	5	0

0	1	0	1	1	0	0	0
1	0	1	0	0	0	0	0
0	1	0	0	0	0	0	0
1	0	0	0	0	0	1	0
1	0	0	0	0	1	0	0
0	0	0	0	1	0	0	0
0	0	0	1	0	0	0	1
0	0	0	0	0	0	1	0

0	1	0	1	1	0	0	0
1	0	1	0	0	0	0	0
0	1	0	0	0	0	0	0
1	0	0	0	0	0	1	0
1	0	0	0	0	1	0	0
0	0	0	0	1	0	0	0
0	0	0	1	0	0	0	1
0	0	0	0	0	0	1	0

19	15
15	23
24	20
18	16
18	25
18	17
22	21
16	20

11	10
13	0
0	4
5	6
6	8
10	2
7	12
11	4
