0	1	0	1	0	1	0	0
1	0	1	0	1	0	0	1
0	1	0	0	0	0	1	0
1	0	0	0	0	0	0	0
0	1	0	0	0	0	0	0
1	0	0	0	0	0	0	0
0	0	1	0	0	0	0	0
0	1	0	0	0	0	0	0

0	20	0	20	0	20	0	0
20	0	20	0	20	0	0	20
0	20	0	0	0	0	20	0
20	0	0	0	0	0	0	0
0	20	0	0	0	0	0	0
20	0	0	0	0	0	0	0
0	0	20	0	0	0	0	0
0	20	0	0	0	0	0	0

0	1	0	1	0	1	0	0
1	0	1	0	1	0	0	1
0	1	0	0	0	0	1	0
1	0	0	0	0	0	0	0
0	1	0	0	0	0	0	0
1	0	0	0	0	0	0	0
0	0	1	0	0	0	0	0
0	1	0	0	0	0	0	0

0	1	0	1	0	1	0	0
1	0	1	0	1	0	0	1
0	1	0	0	0	0	1	0
1	0	0	0	0	0	0	0
0	1	0	0	0	0	0	0
1	0	0	0	0	0	0	0
0	0	1	0	0	0	0	0
0	1	0	0	0	0	0	0

23	22
18	22
23	23
25	21
25	19
19	21
21	15
22	20

7	9
7	1
1	9
10	6
2	8
12	7
7	6
6	0
