0	1	1	0	0	0	0	1	0	0
1	0	0	0	0	0	0	0	0	0
1	0	0	1	0	0	1	0	0	0
0	0	1	0	1	0	0	0	0	0
0	0	0	1	0	1	0	0	0	1
0	0	0	0	1	0	0	0	1	0
0	0	1	0	0	0	0	0	0	0
1	0	0	0	0	0	0	0	0	0
0	0	0	0	0	1	0	0	0	0
0	0	0	0	1	0	0	0	0	0

0	10	10	0	0	0	0	10	0	0
10	0	0	0	0	0	0	0	0	0
10	0	0	10	0	0	10	0	0	0
0	0	10	0	10	0	0	0	0	0
0	0	0	10	0	10	0	0	0	10
0	0	0	0	10	0	0	0	10	0
0	0	10	0	0	0	0	0	0	0
10	0	0	0	0	0	0	0	0	0
0	0	0	0	0	10	0	0	0	0
0	0	0	0	10	0	0	0	0	0

0	1	1	0	0	0	0	1	0	0
1	0	0	0	0	0	0	0	0	0
1	0	0	1	0	0	1	0	0	0
0	0	1	0	1	0	0	0	0	0
0	0	0	1	0	1	0	0	0	1
0	0	0	0	1	0	0	0	1	0
0	0	1	0	0	0	0	0	0	0
1	0	0	0	0	0	0	0	0	0
0	0	0	0	0	1	0	0	0	0
0	0	0	0	1	0	0	0	0	0

0	1	1	0	0	0	0	1	0	0
1	0	0	0	0	0	0	0	0	0
1	0	0	1	0	0	1	0	0	0
0	0	1	0	1	0	0	0	0	0
0	0	0	1	0	1	0	0	0	1
0	0	0	0	1	0	0	0	1	0
0	0	1	0	0	0	0	0	0	0
1	0	0	0	0	0	0	0	0	0
0	0	0	0	0	1	0	0	0	0
0	0	0	0	1	0	0	0	0	0

17	21
23	18
25	23
20	16
17	20
15	20
17	17
21	16
22	21
17	18

0	4
0	2
13	3
1	11
7	3
1	10
3	13
12	4
10	0
11	6
