0	1	0	0	0	0	0	0	1
1	0	1	0	1	0	1	0	0
0	1	0	1	0	1	0	0	0
0	0	1	0	0	0	0	0	0
0	1	0	0	0	0	0	1	0
0	0	1	0	0	0	0	0	0
0	1	0	0	0	0	0	0	0
0	0	0	0	1	0	0	0	0
1	0	0	0	0	0	0	0	0

0	20	0	0	0	0	0	0	20
20	0	20	0	20	0	20	0	0
0	20	0	20	0	20	0	0	0
0	0	20	0	0	0	0	0	0
0	20	0	0	0	0	0	20	0
0	0	20	0	0	0	0	0	0
0	20	0	0	0	0	0	0	0
0	0	0	0	20	0	0	0	0
20	0	0	0	0	0	0	0	0

0	1	0	0	0	0	0	0	1
1	0	1	0	1	0	1	0	0
0	1	0	1	0	1	0	0	0
0	0	1	0	0	0	0	0	0
0	1	0	0	0	0	0	1	0
0	0	1	0	0	0	0	0	0
0	1	0	0	0	0	0	0	0
0	0	0	0	1	0	0	0	0
1	0	0	0	0	0	0	0	0

0	1	0	0	0	0	0	0	1
1	0	1	0	1	0	1	0	0
0	1	0	1	0	1	0	0	0
0	0	1	0	0	0	0	0	0
0	1	0	0	0	0	0	1	0
0	0	1	0	0	0	0	0	0
0	1	0	0	0	0	0	0	0
0	0	0	0	1	0	0	0	0
1	0	0	0	0	0	0	0	0

16	15
20	15
17	21
24	20
24	19
24	19
17	20
17	24
18	21

3	11
12	9
2	9
2	13
3	10
5	10
8	9
11	6
1	2
