0	1	0	0	0	0	0	0	1	0
1	0	1	1	0	0	0	0	0	0
0	1	0	0	1	0	0	1	0	0
0	1	0	0	0	0	0	0	0	0
0	0	1	0	0	1	0	0	0	0
0	0	0	0	1	0	1	0	0	1
0	0	0	0	0	1	0	0	0	0
0	0	1	0	0	0	0	0	0	0
1	0	0	0	0	0	0	0	0	0
0	0	0	0	0	1	0	0	0	0

0	10	0	0	0	0	0	0	10	0
10	0	10	10	0	0	0	0	0	0
0	10	0	0	10	0	0	10	0	0
0	10	0	0	0	0	0	0	0	0
0	0	10	0	0	10	0	0	0	0
0	0	0	0	10	0	10	0	0	10
0	0	0	0	0	10	0	0	0	0
0	0	10	0	0	0	0	0	0	0
10	0	0	0	0	0	0	0	0	0
0	0	0	0	0	10	0	0	0	0

0	1	0	0	0	0	0	0	1	0
1	0	1	1	0	0	0	0	0	0
0	1	0	0	1	0	0	1	0	0
0	1	0	0	0	0	0	0	0	0
0	0	1	0	0	1	0	0	0	0
0	0	0	0	1	0	1	0	0	1
0	0	0	0	0	1	0	0	0	0
0	0	1	0	0	0	0	0	0	0
1	0	0	0	0	0	0	0	0	0
0	0	0	0	0	1	0	0	0	0

0	1	0	0	0	0	0	0	1	0
1	0	1	1	0	0	0	0	0	0
0	1	0	0	1	0	0	1	0	0
0	1	0	0	0	0	0	0	0	0
0	0	1	0	0	1	0	0	0	0
0	0	0	0	1	0	1	0	0	1
0	0	0	0	0	1	0	0	0	0
0	0	1	0	0	0	0	0	0	0
1	0	0	0	0	0	0	0	0	0
0	0	0	0	0	1	0	0	0	0

15	21
21	16
19	16
16	22
20	17
16	17
17	17
22	19
19	22
19	16

7	0
10	13
10	7
4	6
5	6
10	13
5	4
13	10
10	8
2	0
