0	1	1	0	0	1	0	0
1	0	0	1	1	0	0	0
1	0	0	0	0	0	0	0
0	1	0	0	0	0	0	1
0	1	0	0	0	0	1	0
1	0	0	0	0	0	0	0
0	0	0	0	1	0	0	0
0	0	0	1	0	0	0	0

0	25	25	0	0	25	0	0
25	0	0	25	25	0	0	0
25	0	0	0	0	0	0	0
0	25	0	0	0	0	0	25
0	25	0	0	0	0	25	0
25	0	0	0	0	0	0	0
0	0	0	0	25	0	0	0
0	0	0	25	0	0	0	0

0	1	1	0	0	1	0	0
1	0	0	1	1	0	0	0
1	0	0	0	0	0	0	0
0	1	0	0	0	0	0	1
0	1	0	0	0	0	1	0
1	0	0	0	0	0	0	0
0	0	0	0	1	0	0	0
0	0	0	1	0	0	0	0

0	1	1	0	0	1	0	0
1	0	0	1	1	0	0	0
1	0	0	0	0	0	0	0
0	1	0	0	0	0	0	1
0	1	0	0	0	0	1	0
1	0	0	0	0	0	0	0
0	0	0	0	1	0	0	0
0	0	0	1	0	0	0	0

17	21
22	16
21	16
19	25
20	15
17	18
24	16
22	18

11	8
2	3
4	6
4	1
10	2
9	5
5	13
3	13
