0	1	0	0	0	0	0	0	0	0
1	0	1	0	0	0	0	0	0	0
0	1	0	1	0	1	0	0	0	0
0	0	1	0	1	0	0	1	0	1
0	0	0	1	0	0	1	0	0	0
0	0	1	0	0	0	0	0	1	0
0	0	0	0	1	0	0	0	0	0
0	0	0	1	0	0	0	0	0	0
0	0	0	0	0	1	0	0	0	0
0	0	0	1	0	0	0	0	0	0

0	15	0	0	0	0	0	0	0	0
15	0	15	0	0	0	0	0	0	0
0	15	0	15	0	15	0	0	0	0
0	0	15	0	15	0	0	15	0	15
0	0	0	15	0	0	15	0	0	0
0	0	15	0	0	0	0	0	15	0
0	0	0	0	15	0	0	0	0	0
0	0	0	15	0	0	0	0	0	0
0	0	0	0	0	15	0	0	0	0
0	0	0	15	0	0	0	0	0	0

0	1	0	0	0	0	0	0	0	0
1	0	1	0	0	0	0	0	0	0
0	1	0	1	0	1	0	0	0	0
0	0	1	0	1	0	0	1	0	1
0	0	0	1	0	0	1	0	0	0
0	0	1	0	0	0	0	0	1	0
0	0	0	0	1	0	0	0	0	0
0	0	0	1	0	0	0	0	0	0
0	0	0	0	0	1	0	0	0	0
0	0	0	1	0	0	0	0	0	0

0	1	0	0	0	0	0	0	0	0
1	0	1	0	0	0	0	0	0	0
0	1	0	1	0	1	0	0	0	0
0	0	1	0	1	0	0	1	0	1
0	0	0	1	0	0	1	0	0	0
0	0	1	0	0	0	0	0	1	0
0	0	0	0	1	0	0	0	0	0
0	0	0	1	0	0	0	0	0	0
0	0	0	0	0	1	0	0	0	0
0	0	0	1	0	0	0	0	0	0

18	18
21	22
22	23
15	22
16	17
23	24
18	20
24	15
19	17
21	16

7	11
9	12
7	3
11	12
5	2
2	8
5	12
9	0
12	3
12	10
