0	1	1	1	1	0	0	1	0
1	0	0	0	0	0	1	0	0
1	0	0	0	0	0	0	0	0
1	0	0	0	0	0	0	0	0
1	0	0	0	0	1	0	0	0
0	0	0	0	1	0	0	0	0
0	1	0	0	0	0	0	0	1
1	0	0	0	0	0	0	0	0
0	0	0	0	0	0	1	0	0

0	15	15	15	15	0	0	15	0
15	0	0	0	0	0	15	0	0
15	0	0	0	0	0	0	0	0
15	0	0	0	0	0	0	0	0
15	0	0	0	0	15	0	0	0
0	0	0	0	15	0	0	0	0
0	15	0	0	0	0	0	0	15
15	0	0	0	0	0	0	0	0
0	0	0	0	0	0	15	0	0

0	1	1	1	1	0	0	1	0
1	0	0	0	0	0	1	0	0
1	0	0	0	0	0	0	0	0
1	0	0	0	0	0	0	0	0
1	0	0	0	0	1	0	0	0
0	0	0	0	1	0	0	0	0
0	1	0	0	0	0	0	0	1
1	0	0	0	0	0	0	0	0
0	0	0	0	0	0	1	0	0

0	1	1	1	1	0	0	1	0
1	0	0	0	0	0	1	0	0
1	0	0	0	0	0	0	0	0
1	0	0	0	0	0	0	0	0
1	0	0	0	0	1	0	0	0
0	0	0	0	1	0	0	0	0
0	1	0	0	0	0	0	0	1
1	0	0	0	0	0	0	0	0
0	0	0	0	0	0	1	0	0

22	19
25	17
16	16
19	23
23	22
17	21
17	19
21	24
22	22

5	6
10	13
7	9
7	12
4	5
11	1
7	5
5	8
6	11
