0	1	1	0	0	0	0	0	0	0
1	0	0	1	0	1	1	0	0	1
1	0	0	0	1	0	0	1	0	0
0	1	0	0	0	0	0	0	0	0
0	0	1	0	0	0	0	0	0	0
0	1	0	0	0	0	0	0	0	0
0	1	0	0	0	0	0	0	0	0
0	0	1	0	0	0	0	0	1	0
0	0	0	0	0	0	0	1	0	0
0	1	0	0	0	0	0	0	0	0

0	10	10	0	0	0	0	0	0	0
10	0	0	10	0	10	10	0	0	10
10	0	0	0	10	0	0	10	0	0
0	10	0	0	0	0	0	0	0	0
0	0	10	0	0	0	0	0	0	0
0	10	0	0	0	0	0	0	0	0
0	10	0	0	0	0	0	0	0	0
0	0	10	0	0	0	0	0	10	0
0	0	0	0	0	0	0	10	0	0
0	10	0	0	0	0	0	0	0	0

0	1	1	0	0	0	0	0	0	0
1	0	0	1	0	1	1	0	0	1
1	0	0	0	1	0	0	1	0	0
0	1	0	0	0	0	0	0	0	0
0	0	1	0	0	0	0	0	0	0
0	1	0	0	0	0	0	0	0	0
0	1	0	0	0	0	0	0	0	0
0	0	1	0	0	0	0	0	1	0
0	0	0	0	0	0	0	1	0	0
0	1	0	0	0	0	0	0	0	0

0	1	1	0	0	0	0	0	0	0
1	0	0	1	0	1	1	0	0	1
1	0	0	0	1	0	0	1	0	0
0	1	0	0	0	0	0	0	0	0
0	0	1	0	0	0	0	0	0	0
0	1	0	0	0	0	0	0	0	0
0	1	0	0	0	0	0	0	0	0
0	0	1	0	0	0	0	0	1	0
0	0	0	0	0	0	0	1	0	0
0	1	0	0	0	0	0	0	0	0

17	22
15	24
24	24
23	22
17	16
18	18
18	23
22	16
25	23
24	20

9	11
13	6
6	5
6	9
5	10
6	4
9	8
9	10
2	3
13	0
