0	1	0	1	1	1	0	0	0
1	0	1	0	0	0	0	0	0
0	1	0	0	0	0	0	0	0
1	0	0	0	0	0	0	1	0
1	0	0	0	0	0	1	0	0
1	0	0	0	0	0	0	0	0
0	0	0	0	1	0	0	0	0
0	0	0	1	0	0	0	0	1
0	0	0	0	0	0	0	1	0

0	20	0	20	20	20	0	0	0
20	0	20	0	0	0	0	0	0
0	20	0	0	0	0	0	0	0
20	0	0	0	0	0	0	20	0
20	0	0	0	0	0	20	0	0
20	0	0	0	0	0	0	0	0
0	0	0	0	20	0	0	0	0
0	0	0	20	0	0	0	0	20
0	0	0	0	0	0	0	20	0

0	1	0	1	1	1	0	0	0
1	0	1	0	0	0	0	0	0
0	1	0	0	0	0	0	0	0
1	0	0	0	0	0	0	1	0
1	0	0	0	0	0	1	0	0
1	0	0	0	0	0	0	0	0
0	0	0	0	1	0	0	0	0
0	0	0	1	0	0	0	0	1
0	0	0	0	0	0	0	1	0

0	1	0	1	1	1	0	0	0
1	0	1	0	0	0	0	0	0
0	1	0	0	0	0	0	0	0
1	0	0	0	0	0	0	1	0
1	0	0	0	0	0	1	0	0
1	0	0	0	0	0	0	0	0
0	0	0	0	1	0	0	0	0
0	0	0	1	0	0	0	0	1
0	0	0	0	0	0	0	1	0

24	23
22	25
18	19
23	16
18	21
21	19
21	17
22	17
23	21

11	8
2	13
4	2
8	0
12	6
7	13
9	10
2	3
4	2
