0	1	0	0	0	0	0	0	1
1	0	1	1	1	0	0	0	0
0	1	0	0	0	1	0	0	0
0	1	0	0	0	0	1	0	0
0	1	0	0	0	0	0	0	0
0	0	1	0	0	0	0	0	0
0	0	0	1	0	0	0	1	0
0	0	0	0	0	0	1	0	0
1	0	0	0	0	0	0	0	0

0	25	0	0	0	0	0	0	25
25	0	25	25	25	0	0	0	0
0	25	0	0	0	25	0	0	0
0	25	0	0	0	0	25	0	0
0	25	0	0	0	0	0	0	0
0	0	25	0	0	0	0	0	0
0	0	0	25	0	0	0	25	0
0	0	0	0	0	0	25	0	0
25	0	0	0	0	0	0	0	0

0	1	0	0	0	0	0	0	1
1	0	1	1	1	0	0	0	0
0	1	0	0	0	1	0	0	0
0	1	0	0	0	0	1	0	0
0	1	0	0	0	0	0	0	0
0	0	1	0	0	0	0	0	0
0	0	0	1	0	0	0	1	0
0	0	0	0	0	0	1	0	0
1	0	0	0	0	0	0	0	0

0	1	0	0	0	0	0	0	1
1	0	1	1	1	0	0	0	0
0	1	0	0	0	1	0	0	0
0	1	0	0	0	0	1	0	0
0	1	0	0	0	0	0	0	0
0	0	1	0	0	0	0	0	0
0	0	0	1	0	0	0	1	0
0	0	0	0	0	0	1	0	0
1	0	0	0	0	0	0	0	0

24	21
23	22
23	20
22	20
23	15
24	16
21	18
23	21
23	24

9	4
10	12
5	11
1	8
2	1
4	2
7	6
0	9
11	9
