0	1	0	0	1	0	1	0
1	0	1	0	0	0	0	0
0	1	0	1	0	0	0	0
0	0	1	0	0	0	0	0
1	0	0	0	0	1	0	0
0	0	0	0	1	0	0	1
1	0	0	0	0	0	0	0
0	0	0	0	0	1	0	0

0	15	0	0	15	0	15	0
15	0	15	0	0	0	0	0
0	15	0	15	0	0	0	0
0	0	15	0	0	0	0	0
15	0	0	0	0	15	0	0
0	0	0	0	15	0	0	15
15	0	0	0	0	0	0	0
0	0	0	0	0	15	0	0

0	1	0	0	1	0	1	0
1	0	1	0	0	0	0	0
0	1	0	1	0	0	0	0
0	0	1	0	0	0	0	0
1	0	0	0	0	1	0	0
0	0	0	0	1	0	0	1
1	0	0	0	0	0	0	0
0	0	0	0	0	1	0	0

0	1	0	0	1	0	1	0
1	0	1	0	0	0	0	0
0	1	0	1	0	0	0	0
0	0	1	0	0	0	0	0
1	0	0	0	0	1	0	0
0	0	0	0	1	0	0	1
1	0	0	0	0	0	0	0
0	0	0	0	0	1	0	0

17	21
15	21
23	15
15	19
24	15
16	21
15	16
16	17

11	8
12	1
3	7
12	10
10	2
8	9
8	2
12	8
