0	1	1	0	0	0	0	0
1	0	0	1	0	0	0	0
1	0	0	0	1	0	0	1
0	1	0	0	0	0	1	0
0	0	1	0	0	1	0	0
0	0	0	0	1	0	0	0
0	0	0	1	0	0	0	0
0	0	1	0	0	0	0	0

0	15	15	0	0	0	0	0
15	0	0	15	0	0	0	0
15	0	0	0	15	0	0	15
0	15	0	0	0	0	15	0
0	0	15	0	0	15	0	0
0	0	0	0	15	0	0	0
0	0	0	15	0	0	0	0
0	0	15	0	0	0	0	0

0	1	1	0	0	0	0	0
1	0	0	1	0	0	0	0
1	0	0	0	1	0	0	1
0	1	0	0	0	0	1	0
0	0	1	0	0	1	0	0
0	0	0	0	1	0	0	0
0	0	0	1	0	0	0	0
0	0	1	0	0	0	0	0

0	1	1	0	0	0	0	0
1	0	0	1	0	0	0	0
1	0	0	0	1	0	0	1
0	1	0	0	0	0	1	0
0	0	1	0	0	1	0	0
0	0	0	0	1	0	0	0
0	0	0	1	0	0	0	0
0	0	1	0	0	0	0	0

24	22
18	16
23	16
18	25
18	20
18	23
24	16
20	25

7	3
9	12
2	10
2	5
9	6
12	6
1	5
9	6
