0	1	0	0	0	0	0	0
1	0	1	0	1	0	0	0
0	1	0	1	0	0	1	0
0	0	1	0	0	1	0	0
0	1	0	0	0	0	0	0
0	0	0	1	0	0	0	0
0	0	1	0	0	0	0	1
0	0	0	0	0	0	1	0

0	25	0	0	0	0	0	0
25	0	25	0	25	0	0	0
0	25	0	25	0	0	25	0
0	0	25	0	0	25	0	0
0	25	0	0	0	0	0	0
0	0	0	25	0	0	0	0
0	0	25	0	0	0	0	25
0	0	0	0	0	0	25	0

0	1	0	0	0	0	0	0
1	0	1	0	1	0	0	0
0	1	0	1	0	0	1	0
0	0	1	0	0	1	0	0
0	1	0	0	0	0	0	0
0	0	0	1	0	0	0	0
0	0	1	0	0	0	0	1
0	0	0	0	0	0	1	0

0	1	0	0	0	0	0	0
1	0	1	0	1	0	0	0
0	1	0	1	0	0	1	0
0	0	1	0	0	1	0	0
0	1	0	0	0	0	0	0
0	0	0	1	0	0	0	0
0	0	1	0	0	0	0	1
0	0	0	0	0	0	1	0

15	17
25	16
17	22
19	25
21	24
15	22
16	19
20	15

10	3
1	6
3	8
9	13
8	2
6	4
10	2
0	9
