0	1	0	0	0	0	1	0	0	0
1	0	1	1	0	1	0	1	1	0
0	1	0	0	0	0	0	0	0	0
0	1	0	0	1	0	0	0	0	0
0	0	0	1	0	0	0	0	0	0
0	1	0	0	0	0	0	0	0	1
1	0	0	0	0	0	0	0	0	0
0	1	0	0	0	0	0	0	0	0
0	1	0	0	0	0	0	0	0	0
0	0	0	0	0	1	0	0	0	0

0	20	0	0	0	0	20	0	0	0
20	0	20	20	0	20	0	20	20	0
0	20	0	0	0	0	0	0	0	0
0	20	0	0	20	0	0	0	0	0
0	0	0	20	0	0	0	0	0	0
0	20	0	0	0	0	0	0	0	20
20	0	0	0	0	0	0	0	0	0
0	20	0	0	0	0	0	0	0	0
0	20	0	0	0	0	0	0	0	0
0	0	0	0	0	20	0	0	0	0

0	1	0	0	0	0	1	0	0	0
1	0	1	1	0	1	0	1	1	0
0	1	0	0	0	0	0	0	0	0
0	1	0	0	1	0	0	0	0	0
0	0	0	1	0	0	0	0	0	0
0	1	0	0	0	0	0	0	0	1
1	0	0	0	0	0	0	0	0	0
0	1	0	0	0	0	0	0	0	0
0	1	0	0	0	0	0	0	0	0
0	0	0	0	0	1	0	0	0	0

0	1	0	0	0	0	1	0	0	0
1	0	1	1	0	1	0	1	1	0
0	1	0	0	0	0	0	0	0	0
0	1	0	0	1	0	0	0	0	0
0	0	0	1	0	0	0	0	0	0
0	1	0	0	0	0	0	0	0	1
1	0	0	0	0	0	0	0	0	0
0	1	0	0	0	0	0	0	0	0
0	1	0	0	0	0	0	0	0	0
0	0	0	0	0	1	0	0	0	0

20	19
25	16
23	17
17	25
17	17
25	19
21	18
22	22
17	18
22	23

13	7
12	8
4	11
10	13
9	11
10	3
11	2
3	12
3	11
4	6
