0	1	0	1	0	1	0	1
1	0	1	0	1	0	0	0
0	1	0	0	0	0	1	0
1	0	0	0	0	0	0	0
0	1	0	0	0	0	0	0
1	0	0	0	0	0	0	0
0	0	1	0	0	0	0	0
1	0	0	0	0	0	0	0

0	5	0	5	0	5	0	5
5	0	5	0	5	0	0	0
0	5	0	0	0	0	5	0
5	0	0	0	0	0	0	0
0	5	0	0	0	0	0	0
5	0	0	0	0	0	0	0
0	0	5	0	0	0	0	0
5	0	0	0	0	0	0	0

0	1	0	1	0	1	0	1
1	0	1	0	1	0	0	0
0	1	0	0	0	0	1	0
1	0	0	0	0	0	0	0
0	1	0	0	0	0	0	0
1	0	0	0	0	0	0	0
0	0	1	0	0	0	0	0
1	0	0	0	0	0	0	0

0	1	0	1	0	1	0	1
1	0	1	0	1	0	0	0
0	1	0	0	0	0	1	0
1	0	0	0	0	0	0	0
0	1	0	0	0	0	0	0
1	0	0	0	0	0	0	0
0	0	1	0	0	0	0	0
1	0	0	0	0	0	0	0

17	21
20	21
24	16
24	22
22	25
25	25
20	20
17	18

4	12
9	10
12	7
6	9
4	12
0	7
12	10
12	5
