0	1	1	0	1	0	1	0
1	0	0	0	0	0	0	1
1	0	0	1	0	0	0	0
0	0	1	0	0	0	0	0
1	0	0	0	0	1	0	0
0	0	0	0	1	0	0	0
1	0	0	0	0	0	0	0
0	1	0	0	0	0	0	0

0	10	10	0	10	0	10	0
10	0	0	0	0	0	0	10
10	0	0	10	0	0	0	0
0	0	10	0	0	0	0	0
10	0	0	0	0	10	0	0
0	0	0	0	10	0	0	0
10	0	0	0	0	0	0	0
0	10	0	0	0	0	0	0

0	1	1	0	1	0	1	0
1	0	0	0	0	0	0	1
1	0	0	1	0	0	0	0
0	0	1	0	0	0	0	0
1	0	0	0	0	1	0	0
0	0	0	0	1	0	0	0
1	0	0	0	0	0	0	0
0	1	0	0	0	0	0	0

0	1	1	0	1	0	1	0
1	0	0	0	0	0	0	1
1	0	0	1	0	0	0	0
0	0	1	0	0	0	0	0
1	0	0	0	0	1	0	0
0	0	0	0	1	0	0	0
1	0	0	0	0	0	0	0
0	1	0	0	0	0	0	0

20	25
21	16
25	25
18	24
15	20
21	16
16	17
20	19

9	10
2	4
6	10
12	13
1	13
4	1
5	0
10	2
