0	1	1	0	1	1	0	0	0	0
1	0	0	0	0	0	0	1	0	0
1	0	0	1	0	0	0	0	0	1
0	0	1	0	0	0	1	0	1	0
1	0	0	0	0	0	0	0	0	0
1	0	0	0	0	0	0	0	0	0
0	0	0	1	0	0	0	0	0	0
0	1	0	0	0	0	0	0	0	0
0	0	0	1	0	0	0	0	0	0
0	0	1	0	0	0	0	0	0	0

0	10	10	0	10	10	0	0	0	0
10	0	0	0	0	0	0	10	0	0
10	0	0	10	0	0	0	0	0	10
0	0	10	0	0	0	10	0	10	0
10	0	0	0	0	0	0	0	0	0
10	0	0	0	0	0	0	0	0	0
0	0	0	10	0	0	0	0	0	0
0	10	0	0	0	0	0	0	0	0
0	0	0	10	0	0	0	0	0	0
0	0	10	0	0	0	0	0	0	0

0	1	1	0	1	1	0	0	0	0
1	0	0	0	0	0	0	1	0	0
1	0	0	1	0	0	0	0	0	1
0	0	1	0	0	0	1	0	1	0
1	0	0	0	0	0	0	0	0	0
1	0	0	0	0	0	0	0	0	0
0	0	0	1	0	0	0	0	0	0
0	1	0	0	0	0	0	0	0	0
0	0	0	1	0	0	0	0	0	0
0	0	1	0	0	0	0	0	0	0

0	1	1	0	1	1	0	0	0	0
1	0	0	0	0	0	0	1	0	0
1	0	0	1	0	0	0	0	0	1
0	0	1	0	0	0	1	0	1	0
1	0	0	0	0	0	0	0	0	0
1	0	0	0	0	0	0	0	0	0
0	0	0	1	0	0	0	0	0	0
0	1	0	0	0	0	0	0	0	0
0	0	0	1	0	0	0	0	0	0
0	0	1	0	0	0	0	0	0	0

21	21
16	20
25	23
20	23
17	23
19	21
23	21
15	18
23	18
15	15

9	2
9	3
8	10
10	3
0	4
9	7
3	1
1	9
12	0
3	4
