0	1	1	1	0	0	0	1	0
1	0	0	0	1	0	1	0	0
1	0	0	0	0	1	0	0	0
1	0	0	0	0	0	0	0	0
0	1	0	0	0	0	0	0	0
0	0	1	0	0	0	0	0	1
0	1	0	0	0	0	0	0	0
1	0	0	0	0	0	0	0	0
0	0	0	0	0	1	0	0	0

0	5	5	5	0	0	0	5	0
5	0	0	0	5	0	5	0	0
5	0	0	0	0	5	0	0	0
5	0	0	0	0	0	0	0	0
0	5	0	0	0	0	0	0	0
0	0	5	0	0	0	0	0	5
0	5	0	0	0	0	0	0	0
5	0	0	0	0	0	0	0	0
0	0	0	0	0	5	0	0	0

0	1	1	1	0	0	0	1	0
1	0	0	0	1	0	1	0	0
1	0	0	0	0	1	0	0	0
1	0	0	0	0	0	0	0	0
0	1	0	0	0	0	0	0	0
0	0	1	0	0	0	0	0	1
0	1	0	0	0	0	0	0	0
1	0	0	0	0	0	0	0	0
0	0	0	0	0	1	0	0	0

0	1	1	1	0	0	0	1	0
1	0	0	0	1	0	1	0	0
1	0	0	0	0	1	0	0	0
1	0	0	0	0	0	0	0	0
0	1	0	0	0	0	0	0	0
0	0	1	0	0	0	0	0	1
0	1	0	0	0	0	0	0	0
1	0	0	0	0	0	0	0	0
0	0	0	0	0	1	0	0	0

19	18
25	22
20	16
15	23
24	22
16	17
16	15
25	22
20	24

9	0
8	4
12	2
3	13
1	3
9	12
11	12
2	1
6	11
