0	1	1	1	0	0	1	0
1	0	0	0	0	0	0	0
1	0	0	0	1	0	0	1
1	0	0	0	0	0	0	0
0	0	1	0	0	1	0	0
0	0	0	0	1	0	0	0
1	0	0	0	0	0	0	0
0	0	1	0	0	0	0	0

0	20	20	20	0	0	20	0
20	0	0	0	0	0	0	0
20	0	0	0	20	0	0	20
20	0	0	0	0	0	0	0
0	0	20	0	0	20	0	0
0	0	0	0	20	0	0	0
20	0	0	0	0	0	0	0
0	0	20	0	0	0	0	0

0	1	1	1	0	0	1	0
1	0	0	0	0	0	0	0
1	0	0	0	1	0	0	1
1	0	0	0	0	0	0	0
0	0	1	0	0	1	0	0
0	0	0	0	1	0	0	0
1	0	0	0	0	0	0	0
0	0	1	0	0	0	0	0

0	1	1	1	0	0	1	0
1	0	0	0	0	0	0	0
1	0	0	0	1	0	0	1
1	0	0	0	0	0	0	0
0	0	1	0	0	1	0	0
0	0	0	0	1	0	0	0
1	0	0	0	0	0	0	0
0	0	1	0	0	0	0	0

21	23
21	18
16	19
21	24
22	20
22	20
19	24
15	23

8	13
4	11
7	6
7	1
6	12
10	13
0	2
6	1
