0	1	1	0	0	0	0	0	1
1	0	0	0	1	0	0	1	0
1	0	0	1	0	0	1	0	0
0	0	1	0	0	0	0	0	0
0	1	0	0	0	1	0	0	0
0	0	0	0	1	0	0	0	0
0	0	1	0	0	0	0	0	0
0	1	0	0	0	0	0	0	0
1	0	0	0	0	0	0	0	0

0	15	15	0	0	0	0	0	15
15	0	0	0	15	0	0	15	0
15	0	0	15	0	0	15	0	0
0	0	15	0	0	0	0	0	0
0	15	0	0	0	15	0	0	0
0	0	0	0	15	0	0	0	0
0	0	15	0	0	0	0	0	0
0	15	0	0	0	0	0	0	0
15	0	0	0	0	0	0	0	0

0	1	1	0	0	0	0	0	1
1	0	0	0	1	0	0	1	0
1	0	0	1	0	0	1	0	0
0	0	1	0	0	0	0	0	0
0	1	0	0	0	1	0	0	0
0	0	0	0	1	0	0	0	0
0	0	1	0	0	0	0	0	0
0	1	0	0	0	0	0	0	0
1	0	0	0	0	0	0	0	0

0	1	1	0	0	0	0	0	1
1	0	0	0	1	0	0	1	0
1	0	0	1	0	0	1	0	0
0	0	1	0	0	0	0	0	0
0	1	0	0	0	1	0	0	0
0	0	0	0	1	0	0	0	0
0	0	1	0	0	0	0	0	0
0	1	0	0	0	0	0	0	0
1	0	0	0	0	0	0	0	0

19	19
19	17
22	20
20	24
18	16
18	20
21	23
16	17
16	19

0	4
13	11
9	1
12	1
7	4
6	5
4	7
2	5
5	1
