0	1	0	0	0	0	1	1	0	0
1	0	1	1	0	0	0	0	0	0
0	1	0	0	1	0	0	0	0	0
0	1	0	0	0	0	0	0	0	0
0	0	1	0	0	1	0	0	0	0
0	0	0	0	1	0	0	0	0	0
1	0	0	0	0	0	0	0	0	0
1	0	0	0	0	0	0	0	1	0
0	0	0	0	0	0	0	1	0	1
0	0	0	0	0	0	0	0	1	0

0	15	0	0	0	0	15	15	0	0
15	0	15	15	0	0	0	0	0	0
0	15	0	0	15	0	0	0	0	0
0	15	0	0	0	0	0	0	0	0
0	0	15	0	0	15	0	0	0	0
0	0	0	0	15	0	0	0	0	0
15	0	0	0	0	0	0	0	0	0
15	0	0	0	0	0	0	0	15	0
0	0	0	0	0	0	0	15	0	15
0	0	0	0	0	0	0	0	15	0

0	1	0	0	0	0	1	1	0	0
1	0	1	1	0	0	0	0	0	0
0	1	0	0	1	0	0	0	0	0
0	1	0	0	0	0	0	0	0	0
0	0	1	0	0	1	0	0	0	0
0	0	0	0	1	0	0	0	0	0
1	0	0	0	0	0	0	0	0	0
1	0	0	0	0	0	0	0	1	0
0	0	0	0	0	0	0	1	0	1
0	0	0	0	0	0	0	0	1	0

0	1	0	0	0	0	1	1	0	0
1	0	1	1	0	0	0	0	0	0
0	1	0	0	1	0	0	0	0	0
0	1	0	0	0	0	0	0	0	0
0	0	1	0	0	1	0	0	0	0
0	0	0	0	1	0	0	0	0	0
1	0	0	0	0	0	0	0	0	0
1	0	0	0	0	0	0	0	1	0
0	0	0	0	0	0	0	1	0	1
0	0	0	0	0	0	0	0	1	0

19	17
16	25
19	21
24	21
20	21
19	20
25	21
21	22
15	17
20	24

13	4
3	0
6	13
10	12
6	1
4	12
2	8
0	6
11	9
4	2
