0	1	1	1	0	0	0	0
1	0	0	0	0	0	0	0
1	0	0	0	1	1	0	0
1	0	0	0	0	0	0	1
0	0	1	0	0	0	1	0
0	0	1	0	0	0	0	0
0	0	0	0	1	0	0	0
0	0	0	1	0	0	0	0

0	5	5	5	0	0	0	0
5	0	0	0	0	0	0	0
5	0	0	0	5	5	0	0
5	0	0	0	0	0	0	5
0	0	5	0	0	0	5	0
0	0	5	0	0	0	0	0
0	0	0	0	5	0	0	0
0	0	0	5	0	0	0	0

0	1	1	1	0	0	0	0
1	0	0	0	0	0	0	0
1	0	0	0	1	1	0	0
1	0	0	0	0	0	0	1
0	0	1	0	0	0	1	0
0	0	1	0	0	0	0	0
0	0	0	0	1	0	0	0
0	0	0	1	0	0	0	0

0	1	1	1	0	0	0	0
1	0	0	0	0	0	0	0
1	0	0	0	1	1	0	0
1	0	0	0	0	0	0	1
0	0	1	0	0	0	1	0
0	0	1	0	0	0	0	0
0	0	0	0	1	0	0	0
0	0	0	1	0	0	0	0

17	15
19	15
24	17
20	25
15	21
22	15
19	19
21	24

4	10
6	9
11	3
12	13
2	7
3	8
11	10
3	8
