0	1	0	1	0	0	0	0
1	0	1	0	1	0	0	0
0	1	0	0	0	1	0	0
1	0	0	0	0	0	0	0
0	1	0	0	0	0	1	0
0	0	1	0	0	0	0	1
0	0	0	0	1	0	0	0
0	0	0	0	0	1	0	0

0	25	0	25	0	0	0	0
25	0	25	0	25	0	0	0
0	25	0	0	0	25	0	0
25	0	0	0	0	0	0	0
0	25	0	0	0	0	25	0
0	0	25	0	0	0	0	25
0	0	0	0	25	0	0	0
0	0	0	0	0	25	0	0

0	1	0	1	0	0	0	0
1	0	1	0	1	0	0	0
0	1	0	0	0	1	0	0
1	0	0	0	0	0	0	0
0	1	0	0	0	0	1	0
0	0	1	0	0	0	0	1
0	0	0	0	1	0	0	0
0	0	0	0	0	1	0	0

0	1	0	1	0	0	0	0
1	0	1	0	1	0	0	0
0	1	0	0	0	1	0	0
1	0	0	0	0	0	0	0
0	1	0	0	0	0	1	0
0	0	1	0	0	0	0	1
0	0	0	0	1	0	0	0
0	0	0	0	0	1	0	0

15	17
21	19
20	21
23	23
18	24
16	19
23	25
20	18

12	10
7	13
4	12
13	1
4	2
0	4
10	11
5	8
