0	1	0	0	0	0	0	0
1	0	1	1	1	1	0	1
0	1	0	0	0	0	0	0
0	1	0	0	0	0	0	0
0	1	0	0	0	0	1	0
0	1	0	0	0	0	0	0
0	0	0	0	1	0	0	0
0	1	0	0	0	0	0	0

0	5	0	0	0	0	0	0
5	0	5	5	5	5	0	5
0	5	0	0	0	0	0	0
0	5	0	0	0	0	0	0
0	5	0	0	0	0	5	0
0	5	0	0	0	0	0	0
0	0	0	0	5	0	0	0
0	5	0	0	0	0	0	0

0	1	0	0	0	0	0	0
1	0	1	1	1	1	0	1
0	1	0	0	0	0	0	0
0	1	0	0	0	0	0	0
0	1	0	0	0	0	1	0
0	1	0	0	0	0	0	0
0	0	0	0	1	0	0	0
0	1	0	0	0	0	0	0

0	1	0	0	0	0	0	0
1	0	1	1	1	1	0	1
0	1	0	0	0	0	0	0
0	1	0	0	0	0	0	0
0	1	0	0	0	0	1	0
0	1	0	0	0	0	0	0
0	0	0	0	1	0	0	0
0	1	0	0	0	0	0	0

21	23
19	21
20	15
22	16
23	21
23	25
20	20
15	18

9	7
11	0
9	0
9	0
6	5
10	8
2	11
5	11
