0	1	0	0	0	1	0	0	0	0
1	0	1	1	0	0	0	0	0	0
0	1	0	0	1	0	0	1	0	0
0	1	0	0	0	0	0	0	0	0
0	0	1	0	0	0	0	0	0	0
1	0	0	0	0	0	1	0	0	0
0	0	0	0	0	1	0	0	0	0
0	0	1	0	0	0	0	0	1	0
0	0	0	0	0	0	0	1	0	1
0	0	0	0	0	0	0	0	1	0

0	15	0	0	0	15	0	0	0	0
15	0	15	15	0	0	0	0	0	0
0	15	0	0	15	0	0	15	0	0
0	15	0	0	0	0	0	0	0	0
0	0	15	0	0	0	0	0	0	0
15	0	0	0	0	0	15	0	0	0
0	0	0	0	0	15	0	0	0	0
0	0	15	0	0	0	0	0	15	0
0	0	0	0	0	0	0	15	0	15
0	0	0	0	0	0	0	0	15	0

0	1	0	0	0	1	0	0	0	0
1	0	1	1	0	0	0	0	0	0
0	1	0	0	1	0	0	1	0	0
0	1	0	0	0	0	0	0	0	0
0	0	1	0	0	0	0	0	0	0
1	0	0	0	0	0	1	0	0	0
0	0	0	0	0	1	0	0	0	0
0	0	1	0	0	0	0	0	1	0
0	0	0	0	0	0	0	1	0	1
0	0	0	0	0	0	0	0	1	0

0	1	0	0	0	1	0	0	0	0
1	0	1	1	0	0	0	0	0	0
0	1	0	0	1	0	0	1	0	0
0	1	0	0	0	0	0	0	0	0
0	0	1	0	0	0	0	0	0	0
1	0	0	0	0	0	1	0	0	0
0	0	0	0	0	1	0	0	0	0
0	0	1	0	0	0	0	0	1	0
0	0	0	0	0	0	0	1	0	1
0	0	0	0	0	0	0	0	1	0

20	16
19	17
24	21
21	20
17	17
20	24
24	18
18	17
20	19
15	22

2	10
10	13
2	9
8	6
6	4
3	8
1	0
4	1
4	10
4	1
