0	1	1	1	0	0	0	0	0	0
1	0	0	0	0	0	0	1	1	0
1	0	0	0	0	0	0	0	0	0
1	0	0	0	1	1	1	0	0	1
0	0	0	1	0	0	0	0	0	0
0	0	0	1	0	0	0	0	0	0
0	0	0	1	0	0	0	0	0	0
0	1	0	0	0	0	0	0	0	0
0	1	0	0	0	0	0	0	0	0
0	0	0	1	0	0	0	0	0	0

0	25	25	25	0	0	0	0	0	0
25	0	0	0	0	0	0	25	25	0
25	0	0	0	0	0	0	0	0	0
25	0	0	0	25	25	25	0	0	25
0	0	0	25	0	0	0	0	0	0
0	0	0	25	0	0	0	0	0	0
0	0	0	25	0	0	0	0	0	0
0	25	0	0	0	0	0	0	0	0
0	25	0	0	0	0	0	0	0	0
0	0	0	25	0	0	0	0	0	0

0	1	1	1	0	0	0	0	0	0
1	0	0	0	0	0	0	1	1	0
1	0	0	0	0	0	0	0	0	0
1	0	0	0	1	1	1	0	0	1
0	0	0	1	0	0	0	0	0	0
0	0	0	1	0	0	0	0	0	0
0	0	0	1	0	0	0	0	0	0
0	1	0	0	0	0	0	0	0	0
0	1	0	0	0	0	0	0	0	0
0	0	0	1	0	0	0	0	0	0

0	1	1	1	0	0	0	0	0	0
1	0	0	0	0	0	0	1	1	0
1	0	0	0	0	0	0	0	0	0
1	0	0	0	1	1	1	0	0	1
0	0	0	1	0	0	0	0	0	0
0	0	0	1	0	0	0	0	0	0
0	0	0	1	0	0	0	0	0	0
0	1	0	0	0	0	0	0	0	0
0	1	0	0	0	0	0	0	0	0
0	0	0	1	0	0	0	0	0	0

21	23
21	16
22	17
19	23
17	21
19	19
24	21
22	21
15	19
20	19

1	5
0	7
9	10
3	12
9	11
2	3
10	2
13	11
5	3
8	0
