0	1	0	0	0	0	0	0
1	0	1	1	0	0	1	0
0	1	0	0	1	0	0	0
0	1	0	0	0	0	0	0
0	0	1	0	0	1	0	0
0	0	0	0	1	0	0	0
0	1	0	0	0	0	0	1
0	0	0	0	0	0	1	0

0	5	0	0	0	0	0	0
5	0	5	5	0	0	5	0
0	5	0	0	5	0	0	0
0	5	0	0	0	0	0	0
0	0	5	0	0	5	0	0
0	0	0	0	5	0	0	0
0	5	0	0	0	0	0	5
0	0	0	0	0	0	5	0

0	1	0	0	0	0	0	0
1	0	1	1	0	0	1	0
0	1	0	0	1	0	0	0
0	1	0	0	0	0	0	0
0	0	1	0	0	1	0	0
0	0	0	0	1	0	0	0
0	1	0	0	0	0	0	1
0	0	0	0	0	0	1	0

0	1	0	0	0	0	0	0
1	0	1	1	0	0	1	0
0	1	0	0	1	0	0	0
0	1	0	0	0	0	0	0
0	0	1	0	0	1	0	0
0	0	0	0	1	0	0	0
0	1	0	0	0	0	0	1
0	0	0	0	0	0	1	0

17	18
23	16
24	16
24	25
19	21
20	19
25	18
16	22

8	10
2	7
6	5
7	12
6	5
9	2
4	13
0	6
