0	1	1	0	1	0	0	0	0	0
1	0	0	1	0	1	0	1	0	1
1	0	0	0	0	0	1	0	0	0
0	1	0	0	0	0	0	0	0	0
1	0	0	0	0	0	0	0	0	0
0	1	0	0	0	0	0	0	1	0
0	0	1	0	0	0	0	0	0	0
0	1	0	0	0	0	0	0	0	0
0	0	0	0	0	1	0	0	0	0
0	1	0	0	0	0	0	0	0	0

0	5	5	0	5	0	0	0	0	0
5	0	0	5	0	5	0	5	0	5
5	0	0	0	0	0	5	0	0	0
0	5	0	0	0	0	0	0	0	0
5	0	0	0	0	0	0	0	0	0
0	5	0	0	0	0	0	0	5	0
0	0	5	0	0	0	0	0	0	0
0	5	0	0	0	0	0	0	0	0
0	0	0	0	0	5	0	0	0	0
0	5	0	0	0	0	0	0	0	0

0	1	1	0	1	0	0	0	0	0
1	0	0	1	0	1	0	1	0	1
1	0	0	0	0	0	1	0	0	0
0	1	0	0	0	0	0	0	0	0
1	0	0	0	0	0	0	0	0	0
0	1	0	0	0	0	0	0	1	0
0	0	1	0	0	0	0	0	0	0
0	1	0	0	0	0	0	0	0	0
0	0	0	0	0	1	0	0	0	0
0	1	0	0	0	0	0	0	0	0

0	1	1	0	1	0	0	0	0	0
1	0	0	1	0	1	0	1	0	1
1	0	0	0	0	0	1	0	0	0
0	1	0	0	0	0	0	0	0	0
1	0	0	0	0	0	0	0	0	0
0	1	0	0	0	0	0	0	1	0
0	0	1	0	0	0	0	0	0	0
0	1	0	0	0	0	0	0	0	0
0	0	0	0	0	1	0	0	0	0
0	1	0	0	0	0	0	0	0	0

22	25
21	17
20	23
24	19
22	19
22	16
25	18
24	21
22	17
21	23

2	7
1	9
2	13
1	0
12	7
3	2
1	4
3	5
11	1
12	10
