0	1	0	0	0	0	0	0
1	0	1	1	1	0	1	0
0	1	0	0	0	1	0	1
0	1	0	0	0	0	0	0
0	1	0	0	0	0	0	0
0	0	1	0	0	0	0	0
0	1	0	0	0	0	0	0
0	0	1	0	0	0	0	0

0	25	0	0	0	0	0	0
25	0	25	25	25	0	25	0
0	25	0	0	0	25	0	25
0	25	0	0	0	0	0	0
0	25	0	0	0	0	0	0
0	0	25	0	0	0	0	0
0	25	0	0	0	0	0	0
0	0	25	0	0	0	0	0

0	1	0	0	0	0	0	0
1	0	1	1	1	0	1	0
0	1	0	0	0	1	0	1
0	1	0	0	0	0	0	0
0	1	0	0	0	0	0	0
0	0	1	0	0	0	0	0
0	1	0	0	0	0	0	0
0	0	1	0	0	0	0	0

0	1	0	0	0	0	0	0
1	0	1	1	1	0	1	0
0	1	0	0	0	1	0	1
0	1	0	0	0	0	0	0
0	1	0	0	0	0	0	0
0	0	1	0	0	0	0	0
0	1	0	0	0	0	0	0
0	0	1	0	0	0	0	0

24	22
17	21
21	19
17	18
19	21
23	19
23	18
18	15

12	0
1	3
13	7
9	3
10	12
8	13
12	11
10	3
