0	1	1	0	0	0	0	0	0	0
1	0	0	1	0	0	1	1	0	0
1	0	0	0	0	0	0	0	0	0
0	1	0	0	1	1	0	0	0	0
0	0	0	1	0	0	0	0	1	1
0	0	0	1	0	0	0	0	0	0
0	1	0	0	0	0	0	0	0	0
0	1	0	0	0	0	0	0	0	0
0	0	0	0	1	0	0	0	0	0
0	0	0	0	1	0	0	0	0	0

0	15	15	0	0	0	0	0	0	0
15	0	0	15	0	0	15	15	0	0
15	0	0	0	0	0	0	0	0	0
0	15	0	0	15	15	0	0	0	0
0	0	0	15	0	0	0	0	15	15
0	0	0	15	0	0	0	0	0	0
0	15	0	0	0	0	0	0	0	0
0	15	0	0	0	0	0	0	0	0
0	0	0	0	15	0	0	0	0	0
0	0	0	0	15	0	0	0	0	0

0	1	1	0	0	0	0	0	0	0
1	0	0	1	0	0	1	1	0	0
1	0	0	0	0	0	0	0	0	0
0	1	0	0	1	1	0	0	0	0
0	0	0	1	0	0	0	0	1	1
0	0	0	1	0	0	0	0	0	0
0	1	0	0	0	0	0	0	0	0
0	1	0	0	0	0	0	0	0	0
0	0	0	0	1	0	0	0	0	0
0	0	0	0	1	0	0	0	0	0

0	1	1	0	0	0	0	0	0	0
1	0	0	1	0	0	1	1	0	0
1	0	0	0	0	0	0	0	0	0
0	1	0	0	1	1	0	0	0	0
0	0	0	1	0	0	0	0	1	1
0	0	0	1	0	0	0	0	0	0
0	1	0	0	0	0	0	0	0	0
0	1	0	0	0	0	0	0	0	0
0	0	0	0	1	0	0	0	0	0
0	0	0	0	1	0	0	0	0	0

21	21
25	18
18	22
18	23
17	16
16	19
23	19
15	25
19	20
21	23

10	11
3	9
4	2
6	12
2	10
1	7
11	1
12	7
9	2
13	4
