0	1	1	0	0	0	0	0	0
1	0	0	1	0	0	0	0	0
1	0	0	0	0	1	0	0	0
0	1	0	0	1	0	1	1	0
0	0	0	1	0	0	0	0	1
0	0	1	0	0	0	0	0	0
0	0	0	1	0	0	0	0	0
0	0	0	1	0	0	0	0	0
0	0	0	0	1	0	0	0	0

0	20	20	0	0	0	0	0	0
20	0	0	20	0	0	0	0	0
20	0	0	0	0	20	0	0	0
0	20	0	0	20	0	20	20	0
0	0	0	20	0	0	0	0	20
0	0	20	0	0	0	0	0	0
0	0	0	20	0	0	0	0	0
0	0	0	20	0	0	0	0	0
0	0	0	0	20	0	0	0	0

0	1	1	0	0	0	0	0	0
1	0	0	1	0	0	0	0	0
1	0	0	0	0	1	0	0	0
0	1	0	0	1	0	1	1	0
0	0	0	1	0	0	0	0	1
0	0	1	0	0	0	0	0	0
0	0	0	1	0	0	0	0	0
0	0	0	1	0	0	0	0	0
0	0	0	0	1	0	0	0	0

0	1	1	0	0	0	0	0	0
1	0	0	1	0	0	0	0	0
1	0	0	0	0	1	0	0	0
0	1	0	0	1	0	1	1	0
0	0	0	1	0	0	0	0	1
0	0	1	0	0	0	0	0	0
0	0	0	1	0	0	0	0	0
0	0	0	1	0	0	0	0	0
0	0	0	0	1	0	0	0	0

20	19
18	20
22	25
25	19
25	22
25	19
15	18
23	16
19	15

2	6
11	1
3	1
12	11
10	4
13	6
6	7
7	0
6	10
