0	1	1	1	0	1	0	0
1	0	0	0	1	0	0	0
1	0	0	0	0	0	0	0
1	0	0	0	0	0	1	0
0	1	0	0	0	0	0	1
1	0	0	0	0	0	0	0
0	0	0	1	0	0	0	0
0	0	0	0	1	0	0	0

0	25	25	25	0	25	0	0
25	0	0	0	25	0	0	0
25	0	0	0	0	0	0	0
25	0	0	0	0	0	25	0
0	25	0	0	0	0	0	25
25	0	0	0	0	0	0	0
0	0	0	25	0	0	0	0
0	0	0	0	25	0	0	0

0	1	1	1	0	1	0	0
1	0	0	0	1	0	0	0
1	0	0	0	0	0	0	0
1	0	0	0	0	0	1	0
0	1	0	0	0	0	0	1
1	0	0	0	0	0	0	0
0	0	0	1	0	0	0	0
0	0	0	0	1	0	0	0

0	1	1	1	0	1	0	0
1	0	0	0	1	0	0	0
1	0	0	0	0	0	0	0
1	0	0	0	0	0	1	0
0	1	0	0	0	0	0	1
1	0	0	0	0	0	0	0
0	0	0	1	0	0	0	0
0	0	0	0	1	0	0	0

16	18
19	20
23	16
17	19
19	16
24	22
22	17
24	24

12	0
9	5
0	4
9	10
3	10
10	7
10	0
3	4
