0	1	1	1	0	1	1	0	1	0
1	0	0	0	0	0	0	0	0	0
1	0	0	0	1	0	0	0	0	0
1	0	0	0	0	0	0	1	0	0
0	0	1	0	0	0	0	0	0	1
1	0	0	0	0	0	0	0	0	0
1	0	0	0	0	0	0	0	0	0
0	0	0	1	0	0	0	0	0	0
1	0	0	0	0	0	0	0	0	0
0	0	0	0	1	0	0	0	0	0

0	10	10	10	0	10	10	0	10	0
10	0	0	0	0	0	0	0	0	0
10	0	0	0	10	0	0	0	0	0
10	0	0	0	0	0	0	10	0	0
0	0	10	0	0	0	0	0	0	10
10	0	0	0	0	0	0	0	0	0
10	0	0	0	0	0	0	0	0	0
0	0	0	10	0	0	0	0	0	0
10	0	0	0	0	0	0	0	0	0
0	0	0	0	10	0	0	0	0	0

0	1	1	1	0	1	1	0	1	0
1	0	0	0	0	0	0	0	0	0
1	0	0	0	1	0	0	0	0	0
1	0	0	0	0	0	0	1	0	0
0	0	1	0	0	0	0	0	0	1
1	0	0	0	0	0	0	0	0	0
1	0	0	0	0	0	0	0	0	0
0	0	0	1	0	0	0	0	0	0
1	0	0	0	0	0	0	0	0	0
0	0	0	0	1	0	0	0	0	0

0	1	1	1	0	1	1	0	1	0
1	0	0	0	0	0	0	0	0	0
1	0	0	0	1	0	0	0	0	0
1	0	0	0	0	0	0	1	0	0
0	0	1	0	0	0	0	0	0	1
1	0	0	0	0	0	0	0	0	0
1	0	0	0	0	0	0	0	0	0
0	0	0	1	0	0	0	0	0	0
1	0	0	0	0	0	0	0	0	0
0	0	0	0	1	0	0	0	0	0

16	24
19	23
23	19
23	21
17	17
17	17
24	22
22	23
18	19
17	18

5	9
5	1
3	8
0	3
9	3
4	7
13	4
11	1
12	2
1	6
