0	1	1	1	0	0	0	0	0	0
1	0	0	0	1	1	0	0	0	0
1	0	0	0	0	0	0	0	1	0
1	0	0	0	0	0	0	1	0	1
0	1	0	0	0	0	0	0	0	0
0	1	0	0	0	0	1	0	0	0
0	0	0	0	0	1	0	0	0	0
0	0	0	1	0	0	0	0	0	0
0	0	1	0	0	0	0	0	0	0
0	0	0	1	0	0	0	0	0	0

0	10	10	10	0	0	0	0	0	0
10	0	0	0	10	10	0	0	0	0
10	0	0	0	0	0	0	0	10	0
10	0	0	0	0	0	0	10	0	10
0	10	0	0	0	0	0	0	0	0
0	10	0	0	0	0	10	0	0	0
0	0	0	0	0	10	0	0	0	0
0	0	0	10	0	0	0	0	0	0
0	0	10	0	0	0	0	0	0	0
0	0	0	10	0	0	0	0	0	0

0	1	1	1	0	0	0	0	0	0
1	0	0	0	1	1	0	0	0	0
1	0	0	0	0	0	0	0	1	0
1	0	0	0	0	0	0	1	0	1
0	1	0	0	0	0	0	0	0	0
0	1	0	0	0	0	1	0	0	0
0	0	0	0	0	1	0	0	0	0
0	0	0	1	0	0	0	0	0	0
0	0	1	0	0	0	0	0	0	0
0	0	0	1	0	0	0	0	0	0

0	1	1	1	0	0	0	0	0	0
1	0	0	0	1	1	0	0	0	0
1	0	0	0	0	0	0	0	1	0
1	0	0	0	0	0	0	1	0	1
0	1	0	0	0	0	0	0	0	0
0	1	0	0	0	0	1	0	0	0
0	0	0	0	0	1	0	0	0	0
0	0	0	1	0	0	0	0	0	0
0	0	1	0	0	0	0	0	0	0
0	0	0	1	0	0	0	0	0	0

20	23
19	25
18	25
18	22
18	21
15	20
18	19
22	23
19	25
19	20

13	0
6	2
12	10
12	1
0	4
4	12
8	4
5	9
8	2
10	1
