0	1	1	0	1	0	0	0
1	0	0	0	0	0	1	0
1	0	0	1	0	1	0	0
0	0	1	0	0	0	0	1
1	0	0	0	0	0	0	0
0	0	1	0	0	0	0	0
0	1	0	0	0	0	0	0
0	0	0	1	0	0	0	0

0	15	15	0	15	0	0	0
15	0	0	0	0	0	15	0
15	0	0	15	0	15	0	0
0	0	15	0	0	0	0	15
15	0	0	0	0	0	0	0
0	0	15	0	0	0	0	0
0	15	0	0	0	0	0	0
0	0	0	15	0	0	0	0

0	1	1	0	1	0	0	0
1	0	0	0	0	0	1	0
1	0	0	1	0	1	0	0
0	0	1	0	0	0	0	1
1	0	0	0	0	0	0	0
0	0	1	0	0	0	0	0
0	1	0	0	0	0	0	0
0	0	0	1	0	0	0	0

0	1	1	0	1	0	0	0
1	0	0	0	0	0	1	0
1	0	0	1	0	1	0	0
0	0	1	0	0	0	0	1
1	0	0	0	0	0	0	0
0	0	1	0	0	0	0	0
0	1	0	0	0	0	0	0
0	0	0	1	0	0	0	0

16	16
17	15
25	19
17	22
16	21
15	15
16	21
20	17

0	5
2	5
13	9
3	1
7	3
9	13
13	1
0	3
