0	1	0	0	0	0	0	0	0
1	0	1	0	0	0	1	0	0
0	1	0	1	0	0	0	1	0
0	0	1	0	1	0	0	0	0
0	0	0	1	0	1	0	0	0
0	0	0	0	1	0	0	0	0
0	1	0	0	0	0	0	0	1
0	0	1	0	0	0	0	0	0
0	0	0	0	0	0	1	0	0

0	20	0	0	0	0	0	0	0
20	0	20	0	0	0	20	0	0
0	20	0	20	0	0	0	20	0
0	0	20	0	20	0	0	0	0
0	0	0	20	0	20	0	0	0
0	0	0	0	20	0	0	0	0
0	20	0	0	0	0	0	0	20
0	0	20	0	0	0	0	0	0
0	0	0	0	0	0	20	0	0

0	1	0	0	0	0	0	0	0
1	0	1	0	0	0	1	0	0
0	1	0	1	0	0	0	1	0
0	0	1	0	1	0	0	0	0
0	0	0	1	0	1	0	0	0
0	0	0	0	1	0	0	0	0
0	1	0	0	0	0	0	0	1
0	0	1	0	0	0	0	0	0
0	0	0	0	0	0	1	0	0

0	1	0	0	0	0	0	0	0
1	0	1	0	0	0	1	0	0
0	1	0	1	0	0	0	1	0
0	0	1	0	1	0	0	0	0
0	0	0	1	0	1	0	0	0
0	0	0	0	1	0	0	0	0
0	1	0	0	0	0	0	0	1
0	0	1	0	0	0	0	0	0
0	0	0	0	0	0	1	0	0

18	22
19	20
20	19
20	22
15	15
24	19
18	16
16	16
19	23

1	13
0	12
9	8
7	6
8	5
4	10
12	11
3	2
5	3
