0	1	1	0	0	0	0	0	1
1	0	0	0	1	0	0	0	0
1	0	0	1	0	1	0	0	0
0	0	1	0	0	0	0	1	0
0	1	0	0	0	0	0	0	0
0	0	1	0	0	0	1	0	0
0	0	0	0	0	1	0	0	0
0	0	0	1	0	0	0	0	0
1	0	0	0	0	0	0	0	0

0	10	10	0	0	0	0	0	10
10	0	0	0	10	0	0	0	0
10	0	0	10	0	10	0	0	0
0	0	10	0	0	0	0	10	0
0	10	0	0	0	0	0	0	0
0	0	10	0	0	0	10	0	0
0	0	0	0	0	10	0	0	0
0	0	0	10	0	0	0	0	0
10	0	0	0	0	0	0	0	0

0	1	1	0	0	0	0	0	1
1	0	0	0	1	0	0	0	0
1	0	0	1	0	1	0	0	0
0	0	1	0	0	0	0	1	0
0	1	0	0	0	0	0	0	0
0	0	1	0	0	0	1	0	0
0	0	0	0	0	1	0	0	0
0	0	0	1	0	0	0	0	0
1	0	0	0	0	0	0	0	0

0	1	1	0	0	0	0	0	1
1	0	0	0	1	0	0	0	0
1	0	0	1	0	1	0	0	0
0	0	1	0	0	0	0	1	0
0	1	0	0	0	0	0	0	0
0	0	1	0	0	0	1	0	0
0	0	0	0	0	1	0	0	0
0	0	0	1	0	0	0	0	0
1	0	0	0	0	0	0	0	0

23	23
22	19
24	25
18	15
20	21
20	17
23	18
24	20
15	25

13	0
11	13
1	6
10	12
12	10
4	9
5	3
4	11
9	1
