0	1	0	0	1	0	1	0
1	0	1	0	0	1	0	1
0	1	0	1	0	0	0	0
0	0	1	0	0	0	0	0
1	0	0	0	0	0	0	0
0	1	0	0	0	0	0	0
1	0	0	0	0	0	0	0
0	1	0	0	0	0	0	0

0	5	0	0	5	0	5	0
5	0	5	0	0	5	0	5
0	5	0	5	0	0	0	0
0	0	5	0	0	0	0	0
5	0	0	0	0	0	0	0
0	5	0	0	0	0	0	0
5	0	0	0	0	0	0	0
0	5	0	0	0	0	0	0

0	1	0	0	1	0	1	0
1	0	1	0	0	1	0	1
0	1	0	1	0	0	0	0
0	0	1	0	0	0	0	0
1	0	0	0	0	0	0	0
0	1	0	0	0	0	0	0
1	0	0	0	0	0	0	0
0	1	0	0	0	0	0	0

0	1	0	0	1	0	1	0
1	0	1	0	0	1	0	1
0	1	0	1	0	0	0	0
0	0	1	0	0	0	0	0
1	0	0	0	0	0	0	0
0	1	0	0	0	0	0	0
1	0	0	0	0	0	0	0
0	1	0	0	0	0	0	0

16	24
15	19
15	25
17	22
18	20
19	20
22	21
25	20

4	7
1	8
9	11
1	0
1	11
11	13
1	3
13	11
