0	1	1	0	0	1	1	0
1	0	0	1	0	0	0	0
1	0	0	0	0	0	0	0
0	1	0	0	1	0	0	1
0	0	0	1	0	0	0	0
1	0	0	0	0	0	0	0
1	0	0	0	0	0	0	0
0	0	0	1	0	0	0	0

0	15	15	0	0	15	15	0
15	0	0	15	0	0	0	0
15	0	0	0	0	0	0	0
0	15	0	0	15	0	0	15
0	0	0	15	0	0	0	0
15	0	0	0	0	0	0	0
15	0	0	0	0	0	0	0
0	0	0	15	0	0	0	0

0	1	1	0	0	1	1	0
1	0	0	1	0	0	0	0
1	0	0	0	0	0	0	0
0	1	0	0	1	0	0	1
0	0	0	1	0	0	0	0
1	0	0	0	0	0	0	0
1	0	0	0	0	0	0	0
0	0	0	1	0	0	0	0

0	1	1	0	0	1	1	0
1	0	0	1	0	0	0	0
1	0	0	0	0	0	0	0
0	1	0	0	1	0	0	1
0	0	0	1	0	0	0	0
1	0	0	0	0	0	0	0
1	0	0	0	0	0	0	0
0	0	0	1	0	0	0	0

21	25
18	20
20	21
20	23
25	22
23	20
23	18
22	19

12	13
12	9
5	7
5	9
5	4
4	8
11	3
11	1
