0	1	1	1	1	0	0	0
1	0	0	0	0	0	0	0
1	0	0	0	0	1	0	1
1	0	0	0	0	0	1	0
1	0	0	0	0	0	0	0
0	0	1	0	0	0	0	0
0	0	0	1	0	0	0	0
0	0	1	0	0	0	0	0

0	10	10	10	10	0	0	0
10	0	0	0	0	0	0	0
10	0	0	0	0	10	0	10
10	0	0	0	0	0	10	0
10	0	0	0	0	0	0	0
0	0	10	0	0	0	0	0
0	0	0	10	0	0	0	0
0	0	10	0	0	0	0	0

0	1	1	1	1	0	0	0
1	0	0	0	0	0	0	0
1	0	0	0	0	1	0	1
1	0	0	0	0	0	1	0
1	0	0	0	0	0	0	0
0	0	1	0	0	0	0	0
0	0	0	1	0	0	0	0
0	0	1	0	0	0	0	0

0	1	1	1	1	0	0	0
1	0	0	0	0	0	0	0
1	0	0	0	0	1	0	1
1	0	0	0	0	0	1	0
1	0	0	0	0	0	0	0
0	0	1	0	0	0	0	0
0	0	0	1	0	0	0	0
0	0	1	0	0	0	0	0

20	16
20	20
17	19
17	23
20	24
17	19
18	17
16	19

10	12
1	6
5	4
6	13
12	10
13	2
7	13
9	0
