0	1	0	1	0	0	0	0	0	0
1	0	1	0	0	0	0	0	0	0
0	1	0	0	0	1	0	0	0	0
1	0	0	0	1	0	0	0	0	0
0	0	0	1	0	0	0	0	0	1
0	0	1	0	0	0	1	1	0	0
0	0	0	0	0	1	0	0	0	0
0	0	0	0	0	1	0	0	1	0
0	0	0	0	0	0	0	1	0	0
0	0	0	0	1	0	0	0	0	0

0	20	0	20	0	0	0	0	0	0
20	0	20	0	0	0	0	0	0	0
0	20	0	0	0	20	0	0	0	0
20	0	0	0	20	0	0	0	0	0
0	0	0	20	0	0	0	0	0	20
0	0	20	0	0	0	20	20	0	0
0	0	0	0	0	20	0	0	0	0
0	0	0	0	0	20	0	0	20	0
0	0	0	0	0	0	0	20	0	0
0	0	0	0	20	0	0	0	0	0

0	1	0	1	0	0	0	0	0	0
1	0	1	0	0	0	0	0	0	0
0	1	0	0	0	1	0	0	0	0
1	0	0	0	1	0	0	0	0	0
0	0	0	1	0	0	0	0	0	1
0	0	1	0	0	0	1	1	0	0
0	0	0	0	0	1	0	0	0	0
0	0	0	0	0	1	0	0	1	0
0	0	0	0	0	0	0	1	0	0
0	0	0	0	1	0	0	0	0	0

0	1	0	1	0	0	0	0	0	0
1	0	1	0	0	0	0	0	0	0
0	1	0	0	0	1	0	0	0	0
1	0	0	0	1	0	0	0	0	0
0	0	0	1	0	0	0	0	0	1
0	0	1	0	0	0	1	1	0	0
0	0	0	0	0	1	0	0	0	0
0	0	0	0	0	1	0	0	1	0
0	0	0	0	0	0	0	1	0	0
0	0	0	0	1	0	0	0	0	0

20	17
18	22
16	16
24	23
22	22
22	23
21	18
16	15
17	20
18	18

10	11
2	5
2	8
8	10
13	1
5	10
4	13
9	11
2	0
9	3
