0	1	1	1	0	0	0	0	1
1	0	0	0	0	1	1	0	0
1	0	0	0	1	0	0	0	0
1	0	0	0	0	0	0	1	0
0	0	1	0	0	0	0	0	0
0	1	0	0	0	0	0	0	0
0	1	0	0	0	0	0	0	0
0	0	0	1	0	0	0	0	0
1	0	0	0	0	0	0	0	0

0	15	15	15	0	0	0	0	15
15	0	0	0	0	15	15	0	0
15	0	0	0	15	0	0	0	0
15	0	0	0	0	0	0	15	0
0	0	15	0	0	0	0	0	0
0	15	0	0	0	0	0	0	0
0	15	0	0	0	0	0	0	0
0	0	0	15	0	0	0	0	0
15	0	0	0	0	0	0	0	0

0	1	1	1	0	0	0	0	1
1	0	0	0	0	1	1	0	0
1	0	0	0	1	0	0	0	0
1	0	0	0	0	0	0	1	0
0	0	1	0	0	0	0	0	0
0	1	0	0	0	0	0	0	0
0	1	0	0	0	0	0	0	0
0	0	0	1	0	0	0	0	0
1	0	0	0	0	0	0	0	0

0	1	1	1	0	0	0	0	1
1	0	0	0	0	1	1	0	0
1	0	0	0	1	0	0	0	0
1	0	0	0	0	0	0	1	0
0	0	1	0	0	0	0	0	0
0	1	0	0	0	0	0	0	0
0	1	0	0	0	0	0	0	0
0	0	0	1	0	0	0	0	0
1	0	0	0	0	0	0	0	0

19	20
17	21
22	16
25	18
23	18
22	18
19	17
17	23
24	17

4	5
7	4
0	11
4	5
3	4
12	1
12	13
3	1
10	0
