0	1	0	0	0	0	0	0	0
1	0	1	1	0	0	0	0	0
0	1	0	0	1	1	0	1	1
0	1	0	0	0	0	1	0	0
0	0	1	0	0	0	0	0	0
0	0	1	0	0	0	0	0	0
0	0	0	1	0	0	0	0	0
0	0	1	0	0	0	0	0	0
0	0	1	0	0	0	0	0	0

0	20	0	0	0	0	0	0	0
20	0	20	20	0	0	0	0	0
0	20	0	0	20	20	0	20	20
0	20	0	0	0	0	20	0	0
0	0	20	0	0	0	0	0	0
0	0	20	0	0	0	0	0	0
0	0	0	20	0	0	0	0	0
0	0	20	0	0	0	0	0	0
0	0	20	0	0	0	0	0	0

0	1	0	0	0	0	0	0	0
1	0	1	1	0	0	0	0	0
0	1	0	0	1	1	0	1	1
0	1	0	0	0	0	1	0	0
0	0	1	0	0	0	0	0	0
0	0	1	0	0	0	0	0	0
0	0	0	1	0	0	0	0	0
0	0	1	0	0	0	0	0	0
0	0	1	0	0	0	0	0	0

0	1	0	0	0	0	0	0	0
1	0	1	1	0	0	0	0	0
0	1	0	0	1	1	0	1	1
0	1	0	0	0	0	1	0	0
0	0	1	0	0	0	0	0	0
0	0	1	0	0	0	0	0	0
0	0	0	1	0	0	0	0	0
0	0	1	0	0	0	0	0	0
0	0	1	0	0	0	0	0	0

21	18
23	20
24	21
19	23
24	16
20	23
25	19
18	21
21	15

0	10
8	6
11	9
12	6
4	9
13	0
13	7
4	8
12	0
