0	1	0	1	1	0	0	0
1	0	1	0	0	0	0	0
0	1	0	0	0	0	0	0
1	0	0	0	0	1	0	1
1	0	0	0	0	0	0	0
0	0	0	1	0	0	1	0
0	0	0	0	0	1	0	0
0	0	0	1	0	0	0	0

0	20	0	20	20	0	0	0
20	0	20	0	0	0	0	0
0	20	0	0	0	0	0	0
20	0	0	0	0	20	0	20
20	0	0	0	0	0	0	0
0	0	0	20	0	0	20	0
0	0	0	0	0	20	0	0
0	0	0	20	0	0	0	0

0	1	0	1	1	0	0	0
1	0	1	0	0	0	0	0
0	1	0	0	0	0	0	0
1	0	0	0	0	1	0	1
1	0	0	0	0	0	0	0
0	0	0	1	0	0	1	0
0	0	0	0	0	1	0	0
0	0	0	1	0	0	0	0

0	1	0	1	1	0	0	0
1	0	1	0	0	0	0	0
0	1	0	0	0	0	0	0
1	0	0	0	0	1	0	1
1	0	0	0	0	0	0	0
0	0	0	1	0	0	1	0
0	0	0	0	0	1	0	0
0	0	0	1	0	0	0	0

21	19
20	22
19	23
16	23
22	22
15	22
21	23
19	20

9	6
4	0
10	4
1	13
6	9
8	3
0	13
6	10
