0	1	1	0	1	0	0	0	0	0
1	0	0	1	0	0	0	0	1	0
1	0	0	0	0	0	0	0	0	0
0	1	0	0	0	0	1	1	0	0
1	0	0	0	0	1	0	0	0	0
0	0	0	0	1	0	0	0	0	0
0	0	0	1	0	0	0	0	0	0
0	0	0	1	0	0	0	0	0	1
0	1	0	0	0	0	0	0	0	0
0	0	0	0	0	0	0	1	0	0

0	5	5	0	5	0	0	0	0	0
5	0	0	5	0	0	0	0	5	0
5	0	0	0	0	0	0	0	0	0
0	5	0	0	0	0	5	5	0	0
5	0	0	0	0	5	0	0	0	0
0	0	0	0	5	0	0	0	0	0
0	0	0	5	0	0	0	0	0	0
0	0	0	5	0	0	0	0	0	5
0	5	0	0	0	0	0	0	0	0
0	0	0	0	0	0	0	5	0	0

0	1	1	0	1	0	0	0	0	0
1	0	0	1	0	0	0	0	1	0
1	0	0	0	0	0	0	0	0	0
0	1	0	0	0	0	1	1	0	0
1	0	0	0	0	1	0	0	0	0
0	0	0	0	1	0	0	0	0	0
0	0	0	1	0	0	0	0	0	0
0	0	0	1	0	0	0	0	0	1
0	1	0	0	0	0	0	0	0	0
0	0	0	0	0	0	0	1	0	0

0	1	1	0	1	0	0	0	0	0
1	0	0	1	0	0	0	0	1	0
1	0	0	0	0	0	0	0	0	0
0	1	0	0	0	0	1	1	0	0
1	0	0	0	0	1	0	0	0	0
0	0	0	0	1	0	0	0	0	0
0	0	0	1	0	0	0	0	0	0
0	0	0	1	0	0	0	0	0	1
0	1	0	0	0	0	0	0	0	0
0	0	0	0	0	0	0	1	0	0

25	16
22	23
21	17
18	22
18	15
15	19
22	23
16	16
16	25
21	17

8	12
9	8
6	3
5	12
5	11
0	5
6	10
2	9
10	12
11	9
