0	1	0	0	0	0	0	0	0	0
1	0	1	0	0	0	0	0	0	0
0	1	0	1	1	0	0	1	0	0
0	0	1	0	0	0	0	0	1	0
0	0	1	0	0	1	1	0	0	0
0	0	0	0	1	0	0	0	0	0
0	0	0	0	1	0	0	0	0	1
0	0	1	0	0	0	0	0	0	0
0	0	0	1	0	0	0	0	0	0
0	0	0	0	0	0	1	0	0	0

0	15	0	0	0	0	0	0	0	0
15	0	15	0	0	0	0	0	0	0
0	15	0	15	15	0	0	15	0	0
0	0	15	0	0	0	0	0	15	0
0	0	15	0	0	15	15	0	0	0
0	0	0	0	15	0	0	0	0	0
0	0	0	0	15	0	0	0	0	15
0	0	15	0	0	0	0	0	0	0
0	0	0	15	0	0	0	0	0	0
0	0	0	0	0	0	15	0	0	0

0	1	0	0	0	0	0	0	0	0
1	0	1	0	0	0	0	0	0	0
0	1	0	1	1	0	0	1	0	0
0	0	1	0	0	0	0	0	1	0
0	0	1	0	0	1	1	0	0	0
0	0	0	0	1	0	0	0	0	0
0	0	0	0	1	0	0	0	0	1
0	0	1	0	0	0	0	0	0	0
0	0	0	1	0	0	0	0	0	0
0	0	0	0	0	0	1	0	0	0

0	1	0	0	0	0	0	0	0	0
1	0	1	0	0	0	0	0	0	0
0	1	0	1	1	0	0	1	0	0
0	0	1	0	0	0	0	0	1	0
0	0	1	0	0	1	1	0	0	0
0	0	0	0	1	0	0	0	0	0
0	0	0	0	1	0	0	0	0	1
0	0	1	0	0	0	0	0	0	0
0	0	0	1	0	0	0	0	0	0
0	0	0	0	0	0	1	0	0	0

18	19
21	20
19	22
20	25
22	25
16	22
17	23
20	19
20	21
17	19

3	13
0	11
6	7
7	2
1	5
13	8
13	0
13	11
12	0
4	8
