0	1	1	0	1	1	0	0	0	0
1	0	0	0	0	0	1	0	0	0
1	0	0	1	0	0	0	1	1	0
0	0	1	0	0	0	0	0	0	0
1	0	0	0	0	0	0	0	0	0
1	0	0	0	0	0	0	0	0	1
0	1	0	0	0	0	0	0	0	0
0	0	1	0	0	0	0	0	0	0
0	0	1	0	0	0	0	0	0	0
0	0	0	0	0	1	0	0	0	0

0	15	15	0	15	15	0	0	0	0
15	0	0	0	0	0	15	0	0	0
15	0	0	15	0	0	0	15	15	0
0	0	15	0	0	0	0	0	0	0
15	0	0	0	0	0	0	0	0	0
15	0	0	0	0	0	0	0	0	15
0	15	0	0	0	0	0	0	0	0
0	0	15	0	0	0	0	0	0	0
0	0	15	0	0	0	0	0	0	0
0	0	0	0	0	15	0	0	0	0

0	1	1	0	1	1	0	0	0	0
1	0	0	0	0	0	1	0	0	0
1	0	0	1	0	0	0	1	1	0
0	0	1	0	0	0	0	0	0	0
1	0	0	0	0	0	0	0	0	0
1	0	0	0	0	0	0	0	0	1
0	1	0	0	0	0	0	0	0	0
0	0	1	0	0	0	0	0	0	0
0	0	1	0	0	0	0	0	0	0
0	0	0	0	0	1	0	0	0	0

0	1	1	0	1	1	0	0	0	0
1	0	0	0	0	0	1	0	0	0
1	0	0	1	0	0	0	1	1	0
0	0	1	0	0	0	0	0	0	0
1	0	0	0	0	0	0	0	0	0
1	0	0	0	0	0	0	0	0	1
0	1	0	0	0	0	0	0	0	0
0	0	1	0	0	0	0	0	0	0
0	0	1	0	0	0	0	0	0	0
0	0	0	0	0	1	0	0	0	0

20	18
17	19
18	17
21	23
23	17
19	22
24	20
23	24
22	25
23	15

1	7
7	11
3	8
6	13
1	5
5	4
13	4
0	9
3	4
8	12
