0	1	0	0	1	0	0	0	0	0
1	0	1	1	0	1	0	0	0	0
0	1	0	0	0	0	0	0	0	1
0	1	0	0	0	0	1	0	0	0
1	0	0	0	0	0	0	1	0	0
0	1	0	0	0	0	0	0	0	0
0	0	0	1	0	0	0	0	0	0
0	0	0	0	1	0	0	0	1	0
0	0	0	0	0	0	0	1	0	0
0	0	1	0	0	0	0	0	0	0

0	25	0	0	25	0	0	0	0	0
25	0	25	25	0	25	0	0	0	0
0	25	0	0	0	0	0	0	0	25
0	25	0	0	0	0	25	0	0	0
25	0	0	0	0	0	0	25	0	0
0	25	0	0	0	0	0	0	0	0
0	0	0	25	0	0	0	0	0	0
0	0	0	0	25	0	0	0	25	0
0	0	0	0	0	0	0	25	0	0
0	0	25	0	0	0	0	0	0	0

0	1	0	0	1	0	0	0	0	0
1	0	1	1	0	1	0	0	0	0
0	1	0	0	0	0	0	0	0	1
0	1	0	0	0	0	1	0	0	0
1	0	0	0	0	0	0	1	0	0
0	1	0	0	0	0	0	0	0	0
0	0	0	1	0	0	0	0	0	0
0	0	0	0	1	0	0	0	1	0
0	0	0	0	0	0	0	1	0	0
0	0	1	0	0	0	0	0	0	0

0	1	0	0	1	0	0	0	0	0
1	0	1	1	0	1	0	0	0	0
0	1	0	0	0	0	0	0	0	1
0	1	0	0	0	0	1	0	0	0
1	0	0	0	0	0	0	1	0	0
0	1	0	0	0	0	0	0	0	0
0	0	0	1	0	0	0	0	0	0
0	0	0	0	1	0	0	0	1	0
0	0	0	0	0	0	0	1	0	0
0	0	1	0	0	0	0	0	0	0

16	24
15	15
22	24
25	18
24	24
24	16
22	19
24	22
25	25
25	18

0	7
12	6
9	6
5	13
13	9
9	2
11	13
5	11
6	11
3	5
