0	1	1	0	0	0	0	0	0	0
1	0	0	0	0	0	0	1	0	0
1	0	0	1	1	0	0	0	0	0
0	0	1	0	0	0	1	0	0	0
0	0	1	0	0	1	0	0	1	0
0	0	0	0	1	0	0	0	0	0
0	0	0	1	0	0	0	0	0	1
0	1	0	0	0	0	0	0	0	0
0	0	0	0	1	0	0	0	0	0
0	0	0	0	0	0	1	0	0	0

0	15	15	0	0	0	0	0	0	0
15	0	0	0	0	0	0	15	0	0
15	0	0	15	15	0	0	0	0	0
0	0	15	0	0	0	15	0	0	0
0	0	15	0	0	15	0	0	15	0
0	0	0	0	15	0	0	0	0	0
0	0	0	15	0	0	0	0	0	15
0	15	0	0	0	0	0	0	0	0
0	0	0	0	15	0	0	0	0	0
0	0	0	0	0	0	15	0	0	0

0	1	1	0	0	0	0	0	0	0
1	0	0	0	0	0	0	1	0	0
1	0	0	1	1	0	0	0	0	0
0	0	1	0	0	0	1	0	0	0
0	0	1	0	0	1	0	0	1	0
0	0	0	0	1	0	0	0	0	0
0	0	0	1	0	0	0	0	0	1
0	1	0	0	0	0	0	0	0	0
0	0	0	0	1	0	0	0	0	0
0	0	0	0	0	0	1	0	0	0

0	1	1	0	0	0	0	0	0	0
1	0	0	0	0	0	0	1	0	0
1	0	0	1	1	0	0	0	0	0
0	0	1	0	0	0	1	0	0	0
0	0	1	0	0	1	0	0	1	0
0	0	0	0	1	0	0	0	0	0
0	0	0	1	0	0	0	0	0	1
0	1	0	0	0	0	0	0	0	0
0	0	0	0	1	0	0	0	0	0
0	0	0	0	0	0	1	0	0	0

17	22
16	25
21	23
21	17
20	15
16	16
16	22
24	17
15	23
23	16

1	9
0	6
11	12
7	0
4	3
0	3
2	13
10	9
0	9
11	13
