0	1	0	1	0	0	0	1	0	0
1	0	1	0	0	0	0	0	0	0
0	1	0	0	0	1	0	0	0	0
1	0	0	0	1	0	0	0	0	0
0	0	0	1	0	0	0	0	0	0
0	0	1	0	0	0	1	0	1	0
0	0	0	0	0	1	0	0	0	0
1	0	0	0	0	0	0	0	0	0
0	0	0	0	0	1	0	0	0	1
0	0	0	0	0	0	0	0	1	0

0	25	0	25	0	0	0	25	0	0
25	0	25	0	0	0	0	0	0	0
0	25	0	0	0	25	0	0	0	0
25	0	0	0	25	0	0	0	0	0
0	0	0	25	0	0	0	0	0	0
0	0	25	0	0	0	25	0	25	0
0	0	0	0	0	25	0	0	0	0
25	0	0	0	0	0	0	0	0	0
0	0	0	0	0	25	0	0	0	25
0	0	0	0	0	0	0	0	25	0

0	1	0	1	0	0	0	1	0	0
1	0	1	0	0	0	0	0	0	0
0	1	0	0	0	1	0	0	0	0
1	0	0	0	1	0	0	0	0	0
0	0	0	1	0	0	0	0	0	0
0	0	1	0	0	0	1	0	1	0
0	0	0	0	0	1	0	0	0	0
1	0	0	0	0	0	0	0	0	0
0	0	0	0	0	1	0	0	0	1
0	0	0	0	0	0	0	0	1	0

0	1	0	1	0	0	0	1	0	0
1	0	1	0	0	0	0	0	0	0
0	1	0	0	0	1	0	0	0	0
1	0	0	0	1	0	0	0	0	0
0	0	0	1	0	0	0	0	0	0
0	0	1	0	0	0	1	0	1	0
0	0	0	0	0	1	0	0	0	0
1	0	0	0	0	0	0	0	0	0
0	0	0	0	0	1	0	0	0	1
0	0	0	0	0	0	0	0	1	0

18	16
15	17
20	23
21	18
18	21
17	21
17	22
23	20
23	18
16	19

13	11
13	0
4	13
4	5
9	1
4	8
5	1
12	1
0	10
4	7
