0	1	1	0	0	0	0	0	0
1	0	0	0	0	1	1	1	0
1	0	0	1	1	0	0	0	0
0	0	1	0	0	0	0	0	0
0	0	1	0	0	0	0	0	1
0	1	0	0	0	0	0	0	0
0	1	0	0	0	0	0	0	0
0	1	0	0	0	0	0	0	0
0	0	0	0	1	0	0	0	0

0	25	25	0	0	0	0	0	0
25	0	0	0	0	25	25	25	0
25	0	0	25	25	0	0	0	0
0	0	25	0	0	0	0	0	0
0	0	25	0	0	0	0	0	25
0	25	0	0	0	0	0	0	0
0	25	0	0	0	0	0	0	0
0	25	0	0	0	0	0	0	0
0	0	0	0	25	0	0	0	0

0	1	1	0	0	0	0	0	0
1	0	0	0	0	1	1	1	0
1	0	0	1	1	0	0	0	0
0	0	1	0	0	0	0	0	0
0	0	1	0	0	0	0	0	1
0	1	0	0	0	0	0	0	0
0	1	0	0	0	0	0	0	0
0	1	0	0	0	0	0	0	0
0	0	0	0	1	0	0	0	0

0	1	1	0	0	0	0	0	0
1	0	0	0	0	1	1	1	0
1	0	0	1	1	0	0	0	0
0	0	1	0	0	0	0	0	0
0	0	1	0	0	0	0	0	1
0	1	0	0	0	0	0	0	0
0	1	0	0	0	0	0	0	0
0	1	0	0	0	0	0	0	0
0	0	0	0	1	0	0	0	0

23	18
20	21
18	24
17	20
24	19
21	19
25	23
25	22
19	22

8	6
13	5
11	0
0	4
13	5
0	11
10	4
0	4
11	10
