0	1	1	0	0	0	0	0	1	0
1	0	0	0	0	0	1	0	0	1
1	0	0	1	1	1	0	0	0	0
0	0	1	0	0	0	0	0	0	0
0	0	1	0	0	0	0	1	0	0
0	0	1	0	0	0	0	0	0	0
0	1	0	0	0	0	0	0	0	0
0	0	0	0	1	0	0	0	0	0
1	0	0	0	0	0	0	0	0	0
0	1	0	0	0	0	0	0	0	0

0	20	20	0	0	0	0	0	20	0
20	0	0	0	0	0	20	0	0	20
20	0	0	20	20	20	0	0	0	0
0	0	20	0	0	0	0	0	0	0
0	0	20	0	0	0	0	20	0	0
0	0	20	0	0	0	0	0	0	0
0	20	0	0	0	0	0	0	0	0
0	0	0	0	20	0	0	0	0	0
20	0	0	0	0	0	0	0	0	0
0	20	0	0	0	0	0	0	0	0

0	1	1	0	0	0	0	0	1	0
1	0	0	0	0	0	1	0	0	1
1	0	0	1	1	1	0	0	0	0
0	0	1	0	0	0	0	0	0	0
0	0	1	0	0	0	0	1	0	0
0	0	1	0	0	0	0	0	0	0
0	1	0	0	0	0	0	0	0	0
0	0	0	0	1	0	0	0	0	0
1	0	0	0	0	0	0	0	0	0
0	1	0	0	0	0	0	0	0	0

0	1	1	0	0	0	0	0	1	0
1	0	0	0	0	0	1	0	0	1
1	0	0	1	1	1	0	0	0	0
0	0	1	0	0	0	0	0	0	0
0	0	1	0	0	0	0	1	0	0
0	0	1	0	0	0	0	0	0	0
0	1	0	0	0	0	0	0	0	0
0	0	0	0	1	0	0	0	0	0
1	0	0	0	0	0	0	0	0	0
0	1	0	0	0	0	0	0	0	0

25	20
15	19
18	18
19	25
19	16
22	18
18	18
23	17
22	18
25	21

9	10
10	1
0	12
6	2
9	7
13	10
5	3
0	10
9	1
12	0
