0	1	0	0	0	1	0	0
1	0	1	1	0	0	0	0
0	1	0	0	1	0	0	0
0	1	0	0	0	0	0	0
0	0	1	0	0	0	0	1
1	0	0	0	0	0	1	0
0	0	0	0	0	1	0	0
0	0	0	0	1	0	0	0

0	15	0	0	0	15	0	0
15	0	15	15	0	0	0	0
0	15	0	0	15	0	0	0
0	15	0	0	0	0	0	0
0	0	15	0	0	0	0	15
15	0	0	0	0	0	15	0
0	0	0	0	0	15	0	0
0	0	0	0	15	0	0	0

0	1	0	0	0	1	0	0
1	0	1	1	0	0	0	0
0	1	0	0	1	0	0	0
0	1	0	0	0	0	0	0
0	0	1	0	0	0	0	1
1	0	0	0	0	0	1	0
0	0	0	0	0	1	0	0
0	0	0	0	1	0	0	0

0	1	0	0	0	1	0	0
1	0	1	1	0	0	0	0
0	1	0	0	1	0	0	0
0	1	0	0	0	0	0	0
0	0	1	0	0	0	0	1
1	0	0	0	0	0	1	0
0	0	0	0	0	1	0	0
0	0	0	0	1	0	0	0

19	17
18	21
19	24
16	18
17	16
24	22
25	22
24	16

12	4
5	12
5	12
0	4
7	6
2	6
3	7
7	10
