0	1	1	0	1	1	0	0
1	0	0	1	0	0	0	0
1	0	0	0	0	0	0	0
0	1	0	0	0	0	0	0
1	0	0	0	0	0	1	0
1	0	0	0	0	0	0	0
0	0	0	0	1	0	0	1
0	0	0	0	0	0	1	0

0	5	5	0	5	5	0	0
5	0	0	5	0	0	0	0
5	0	0	0	0	0	0	0
0	5	0	0	0	0	0	0
5	0	0	0	0	0	5	0
5	0	0	0	0	0	0	0
0	0	0	0	5	0	0	5
0	0	0	0	0	0	5	0

0	1	1	0	1	1	0	0
1	0	0	1	0	0	0	0
1	0	0	0	0	0	0	0
0	1	0	0	0	0	0	0
1	0	0	0	0	0	1	0
1	0	0	0	0	0	0	0
0	0	0	0	1	0	0	1
0	0	0	0	0	0	1	0

0	1	1	0	1	1	0	0
1	0	0	1	0	0	0	0
1	0	0	0	0	0	0	0
0	1	0	0	0	0	0	0
1	0	0	0	0	0	1	0
1	0	0	0	0	0	0	0
0	0	0	0	1	0	0	1
0	0	0	0	0	0	1	0

18	19
19	16
21	22
15	18
19	22
20	15
18	22
23	18

11	9
10	7
1	0
9	8
3	8
10	1
9	8
12	9
