0	1	1	1	0	0	1	1	0
1	0	0	0	1	0	0	0	0
1	0	0	0	0	0	0	0	0
1	0	0	0	0	0	0	0	0
0	1	0	0	0	1	0	0	0
0	0	0	0	1	0	0	0	0
1	0	0	0	0	0	0	0	1
1	0	0	0	0	0	0	0	0
0	0	0	0	0	0	1	0	0

0	20	20	20	0	0	20	20	0
20	0	0	0	20	0	0	0	0
20	0	0	0	0	0	0	0	0
20	0	0	0	0	0	0	0	0
0	20	0	0	0	20	0	0	0
0	0	0	0	20	0	0	0	0
20	0	0	0	0	0	0	0	20
20	0	0	0	0	0	0	0	0
0	0	0	0	0	0	20	0	0

0	1	1	1	0	0	1	1	0
1	0	0	0	1	0	0	0	0
1	0	0	0	0	0	0	0	0
1	0	0	0	0	0	0	0	0
0	1	0	0	0	1	0	0	0
0	0	0	0	1	0	0	0	0
1	0	0	0	0	0	0	0	1
1	0	0	0	0	0	0	0	0
0	0	0	0	0	0	1	0	0

0	1	1	1	0	0	1	1	0
1	0	0	0	1	0	0	0	0
1	0	0	0	0	0	0	0	0
1	0	0	0	0	0	0	0	0
0	1	0	0	0	1	0	0	0
0	0	0	0	1	0	0	0	0
1	0	0	0	0	0	0	0	1
1	0	0	0	0	0	0	0	0
0	0	0	0	0	0	1	0	0

15	23
23	16
25	15
17	21
16	19
17	15
18	22
21	17
19	17

13	5
12	1
1	2
10	6
11	0
13	11
6	1
4	3
7	13
