0	1	0	1	0	1	0	0	0
1	0	1	0	0	0	0	0	0
0	1	0	0	1	0	0	0	0
1	0	0	0	0	0	0	0	0
0	0	1	0	0	0	1	1	0
1	0	0	0	0	0	0	0	0
0	0	0	0	1	0	0	0	0
0	0	0	0	1	0	0	0	1
0	0	0	0	0	0	0	1	0

0	25	0	25	0	25	0	0	0
25	0	25	0	0	0	0	0	0
0	25	0	0	25	0	0	0	0
25	0	0	0	0	0	0	0	0
0	0	25	0	0	0	25	25	0
25	0	0	0	0	0	0	0	0
0	0	0	0	25	0	0	0	0
0	0	0	0	25	0	0	0	25
0	0	0	0	0	0	0	25	0

0	1	0	1	0	1	0	0	0
1	0	1	0	0	0	0	0	0
0	1	0	0	1	0	0	0	0
1	0	0	0	0	0	0	0	0
0	0	1	0	0	0	1	1	0
1	0	0	0	0	0	0	0	0
0	0	0	0	1	0	0	0	0
0	0	0	0	1	0	0	0	1
0	0	0	0	0	0	0	1	0

0	1	0	1	0	1	0	0	0
1	0	1	0	0	0	0	0	0
0	1	0	0	1	0	0	0	0
1	0	0	0	0	0	0	0	0
0	0	1	0	0	0	1	1	0
1	0	0	0	0	0	0	0	0
0	0	0	0	1	0	0	0	0
0	0	0	0	1	0	0	0	1
0	0	0	0	0	0	0	1	0

18	18
22	18
20	17
22	20
18	16
16	16
16	20
19	25
25	21

0	13
2	9
9	3
13	4
4	8
13	8
7	13
4	3
10	13
