0	1	0	0	0	0	0	0	0
1	0	1	1	0	0	0	0	0
0	1	0	0	1	0	0	0	0
0	1	0	0	0	0	0	1	0
0	0	1	0	0	1	1	0	0
0	0	0	0	1	0	0	0	0
0	0	0	0	1	0	0	0	0
0	0	0	1	0	0	0	0	1
0	0	0	0	0	0	0	1	0

0	15	0	0	0	0	0	0	0
15	0	15	15	0	0	0	0	0
0	15	0	0	15	0	0	0	0
0	15	0	0	0	0	0	15	0
0	0	15	0	0	15	15	0	0
0	0	0	0	15	0	0	0	0
0	0	0	0	15	0	0	0	0
0	0	0	15	0	0	0	0	15
0	0	0	0	0	0	0	15	0

0	1	0	0	0	0	0	0	0
1	0	1	1	0	0	0	0	0
0	1	0	0	1	0	0	0	0
0	1	0	0	0	0	0	1	0
0	0	1	0	0	1	1	0	0
0	0	0	0	1	0	0	0	0
0	0	0	0	1	0	0	0	0
0	0	0	1	0	0	0	0	1
0	0	0	0	0	0	0	1	0

0	1	0	0	0	0	0	0	0
1	0	1	1	0	0	0	0	0
0	1	0	0	1	0	0	0	0
0	1	0	0	0	0	0	1	0
0	0	1	0	0	1	1	0	0
0	0	0	0	1	0	0	0	0
0	0	0	0	1	0	0	0	0
0	0	0	1	0	0	0	0	1
0	0	0	0	0	0	0	1	0

17	20
15	19
18	22
18	18
16	20
25	21
18	20
17	22
25	22

7	5
5	10
9	5
6	9
10	13
7	3
3	9
10	7
2	8
