0	1	0	0	0	0	1	0
1	0	1	0	0	1	0	0
0	1	0	1	1	0	0	0
0	0	1	0	0	0	0	0
0	0	1	0	0	0	0	1
0	1	0	0	0	0	0	0
1	0	0	0	0	0	0	0
0	0	0	0	1	0	0	0

0	5	0	0	0	0	5	0
5	0	5	0	0	5	0	0
0	5	0	5	5	0	0	0
0	0	5	0	0	0	0	0
0	0	5	0	0	0	0	5
0	5	0	0	0	0	0	0
5	0	0	0	0	0	0	0
0	0	0	0	5	0	0	0

0	1	0	0	0	0	1	0
1	0	1	0	0	1	0	0
0	1	0	1	1	0	0	0
0	0	1	0	0	0	0	0
0	0	1	0	0	0	0	1
0	1	0	0	0	0	0	0
1	0	0	0	0	0	0	0
0	0	0	0	1	0	0	0

0	1	0	0	0	0	1	0
1	0	1	0	0	1	0	0
0	1	0	1	1	0	0	0
0	0	1	0	0	0	0	0
0	0	1	0	0	0	0	1
0	1	0	0	0	0	0	0
1	0	0	0	0	0	0	0
0	0	0	0	1	0	0	0

20	24
20	25
18	22
22	17
24	17
20	17
23	25
18	23

8	6
12	2
2	4
13	6
2	6
8	10
12	7
3	2
