0	1	0	1	0	0	0	0
1	0	1	0	0	0	1	0
0	1	0	0	0	0	0	0
1	0	0	0	1	0	0	0
0	0	0	1	0	1	0	0
0	0	0	0	1	0	0	1
0	1	0	0	0	0	0	0
0	0	0	0	0	1	0	0

0	25	0	25	0	0	0	0
25	0	25	0	0	0	25	0
0	25	0	0	0	0	0	0
25	0	0	0	25	0	0	0
0	0	0	25	0	25	0	0
0	0	0	0	25	0	0	25
0	25	0	0	0	0	0	0
0	0	0	0	0	25	0	0

0	1	0	1	0	0	0	0
1	0	1	0	0	0	1	0
0	1	0	0	0	0	0	0
1	0	0	0	1	0	0	0
0	0	0	1	0	1	0	0
0	0	0	0	1	0	0	1
0	1	0	0	0	0	0	0
0	0	0	0	0	1	0	0

0	1	0	1	0	0	0	0
1	0	1	0	0	0	1	0
0	1	0	0	0	0	0	0
1	0	0	0	1	0	0	0
0	0	0	1	0	1	0	0
0	0	0	0	1	0	0	1
0	1	0	0	0	0	0	0
0	0	0	0	0	1	0	0

22	25
18	24
17	15
16	18
16	21
21	20
15	18
16	19

8	2
6	9
4	1
6	8
9	2
0	4
12	1
3	7
