0	1	0	1	0	0	0	0
1	0	1	0	0	0	1	0
0	1	0	0	0	0	0	0
1	0	0	0	1	0	0	0
0	0	0	1	0	1	0	1
0	0	0	0	1	0	0	0
0	1	0	0	0	0	0	0
0	0	0	0	1	0	0	0

0	20	0	20	0	0	0	0
20	0	20	0	0	0	20	0
0	20	0	0	0	0	0	0
20	0	0	0	20	0	0	0
0	0	0	20	0	20	0	20
0	0	0	0	20	0	0	0
0	20	0	0	0	0	0	0
0	0	0	0	20	0	0	0

0	1	0	1	0	0	0	0
1	0	1	0	0	0	1	0
0	1	0	0	0	0	0	0
1	0	0	0	1	0	0	0
0	0	0	1	0	1	0	1
0	0	0	0	1	0	0	0
0	1	0	0	0	0	0	0
0	0	0	0	1	0	0	0

0	1	0	1	0	0	0	0
1	0	1	0	0	0	1	0
0	1	0	0	0	0	0	0
1	0	0	0	1	0	0	0
0	0	0	1	0	1	0	1
0	0	0	0	1	0	0	0
0	1	0	0	0	0	0	0
0	0	0	0	1	0	0	0

17	24
25	18
21	21
23	18
18	15
20	16
25	23
20	20

4	1
1	12
6	12
3	10
7	2
6	5
13	4
11	2
