0	1	0	0	0	0	0	0	0	1
1	0	1	0	0	0	1	0	0	0
0	1	0	1	0	1	0	0	0	0
0	0	1	0	1	0	0	1	1	0
0	0	0	1	0	0	0	0	0	0
0	0	1	0	0	0	0	0	0	0
0	1	0	0	0	0	0	0	0	0
0	0	0	1	0	0	0	0	0	0
0	0	0	1	0	0	0	0	0	0
1	0	0	0	0	0	0	0	0	0

0	15	0	0	0	0	0	0	0	15
15	0	15	0	0	0	15	0	0	0
0	15	0	15	0	15	0	0	0	0
0	0	15	0	15	0	0	15	15	0
0	0	0	15	0	0	0	0	0	0
0	0	15	0	0	0	0	0	0	0
0	15	0	0	0	0	0	0	0	0
0	0	0	15	0	0	0	0	0	0
0	0	0	15	0	0	0	0	0	0
15	0	0	0	0	0	0	0	0	0

0	1	0	0	0	0	0	0	0	1
1	0	1	0	0	0	1	0	0	0
0	1	0	1	0	1	0	0	0	0
0	0	1	0	1	0	0	1	1	0
0	0	0	1	0	0	0	0	0	0
0	0	1	0	0	0	0	0	0	0
0	1	0	0	0	0	0	0	0	0
0	0	0	1	0	0	0	0	0	0
0	0	0	1	0	0	0	0	0	0
1	0	0	0	0	0	0	0	0	0

0	1	0	0	0	0	0	0	0	1
1	0	1	0	0	0	1	0	0	0
0	1	0	1	0	1	0	0	0	0
0	0	1	0	1	0	0	1	1	0
0	0	0	1	0	0	0	0	0	0
0	0	1	0	0	0	0	0	0	0
0	1	0	0	0	0	0	0	0	0
0	0	0	1	0	0	0	0	0	0
0	0	0	1	0	0	0	0	0	0
1	0	0	0	0	0	0	0	0	0

16	17
16	19
19	16
19	17
19	20
16	21
24	17
25	16
20	25
22	22

7	3
5	4
8	10
10	0
9	6
8	2
5	12
8	3
3	1
5	9
