0	1	1	1	0	0	0	0	0
1	0	0	0	0	0	0	0	0
1	0	0	0	1	1	0	0	1
1	0	0	0	0	0	1	0	0
0	0	1	0	0	0	0	0	0
0	0	1	0	0	0	0	1	0
0	0	0	1	0	0	0	0	0
0	0	0	0	0	1	0	0	0
0	0	1	0	0	0	0	0	0

0	15	15	15	0	0	0	0	0
15	0	0	0	0	0	0	0	0
15	0	0	0	15	15	0	0	15
15	0	0	0	0	0	15	0	0
0	0	15	0	0	0	0	0	0
0	0	15	0	0	0	0	15	0
0	0	0	15	0	0	0	0	0
0	0	0	0	0	15	0	0	0
0	0	15	0	0	0	0	0	0

0	1	1	1	0	0	0	0	0
1	0	0	0	0	0	0	0	0
1	0	0	0	1	1	0	0	1
1	0	0	0	0	0	1	0	0
0	0	1	0	0	0	0	0	0
0	0	1	0	0	0	0	1	0
0	0	0	1	0	0	0	0	0
0	0	0	0	0	1	0	0	0
0	0	1	0	0	0	0	0	0

0	1	1	1	0	0	0	0	0
1	0	0	0	0	0	0	0	0
1	0	0	0	1	1	0	0	1
1	0	0	0	0	0	1	0	0
0	0	1	0	0	0	0	0	0
0	0	1	0	0	0	0	1	0
0	0	0	1	0	0	0	0	0
0	0	0	0	0	1	0	0	0
0	0	1	0	0	0	0	0	0

22	21
16	19
21	22
21	16
24	20
20	23
20	19
16	15
20	16

11	6
6	2
7	6
5	12
2	11
4	6
12	3
9	7
0	11
