0	1	0	0	0	0	0	0	0
1	0	1	0	0	0	0	0	1
0	1	0	1	0	0	0	0	0
0	0	1	0	1	1	1	0	0
0	0	0	1	0	0	0	1	0
0	0	0	1	0	0	0	0	0
0	0	0	1	0	0	0	0	0
0	0	0	0	1	0	0	0	0
0	1	0	0	0	0	0	0	0

0	5	0	0	0	0	0	0	0
5	0	5	0	0	0	0	0	5
0	5	0	5	0	0	0	0	0
0	0	5	0	5	5	5	0	0
0	0	0	5	0	0	0	5	0
0	0	0	5	0	0	0	0	0
0	0	0	5	0	0	0	0	0
0	0	0	0	5	0	0	0	0
0	5	0	0	0	0	0	0	0

0	1	0	0	0	0	0	0	0
1	0	1	0	0	0	0	0	1
0	1	0	1	0	0	0	0	0
0	0	1	0	1	1	1	0	0
0	0	0	1	0	0	0	1	0
0	0	0	1	0	0	0	0	0
0	0	0	1	0	0	0	0	0
0	0	0	0	1	0	0	0	0
0	1	0	0	0	0	0	0	0

0	1	0	0	0	0	0	0	0
1	0	1	0	0	0	0	0	1
0	1	0	1	0	0	0	0	0
0	0	1	0	1	1	1	0	0
0	0	0	1	0	0	0	1	0
0	0	0	1	0	0	0	0	0
0	0	0	1	0	0	0	0	0
0	0	0	0	1	0	0	0	0
0	1	0	0	0	0	0	0	0

23	19
18	19
24	15
24	23
21	16
24	25
20	22
25	21
22	24

3	6
4	12
7	6
7	8
1	12
1	3
6	3
7	12
3	10
