0	1	1	1	0	0	0	0
1	0	0	0	0	0	0	0
1	0	0	0	1	1	0	1
1	0	0	0	0	0	0	0
0	0	1	0	0	0	1	0
0	0	1	0	0	0	0	0
0	0	0	0	1	0	0	0
0	0	1	0	0	0	0	0

0	5	5	5	0	0	0	0
5	0	0	0	0	0	0	0
5	0	0	0	5	5	0	5
5	0	0	0	0	0	0	0
0	0	5	0	0	0	5	0
0	0	5	0	0	0	0	0
0	0	0	0	5	0	0	0
0	0	5	0	0	0	0	0

0	1	1	1	0	0	0	0
1	0	0	0	0	0	0	0
1	0	0	0	1	1	0	1
1	0	0	0	0	0	0	0
0	0	1	0	0	0	1	0
0	0	1	0	0	0	0	0
0	0	0	0	1	0	0	0
0	0	1	0	0	0	0	0

0	1	1	1	0	0	0	0
1	0	0	0	0	0	0	0
1	0	0	0	1	1	0	1
1	0	0	0	0	0	0	0
0	0	1	0	0	0	1	0
0	0	1	0	0	0	0	0
0	0	0	0	1	0	0	0
0	0	1	0	0	0	0	0

24	20
21	25
15	16
25	21
25	18
17	24
25	16
20	18

2	3
8	7
3	11
10	1
6	11
0	9
5	10
13	12
