0	1	1	1	1	0	0	0	0
1	0	0	0	0	0	0	0	0
1	0	0	0	0	0	1	0	0
1	0	0	0	0	0	0	0	1
1	0	0	0	0	1	0	0	0
0	0	0	0	1	0	0	0	0
0	0	1	0	0	0	0	1	0
0	0	0	0	0	0	1	0	0
0	0	0	1	0	0	0	0	0

0	25	25	25	25	0	0	0	0
25	0	0	0	0	0	0	0	0
25	0	0	0	0	0	25	0	0
25	0	0	0	0	0	0	0	25
25	0	0	0	0	25	0	0	0
0	0	0	0	25	0	0	0	0
0	0	25	0	0	0	0	25	0
0	0	0	0	0	0	25	0	0
0	0	0	25	0	0	0	0	0

0	1	1	1	1	0	0	0	0
1	0	0	0	0	0	0	0	0
1	0	0	0	0	0	1	0	0
1	0	0	0	0	0	0	0	1
1	0	0	0	0	1	0	0	0
0	0	0	0	1	0	0	0	0
0	0	1	0	0	0	0	1	0
0	0	0	0	0	0	1	0	0
0	0	0	1	0	0	0	0	0

0	1	1	1	1	0	0	0	0
1	0	0	0	0	0	0	0	0
1	0	0	0	0	0	1	0	0
1	0	0	0	0	0	0	0	1
1	0	0	0	0	1	0	0	0
0	0	0	0	1	0	0	0	0
0	0	1	0	0	0	0	1	0
0	0	0	0	0	0	1	0	0
0	0	0	1	0	0	0	0	0

17	16
17	18
15	21
20	22
19	25
23	17
20	20
21	25
20	16

7	2
12	2
12	11
10	11
10	8
0	12
12	10
8	1
3	1
