0	1	0	0	0	0	0	0	0	0
1	0	1	0	0	0	0	1	1	0
0	1	0	1	0	0	0	0	0	0
0	0	1	0	1	0	0	0	0	0
0	0	0	1	0	1	1	0	0	0
0	0	0	0	1	0	0	0	0	0
0	0	0	0	1	0	0	0	0	1
0	1	0	0	0	0	0	0	0	0
0	1	0	0	0	0	0	0	0	0
0	0	0	0	0	0	1	0	0	0

0	5	0	0	0	0	0	0	0	0
5	0	5	0	0	0	0	5	5	0
0	5	0	5	0	0	0	0	0	0
0	0	5	0	5	0	0	0	0	0
0	0	0	5	0	5	5	0	0	0
0	0	0	0	5	0	0	0	0	0
0	0	0	0	5	0	0	0	0	5
0	5	0	0	0	0	0	0	0	0
0	5	0	0	0	0	0	0	0	0
0	0	0	0	0	0	5	0	0	0

0	1	0	0	0	0	0	0	0	0
1	0	1	0	0	0	0	1	1	0
0	1	0	1	0	0	0	0	0	0
0	0	1	0	1	0	0	0	0	0
0	0	0	1	0	1	1	0	0	0
0	0	0	0	1	0	0	0	0	0
0	0	0	0	1	0	0	0	0	1
0	1	0	0	0	0	0	0	0	0
0	1	0	0	0	0	0	0	0	0
0	0	0	0	0	0	1	0	0	0

0	1	0	0	0	0	0	0	0	0
1	0	1	0	0	0	0	1	1	0
0	1	0	1	0	0	0	0	0	0
0	0	1	0	1	0	0	0	0	0
0	0	0	1	0	1	1	0	0	0
0	0	0	0	1	0	0	0	0	0
0	0	0	0	1	0	0	0	0	1
0	1	0	0	0	0	0	0	0	0
0	1	0	0	0	0	0	0	0	0
0	0	0	0	0	0	1	0	0	0

23	23
21	20
21	18
23	19
16	15
21	15
16	18
15	25
20	17
20	16

4	12
2	12
12	8
2	6
6	11
10	0
3	9
12	4
0	12
4	0
