0	1	0	0	0	0	0	0	0
1	0	1	1	0	0	0	0	1
0	1	0	0	1	1	0	0	0
0	1	0	0	0	0	1	0	0
0	0	1	0	0	0	0	0	0
0	0	1	0	0	0	0	1	0
0	0	0	1	0	0	0	0	0
0	0	0	0	0	1	0	0	0
0	1	0	0	0	0	0	0	0

0	5	0	0	0	0	0	0	0
5	0	5	5	0	0	0	0	5
0	5	0	0	5	5	0	0	0
0	5	0	0	0	0	5	0	0
0	0	5	0	0	0	0	0	0
0	0	5	0	0	0	0	5	0
0	0	0	5	0	0	0	0	0
0	0	0	0	0	5	0	0	0
0	5	0	0	0	0	0	0	0

0	1	0	0	0	0	0	0	0
1	0	1	1	0	0	0	0	1
0	1	0	0	1	1	0	0	0
0	1	0	0	0	0	1	0	0
0	0	1	0	0	0	0	0	0
0	0	1	0	0	0	0	1	0
0	0	0	1	0	0	0	0	0
0	0	0	0	0	1	0	0	0
0	1	0	0	0	0	0	0	0

0	1	0	0	0	0	0	0	0
1	0	1	1	0	0	0	0	1
0	1	0	0	1	1	0	0	0
0	1	0	0	0	0	1	0	0
0	0	1	0	0	0	0	0	0
0	0	1	0	0	0	0	1	0
0	0	0	1	0	0	0	0	0
0	0	0	0	0	1	0	0	0
0	1	0	0	0	0	0	0	0

20	24
22	16
25	15
24	20
25	23
21	22
16	18
25	24
21	18

2	10
9	7
6	9
11	6
9	7
12	3
8	6
7	12
8	6
