0	1	0	1	1	0	0	0	0
1	0	1	0	0	0	0	0	0
0	1	0	0	0	1	0	0	1
1	0	0	0	0	0	0	0	0
1	0	0	0	0	0	1	0	0
0	0	1	0	0	0	0	1	0
0	0	0	0	1	0	0	0	0
0	0	0	0	0	1	0	0	0
0	0	1	0	0	0	0	0	0

0	10	0	10	10	0	0	0	0
10	0	10	0	0	0	0	0	0
0	10	0	0	0	10	0	0	10
10	0	0	0	0	0	0	0	0
10	0	0	0	0	0	10	0	0
0	0	10	0	0	0	0	10	0
0	0	0	0	10	0	0	0	0
0	0	0	0	0	10	0	0	0
0	0	10	0	0	0	0	0	0

0	1	0	1	1	0	0	0	0
1	0	1	0	0	0	0	0	0
0	1	0	0	0	1	0	0	1
1	0	0	0	0	0	0	0	0
1	0	0	0	0	0	1	0	0
0	0	1	0	0	0	0	1	0
0	0	0	0	1	0	0	0	0
0	0	0	0	0	1	0	0	0
0	0	1	0	0	0	0	0	0

0	1	0	1	1	0	0	0	0
1	0	1	0	0	0	0	0	0
0	1	0	0	0	1	0	0	1
1	0	0	0	0	0	0	0	0
1	0	0	0	0	0	1	0	0
0	0	1	0	0	0	0	1	0
0	0	0	0	1	0	0	0	0
0	0	0	0	0	1	0	0	0
0	0	1	0	0	0	0	0	0

18	16
20	15
22	25
24	24
22	21
22	15
16	23
20	15
19	20

13	8
4	9
10	7
9	5
8	12
5	4
7	10
12	11
0	2
