0	1	0	0	1	0	0	0	0	0
1	0	1	1	0	1	1	0	0	0
0	1	0	0	0	0	0	0	0	0
0	1	0	0	0	0	0	0	0	0
1	0	0	0	0	0	0	0	0	0
0	1	0	0	0	0	0	1	0	0
0	1	0	0	0	0	0	0	1	0
0	0	0	0	0	1	0	0	0	0
0	0	0	0	0	0	1	0	0	1
0	0	0	0	0	0	0	0	1	0

0	20	0	0	20	0	0	0	0	0
20	0	20	20	0	20	20	0	0	0
0	20	0	0	0	0	0	0	0	0
0	20	0	0	0	0	0	0	0	0
20	0	0	0	0	0	0	0	0	0
0	20	0	0	0	0	0	20	0	0
0	20	0	0	0	0	0	0	20	0
0	0	0	0	0	20	0	0	0	0
0	0	0	0	0	0	20	0	0	20
0	0	0	0	0	0	0	0	20	0

0	1	0	0	1	0	0	0	0	0
1	0	1	1	0	1	1	0	0	0
0	1	0	0	0	0	0	0	0	0
0	1	0	0	0	0	0	0	0	0
1	0	0	0	0	0	0	0	0	0
0	1	0	0	0	0	0	1	0	0
0	1	0	0	0	0	0	0	1	0
0	0	0	0	0	1	0	0	0	0
0	0	0	0	0	0	1	0	0	1
0	0	0	0	0	0	0	0	1	0

0	1	0	0	1	0	0	0	0	0
1	0	1	1	0	1	1	0	0	0
0	1	0	0	0	0	0	0	0	0
0	1	0	0	0	0	0	0	0	0
1	0	0	0	0	0	0	0	0	0
0	1	0	0	0	0	0	1	0	0
0	1	0	0	0	0	0	0	1	0
0	0	0	0	0	1	0	0	0	0
0	0	0	0	0	0	1	0	0	1
0	0	0	0	0	0	0	0	1	0

24	20
18	23
25	25
24	24
22	17
18	24
25	15
22	25
15	18
25	21

6	9
9	2
9	5
10	4
6	13
5	9
8	11
2	10
3	12
7	13
