0	1	1	0	0	0	1	0	0	1
1	0	0	0	0	0	0	0	0	0
1	0	0	1	1	1	0	1	1	0
0	0	1	0	0	0	0	0	0	0
0	0	1	0	0	0	0	0	0	0
0	0	1	0	0	0	0	0	0	0
1	0	0	0	0	0	0	0	0	0
0	0	1	0	0	0	0	0	0	0
0	0	1	0	0	0	0	0	0	0
1	0	0	0	0	0	0	0	0	0

0	20	20	0	0	0	20	0	0	20
20	0	0	0	0	0	0	0	0	0
20	0	0	20	20	20	0	20	20	0
0	0	20	0	0	0	0	0	0	0
0	0	20	0	0	0	0	0	0	0
0	0	20	0	0	0	0	0	0	0
20	0	0	0	0	0	0	0	0	0
0	0	20	0	0	0	0	0	0	0
0	0	20	0	0	0	0	0	0	0
20	0	0	0	0	0	0	0	0	0

0	1	1	0	0	0	1	0	0	1
1	0	0	0	0	0	0	0	0	0
1	0	0	1	1	1	0	1	1	0
0	0	1	0	0	0	0	0	0	0
0	0	1	0	0	0	0	0	0	0
0	0	1	0	0	0	0	0	0	0
1	0	0	0	0	0	0	0	0	0
0	0	1	0	0	0	0	0	0	0
0	0	1	0	0	0	0	0	0	0
1	0	0	0	0	0	0	0	0	0

0	1	1	0	0	0	1	0	0	1
1	0	0	0	0	0	0	0	0	0
1	0	0	1	1	1	0	1	1	0
0	0	1	0	0	0	0	0	0	0
0	0	1	0	0	0	0	0	0	0
0	0	1	0	0	0	0	0	0	0
1	0	0	0	0	0	0	0	0	0
0	0	1	0	0	0	0	0	0	0
0	0	1	0	0	0	0	0	0	0
1	0	0	0	0	0	0	0	0	0

24	22
24	20
23	20
22	23
18	24
21	24
17	24
25	19
19	22
21	17

8	3
0	4
0	9
13	1
8	6
12	1
2	3
0	1
12	13
3	10
