0	1	0	0	0	0	1	0	0	0
1	0	1	1	1	1	0	0	0	0
0	1	0	0	0	0	0	0	0	0
0	1	0	0	0	0	0	0	0	0
0	1	0	0	0	0	0	0	1	0
0	1	0	0	0	0	0	1	0	1
1	0	0	0	0	0	0	0	0	0
0	0	0	0	0	1	0	0	0	0
0	0	0	0	1	0	0	0	0	0
0	0	0	0	0	1	0	0	0	0

0	20	0	0	0	0	20	0	0	0
20	0	20	20	20	20	0	0	0	0
0	20	0	0	0	0	0	0	0	0
0	20	0	0	0	0	0	0	0	0
0	20	0	0	0	0	0	0	20	0
0	20	0	0	0	0	0	20	0	20
20	0	0	0	0	0	0	0	0	0
0	0	0	0	0	20	0	0	0	0
0	0	0	0	20	0	0	0	0	0
0	0	0	0	0	20	0	0	0	0

0	1	0	0	0	0	1	0	0	0
1	0	1	1	1	1	0	0	0	0
0	1	0	0	0	0	0	0	0	0
0	1	0	0	0	0	0	0	0	0
0	1	0	0	0	0	0	0	1	0
0	1	0	0	0	0	0	1	0	1
1	0	0	0	0	0	0	0	0	0
0	0	0	0	0	1	0	0	0	0
0	0	0	0	1	0	0	0	0	0
0	0	0	0	0	1	0	0	0	0

0	1	0	0	0	0	1	0	0	0
1	0	1	1	1	1	0	0	0	0
0	1	0	0	0	0	0	0	0	0
0	1	0	0	0	0	0	0	0	0
0	1	0	0	0	0	0	0	1	0
0	1	0	0	0	0	0	1	0	1
1	0	0	0	0	0	0	0	0	0
0	0	0	0	0	1	0	0	0	0
0	0	0	0	1	0	0	0	0	0
0	0	0	0	0	1	0	0	0	0

19	19
16	16
15	24
16	15
23	15
17	24
18	15
24	17
21	21
23	17

13	7
10	1
9	5
3	0
2	4
11	4
12	6
4	13
4	1
4	1
