0	1	0	0	0	0	0	1	1	0
1	0	1	1	0	1	0	0	0	0
0	1	0	0	1	0	0	0	0	0
0	1	0	0	0	0	0	0	0	0
0	0	1	0	0	0	0	0	0	0
0	1	0	0	0	0	1	0	0	1
0	0	0	0	0	1	0	0	0	0
1	0	0	0	0	0	0	0	0	0
1	0	0	0	0	0	0	0	0	0
0	0	0	0	0	1	0	0	0	0

0	10	0	0	0	0	0	10	10	0
10	0	10	10	0	10	0	0	0	0
0	10	0	0	10	0	0	0	0	0
0	10	0	0	0	0	0	0	0	0
0	0	10	0	0	0	0	0	0	0
0	10	0	0	0	0	10	0	0	10
0	0	0	0	0	10	0	0	0	0
10	0	0	0	0	0	0	0	0	0
10	0	0	0	0	0	0	0	0	0
0	0	0	0	0	10	0	0	0	0

0	1	0	0	0	0	0	1	1	0
1	0	1	1	0	1	0	0	0	0
0	1	0	0	1	0	0	0	0	0
0	1	0	0	0	0	0	0	0	0
0	0	1	0	0	0	0	0	0	0
0	1	0	0	0	0	1	0	0	1
0	0	0	0	0	1	0	0	0	0
1	0	0	0	0	0	0	0	0	0
1	0	0	0	0	0	0	0	0	0
0	0	0	0	0	1	0	0	0	0

0	1	0	0	0	0	0	1	1	0
1	0	1	1	0	1	0	0	0	0
0	1	0	0	1	0	0	0	0	0
0	1	0	0	0	0	0	0	0	0
0	0	1	0	0	0	0	0	0	0
0	1	0	0	0	0	1	0	0	1
0	0	0	0	0	1	0	0	0	0
1	0	0	0	0	0	0	0	0	0
1	0	0	0	0	0	0	0	0	0
0	0	0	0	0	1	0	0	0	0

17	15
24	23
16	24
20	25
25	20
17	18
25	18
23	15
22	17
16	17

0	13
4	0
11	6
8	9
1	9
2	13
0	13
12	4
2	12
2	7
