0	1	1	0	0	0	0	0	0
1	0	0	1	0	0	0	0	0
1	0	0	0	0	1	0	1	1
0	1	0	0	1	0	0	0	0
0	0	0	1	0	0	0	0	0
0	0	1	0	0	0	1	0	0
0	0	0	0	0	1	0	0	0
0	0	1	0	0	0	0	0	0
0	0	1	0	0	0	0	0	0

0	25	25	0	0	0	0	0	0
25	0	0	25	0	0	0	0	0
25	0	0	0	0	25	0	25	25
0	25	0	0	25	0	0	0	0
0	0	0	25	0	0	0	0	0
0	0	25	0	0	0	25	0	0
0	0	0	0	0	25	0	0	0
0	0	25	0	0	0	0	0	0
0	0	25	0	0	0	0	0	0

0	1	1	0	0	0	0	0	0
1	0	0	1	0	0	0	0	0
1	0	0	0	0	1	0	1	1
0	1	0	0	1	0	0	0	0
0	0	0	1	0	0	0	0	0
0	0	1	0	0	0	1	0	0
0	0	0	0	0	1	0	0	0
0	0	1	0	0	0	0	0	0
0	0	1	0	0	0	0	0	0

0	1	1	0	0	0	0	0	0
1	0	0	1	0	0	0	0	0
1	0	0	0	0	1	0	1	1
0	1	0	0	1	0	0	0	0
0	0	0	1	0	0	0	0	0
0	0	1	0	0	0	1	0	0
0	0	0	0	0	1	0	0	0
0	0	1	0	0	0	0	0	0
0	0	1	0	0	0	0	0	0

18	24
23	22
21	15
17	22
24	15
16	23
24	20
16	20
23	23

8	0
11	13
7	6
11	6
13	2
10	2
8	11
11	8
1	7
