0	1	0	0	0	0	0	0
1	0	1	0	0	1	1	1
0	1	0	1	1	0	0	0
0	0	1	0	0	0	0	0
0	0	1	0	0	0	0	0
0	1	0	0	0	0	0	0
0	1	0	0	0	0	0	0
0	1	0	0	0	0	0	0

0	5	0	0	0	0	0	0
5	0	5	0	0	5	5	5
0	5	0	5	5	0	0	0
0	0	5	0	0	0	0	0
0	0	5	0	0	0	0	0
0	5	0	0	0	0	0	0
0	5	0	0	0	0	0	0
0	5	0	0	0	0	0	0

0	1	0	0	0	0	0	0
1	0	1	0	0	1	1	1
0	1	0	1	1	0	0	0
0	0	1	0	0	0	0	0
0	0	1	0	0	0	0	0
0	1	0	0	0	0	0	0
0	1	0	0	0	0	0	0
0	1	0	0	0	0	0	0

0	1	0	0	0	0	0	0
1	0	1	0	0	1	1	1
0	1	0	1	1	0	0	0
0	0	1	0	0	0	0	0
0	0	1	0	0	0	0	0
0	1	0	0	0	0	0	0
0	1	0	0	0	0	0	0
0	1	0	0	0	0	0	0

16	22
19	22
16	17
20	23
23	21
19	18
20	15
16	21

0	7
8	4
10	1
4	12
13	1
12	13
13	4
13	0
