0	1	1	0	1	0	0	0	1	0
1	0	0	1	0	0	1	0	0	0
1	0	0	0	0	1	0	0	0	0
0	1	0	0	0	0	0	1	0	0
1	0	0	0	0	0	0	0	0	0
0	0	1	0	0	0	0	0	0	0
0	1	0	0	0	0	0	0	0	0
0	0	0	1	0	0	0	0	0	0
1	0	0	0	0	0	0	0	0	1
0	0	0	0	0	0	0	0	1	0

0	20	20	0	20	0	0	0	20	0
20	0	0	20	0	0	20	0	0	0
20	0	0	0	0	20	0	0	0	0
0	20	0	0	0	0	0	20	0	0
20	0	0	0	0	0	0	0	0	0
0	0	20	0	0	0	0	0	0	0
0	20	0	0	0	0	0	0	0	0
0	0	0	20	0	0	0	0	0	0
20	0	0	0	0	0	0	0	0	20
0	0	0	0	0	0	0	0	20	0

0	1	1	0	1	0	0	0	1	0
1	0	0	1	0	0	1	0	0	0
1	0	0	0	0	1	0	0	0	0
0	1	0	0	0	0	0	1	0	0
1	0	0	0	0	0	0	0	0	0
0	0	1	0	0	0	0	0	0	0
0	1	0	0	0	0	0	0	0	0
0	0	0	1	0	0	0	0	0	0
1	0	0	0	0	0	0	0	0	1
0	0	0	0	0	0	0	0	1	0

0	1	1	0	1	0	0	0	1	0
1	0	0	1	0	0	1	0	0	0
1	0	0	0	0	1	0	0	0	0
0	1	0	0	0	0	0	1	0	0
1	0	0	0	0	0	0	0	0	0
0	0	1	0	0	0	0	0	0	0
0	1	0	0	0	0	0	0	0	0
0	0	0	1	0	0	0	0	0	0
1	0	0	0	0	0	0	0	0	1
0	0	0	0	0	0	0	0	1	0

23	23
19	25
23	20
15	17
16	23
25	25
24	18
17	25
18	19
17	17

9	4
0	7
9	11
10	11
5	9
5	0
4	3
11	13
6	10
8	9
