0	1	1	0	0	0	0	0
1	0	0	1	1	1	0	0
1	0	0	0	0	0	1	0
0	1	0	0	0	0	0	0
0	1	0	0	0	0	0	0
0	1	0	0	0	0	0	1
0	0	1	0	0	0	0	0
0	0	0	0	0	1	0	0

0	20	20	0	0	0	0	0
20	0	0	20	20	20	0	0
20	0	0	0	0	0	20	0
0	20	0	0	0	0	0	0
0	20	0	0	0	0	0	0
0	20	0	0	0	0	0	20
0	0	20	0	0	0	0	0
0	0	0	0	0	20	0	0

0	1	1	0	0	0	0	0
1	0	0	1	1	1	0	0
1	0	0	0	0	0	1	0
0	1	0	0	0	0	0	0
0	1	0	0	0	0	0	0
0	1	0	0	0	0	0	1
0	0	1	0	0	0	0	0
0	0	0	0	0	1	0	0

0	1	1	0	0	0	0	0
1	0	0	1	1	1	0	0
1	0	0	0	0	0	1	0
0	1	0	0	0	0	0	0
0	1	0	0	0	0	0	0
0	1	0	0	0	0	0	1
0	0	1	0	0	0	0	0
0	0	0	0	0	1	0	0

18	21
20	23
25	24
24	20
21	20
19	15
16	18
22	15

3	8
3	13
2	9
6	4
2	5
1	13
12	9
3	1
