0	1	0	0	0	0	0	0	0
1	0	1	0	0	0	1	0	0
0	1	0	1	0	0	0	0	1
0	0	1	0	1	0	0	0	0
0	0	0	1	0	1	0	0	0
0	0	0	0	1	0	0	0	0
0	1	0	0	0	0	0	1	0
0	0	0	0	0	0	1	0	0
0	0	1	0	0	0	0	0	0

0	15	0	0	0	0	0	0	0
15	0	15	0	0	0	15	0	0
0	15	0	15	0	0	0	0	15
0	0	15	0	15	0	0	0	0
0	0	0	15	0	15	0	0	0
0	0	0	0	15	0	0	0	0
0	15	0	0	0	0	0	15	0
0	0	0	0	0	0	15	0	0
0	0	15	0	0	0	0	0	0

0	1	0	0	0	0	0	0	0
1	0	1	0	0	0	1	0	0
0	1	0	1	0	0	0	0	1
0	0	1	0	1	0	0	0	0
0	0	0	1	0	1	0	0	0
0	0	0	0	1	0	0	0	0
0	1	0	0	0	0	0	1	0
0	0	0	0	0	0	1	0	0
0	0	1	0	0	0	0	0	0

0	1	0	0	0	0	0	0	0
1	0	1	0	0	0	1	0	0
0	1	0	1	0	0	0	0	1
0	0	1	0	1	0	0	0	0
0	0	0	1	0	1	0	0	0
0	0	0	0	1	0	0	0	0
0	1	0	0	0	0	0	1	0
0	0	0	0	0	0	1	0	0
0	0	1	0	0	0	0	0	0

18	19
19	25
18	25
17	23
20	17
17	19
22	15
25	19
19	18

11	4
8	0
5	3
1	7
10	7
8	13
0	5
12	9
8	1
