0	1	1	0	0	0	1	0	0	1
1	0	0	0	0	1	0	0	0	0
1	0	0	1	1	0	0	0	0	0
0	0	1	0	0	0	0	0	0	0
0	0	1	0	0	0	0	0	0	0
0	1	0	0	0	0	0	0	0	0
1	0	0	0	0	0	0	1	1	0
0	0	0	0	0	0	1	0	0	0
0	0	0	0	0	0	1	0	0	0
1	0	0	0	0	0	0	0	0	0

0	5	5	0	0	0	5	0	0	5
5	0	0	0	0	5	0	0	0	0
5	0	0	5	5	0	0	0	0	0
0	0	5	0	0	0	0	0	0	0
0	0	5	0	0	0	0	0	0	0
0	5	0	0	0	0	0	0	0	0
5	0	0	0	0	0	0	5	5	0
0	0	0	0	0	0	5	0	0	0
0	0	0	0	0	0	5	0	0	0
5	0	0	0	0	0	0	0	0	0

0	1	1	0	0	0	1	0	0	1
1	0	0	0	0	1	0	0	0	0
1	0	0	1	1	0	0	0	0	0
0	0	1	0	0	0	0	0	0	0
0	0	1	0	0	0	0	0	0	0
0	1	0	0	0	0	0	0	0	0
1	0	0	0	0	0	0	1	1	0
0	0	0	0	0	0	1	0	0	0
0	0	0	0	0	0	1	0	0	0
1	0	0	0	0	0	0	0	0	0

0	1	1	0	0	0	1	0	0	1
1	0	0	0	0	1	0	0	0	0
1	0	0	1	1	0	0	0	0	0
0	0	1	0	0	0	0	0	0	0
0	0	1	0	0	0	0	0	0	0
0	1	0	0	0	0	0	0	0	0
1	0	0	0	0	0	0	1	1	0
0	0	0	0	0	0	1	0	0	0
0	0	0	0	0	0	1	0	0	0
1	0	0	0	0	0	0	0	0	0

19	17
18	23
21	24
17	15
22	25
17	21
17	24
16	19
15	20
21	19

0	4
0	13
8	10
3	6
7	3
8	0
9	12
4	8
3	6
5	9
