0	1	0	1	1	0	0	0	0
1	0	1	0	0	0	0	0	0
0	1	0	0	0	1	0	0	0
1	0	0	0	0	0	0	0	0
1	0	0	0	0	0	0	0	1
0	0	1	0	0	0	1	0	0
0	0	0	0	0	1	0	1	0
0	0	0	0	0	0	1	0	0
0	0	0	0	1	0	0	0	0

0	20	0	20	20	0	0	0	0
20	0	20	0	0	0	0	0	0
0	20	0	0	0	20	0	0	0
20	0	0	0	0	0	0	0	0
20	0	0	0	0	0	0	0	20
0	0	20	0	0	0	20	0	0
0	0	0	0	0	20	0	20	0
0	0	0	0	0	0	20	0	0
0	0	0	0	20	0	0	0	0

0	1	0	1	1	0	0	0	0
1	0	1	0	0	0	0	0	0
0	1	0	0	0	1	0	0	0
1	0	0	0	0	0	0	0	0
1	0	0	0	0	0	0	0	1
0	0	1	0	0	0	1	0	0
0	0	0	0	0	1	0	1	0
0	0	0	0	0	0	1	0	0
0	0	0	0	1	0	0	0	0

0	1	0	1	1	0	0	0	0
1	0	1	0	0	0	0	0	0
0	1	0	0	0	1	0	0	0
1	0	0	0	0	0	0	0	0
1	0	0	0	0	0	0	0	1
0	0	1	0	0	0	1	0	0
0	0	0	0	0	1	0	1	0
0	0	0	0	0	0	1	0	0
0	0	0	0	1	0	0	0	0

20	19
22	15
17	21
17	17
25	20
15	23
25	19
17	18
21	22

8	11
0	10
9	10
0	1
12	5
7	2
5	7
1	12
1	0
