0	1	0	1	1	0	1	0
1	0	1	0	0	0	0	1
0	1	0	0	0	0	0	0
1	0	0	0	0	1	0	0
1	0	0	0	0	0	0	0
0	0	0	1	0	0	0	0
1	0	0	0	0	0	0	0
0	1	0	0	0	0	0	0

0	5	0	5	5	0	5	0
5	0	5	0	0	0	0	5
0	5	0	0	0	0	0	0
5	0	0	0	0	5	0	0
5	0	0	0	0	0	0	0
0	0	0	5	0	0	0	0
5	0	0	0	0	0	0	0
0	5	0	0	0	0	0	0

0	1	0	1	1	0	1	0
1	0	1	0	0	0	0	1
0	1	0	0	0	0	0	0
1	0	0	0	0	1	0	0
1	0	0	0	0	0	0	0
0	0	0	1	0	0	0	0
1	0	0	0	0	0	0	0
0	1	0	0	0	0	0	0

0	1	0	1	1	0	1	0
1	0	1	0	0	0	0	1
0	1	0	0	0	0	0	0
1	0	0	0	0	1	0	0
1	0	0	0	0	0	0	0
0	0	0	1	0	0	0	0
1	0	0	0	0	0	0	0
0	1	0	0	0	0	0	0

16	21
16	16
21	15
17	20
17	19
19	25
17	16
22	25

7	1
9	3
7	3
3	9
9	13
1	6
5	11
1	4
