0	1	1	0	0	0	0	0
1	0	0	0	0	0	0	0
1	0	0	1	1	0	0	0
0	0	1	0	0	0	1	0
0	0	1	0	0	1	0	0
0	0	0	0	1	0	0	0
0	0	0	1	0	0	0	1
0	0	0	0	0	0	1	0

0	20	20	0	0	0	0	0
20	0	0	0	0	0	0	0
20	0	0	20	20	0	0	0
0	0	20	0	0	0	20	0
0	0	20	0	0	20	0	0
0	0	0	0	20	0	0	0
0	0	0	20	0	0	0	20
0	0	0	0	0	0	20	0

0	1	1	0	0	0	0	0
1	0	0	0	0	0	0	0
1	0	0	1	1	0	0	0
0	0	1	0	0	0	1	0
0	0	1	0	0	1	0	0
0	0	0	0	1	0	0	0
0	0	0	1	0	0	0	1
0	0	0	0	0	0	1	0

0	1	1	0	0	0	0	0
1	0	0	0	0	0	0	0
1	0	0	1	1	0	0	0
0	0	1	0	0	0	1	0
0	0	1	0	0	1	0	0
0	0	0	0	1	0	0	0
0	0	0	1	0	0	0	1
0	0	0	0	0	0	1	0

22	16
15	17
25	20
21	19
23	21
25	19
15	24
17	18

10	13
7	2
1	13
7	5
2	11
12	9
5	11
13	6
