0	1	0	0	0	0	1	0	0	0
1	0	1	1	1	0	0	0	0	0
0	1	0	0	0	1	0	0	0	0
0	1	0	0	0	0	0	1	1	0
0	1	0	0	0	0	0	0	0	0
0	0	1	0	0	0	0	0	0	0
1	0	0	0	0	0	0	0	0	0
0	0	0	1	0	0	0	0	0	0
0	0	0	1	0	0	0	0	0	1
0	0	0	0	0	0	0	0	1	0

0	10	0	0	0	0	10	0	0	0
10	0	10	10	10	0	0	0	0	0
0	10	0	0	0	10	0	0	0	0
0	10	0	0	0	0	0	10	10	0
0	10	0	0	0	0	0	0	0	0
0	0	10	0	0	0	0	0	0	0
10	0	0	0	0	0	0	0	0	0
0	0	0	10	0	0	0	0	0	0
0	0	0	10	0	0	0	0	0	10
0	0	0	0	0	0	0	0	10	0

0	1	0	0	0	0	1	0	0	0
1	0	1	1	1	0	0	0	0	0
0	1	0	0	0	1	0	0	0	0
0	1	0	0	0	0	0	1	1	0
0	1	0	0	0	0	0	0	0	0
0	0	1	0	0	0	0	0	0	0
1	0	0	0	0	0	0	0	0	0
0	0	0	1	0	0	0	0	0	0
0	0	0	1	0	0	0	0	0	1
0	0	0	0	0	0	0	0	1	0

0	1	0	0	0	0	1	0	0	0
1	0	1	1	1	0	0	0	0	0
0	1	0	0	0	1	0	0	0	0
0	1	0	0	0	0	0	1	1	0
0	1	0	0	0	0	0	0	0	0
0	0	1	0	0	0	0	0	0	0
1	0	0	0	0	0	0	0	0	0
0	0	0	1	0	0	0	0	0	0
0	0	0	1	0	0	0	0	0	1
0	0	0	0	0	0	0	0	1	0

19	17
15	15
22	17
22	22
20	15
16	17
19	20
15	21
18	17
20	18

6	11
9	11
1	7
2	8
8	12
9	6
3	1
3	2
4	12
13	6
