0	1	1	0	1	0	0	0
1	0	0	1	0	0	0	0
1	0	0	0	0	0	0	0
0	1	0	0	0	1	0	1
1	0	0	0	0	0	1	0
0	0	0	1	0	0	0	0
0	0	0	0	1	0	0	0
0	0	0	1	0	0	0	0

0	15	15	0	15	0	0	0
15	0	0	15	0	0	0	0
15	0	0	0	0	0	0	0
0	15	0	0	0	15	0	15
15	0	0	0	0	0	15	0
0	0	0	15	0	0	0	0
0	0	0	0	15	0	0	0
0	0	0	15	0	0	0	0

0	1	1	0	1	0	0	0
1	0	0	1	0	0	0	0
1	0	0	0	0	0	0	0
0	1	0	0	0	1	0	1
1	0	0	0	0	0	1	0
0	0	0	1	0	0	0	0
0	0	0	0	1	0	0	0
0	0	0	1	0	0	0	0

0	1	1	0	1	0	0	0
1	0	0	1	0	0	0	0
1	0	0	0	0	0	0	0
0	1	0	0	0	1	0	1
1	0	0	0	0	0	1	0
0	0	0	1	0	0	0	0
0	0	0	0	1	0	0	0
0	0	0	1	0	0	0	0

19	25
16	15
20	16
22	23
15	23
20	18
17	20
17	15

3	0
2	4
7	11
2	9
4	2
5	4
13	4
6	1
