0	1	1	0	1	1	0	0
1	0	0	1	0	0	0	0
1	0	0	0	0	0	0	0
0	1	0	0	0	0	0	0
1	0	0	0	0	0	0	1
1	0	0	0	0	0	1	0
0	0	0	0	0	1	0	0
0	0	0	0	1	0	0	0

0	25	25	0	25	25	0	0
25	0	0	25	0	0	0	0
25	0	0	0	0	0	0	0
0	25	0	0	0	0	0	0
25	0	0	0	0	0	0	25
25	0	0	0	0	0	25	0
0	0	0	0	0	25	0	0
0	0	0	0	25	0	0	0

0	1	1	0	1	1	0	0
1	0	0	1	0	0	0	0
1	0	0	0	0	0	0	0
0	1	0	0	0	0	0	0
1	0	0	0	0	0	0	1
1	0	0	0	0	0	1	0
0	0	0	0	0	1	0	0
0	0	0	0	1	0	0	0

0	1	1	0	1	1	0	0
1	0	0	1	0	0	0	0
1	0	0	0	0	0	0	0
0	1	0	0	0	0	0	0
1	0	0	0	0	0	0	1
1	0	0	0	0	0	1	0
0	0	0	0	0	1	0	0
0	0	0	0	1	0	0	0

22	21
21	22
15	24
24	16
17	18
19	16
21	16
17	18

10	3
4	6
12	0
3	9
11	0
12	4
1	4
12	2
