0	1	1	0	1	0	0	0	0
1	0	0	1	0	0	0	0	0
1	0	0	0	0	0	1	0	0
0	1	0	0	0	0	0	0	0
1	0	0	0	0	1	0	0	1
0	0	0	0	1	0	0	1	0
0	0	1	0	0	0	0	0	0
0	0	0	0	0	1	0	0	0
0	0	0	0	1	0	0	0	0

0	10	10	0	10	0	0	0	0
10	0	0	10	0	0	0	0	0
10	0	0	0	0	0	10	0	0
0	10	0	0	0	0	0	0	0
10	0	0	0	0	10	0	0	10
0	0	0	0	10	0	0	10	0
0	0	10	0	0	0	0	0	0
0	0	0	0	0	10	0	0	0
0	0	0	0	10	0	0	0	0

0	1	1	0	1	0	0	0	0
1	0	0	1	0	0	0	0	0
1	0	0	0	0	0	1	0	0
0	1	0	0	0	0	0	0	0
1	0	0	0	0	1	0	0	1
0	0	0	0	1	0	0	1	0
0	0	1	0	0	0	0	0	0
0	0	0	0	0	1	0	0	0
0	0	0	0	1	0	0	0	0

0	1	1	0	1	0	0	0	0
1	0	0	1	0	0	0	0	0
1	0	0	0	0	0	1	0	0
0	1	0	0	0	0	0	0	0
1	0	0	0	0	1	0	0	1
0	0	0	0	1	0	0	1	0
0	0	1	0	0	0	0	0	0
0	0	0	0	0	1	0	0	0
0	0	0	0	1	0	0	0	0

19	23
20	20
25	20
23	20
24	19
25	20
18	22
15	25
19	15

11	2
10	8
7	2
4	2
4	0
3	0
5	0
7	6
13	7
