0	1	1	0	0	0	0	0	0	0
1	0	0	0	0	0	0	0	0	0
1	0	0	1	0	1	1	0	1	0
0	0	1	0	1	0	0	0	0	0
0	0	0	1	0	0	0	1	0	0
0	0	1	0	0	0	0	0	0	0
0	0	1	0	0	0	0	0	0	1
0	0	0	0	1	0	0	0	0	0
0	0	1	0	0	0	0	0	0	0
0	0	0	0	0	0	1	0	0	0

0	5	5	0	0	0	0	0	0	0
5	0	0	0	0	0	0	0	0	0
5	0	0	5	0	5	5	0	5	0
0	0	5	0	5	0	0	0	0	0
0	0	0	5	0	0	0	5	0	0
0	0	5	0	0	0	0	0	0	0
0	0	5	0	0	0	0	0	0	5
0	0	0	0	5	0	0	0	0	0
0	0	5	0	0	0	0	0	0	0
0	0	0	0	0	0	5	0	0	0

0	1	1	0	0	0	0	0	0	0
1	0	0	0	0	0	0	0	0	0
1	0	0	1	0	1	1	0	1	0
0	0	1	0	1	0	0	0	0	0
0	0	0	1	0	0	0	1	0	0
0	0	1	0	0	0	0	0	0	0
0	0	1	0	0	0	0	0	0	1
0	0	0	0	1	0	0	0	0	0
0	0	1	0	0	0	0	0	0	0
0	0	0	0	0	0	1	0	0	0

0	1	1	0	0	0	0	0	0	0
1	0	0	0	0	0	0	0	0	0
1	0	0	1	0	1	1	0	1	0
0	0	1	0	1	0	0	0	0	0
0	0	0	1	0	0	0	1	0	0
0	0	1	0	0	0	0	0	0	0
0	0	1	0	0	0	0	0	0	1
0	0	0	0	1	0	0	0	0	0
0	0	1	0	0	0	0	0	0	0
0	0	0	0	0	0	1	0	0	0

19	18
20	20
16	22
23	17
22	22
23	25
20	24
15	25
17	25
18	23

0	5
6	11
11	3
8	9
5	3
6	7
3	0
7	4
7	4
1	8
