0	1	0	1	0	0	0	0
1	0	1	0	0	1	0	0
0	1	0	0	0	0	0	0
1	0	0	0	1	0	1	0
0	0	0	1	0	0	0	0
0	1	0	0	0	0	0	0
0	0	0	1	0	0	0	1
0	0	0	0	0	0	1	0

0	25	0	25	0	0	0	0
25	0	25	0	0	25	0	0
0	25	0	0	0	0	0	0
25	0	0	0	25	0	25	0
0	0	0	25	0	0	0	0
0	25	0	0	0	0	0	0
0	0	0	25	0	0	0	25
0	0	0	0	0	0	25	0

0	1	0	1	0	0	0	0
1	0	1	0	0	1	0	0
0	1	0	0	0	0	0	0
1	0	0	0	1	0	1	0
0	0	0	1	0	0	0	0
0	1	0	0	0	0	0	0
0	0	0	1	0	0	0	1
0	0	0	0	0	0	1	0

0	1	0	1	0	0	0	0
1	0	1	0	0	1	0	0
0	1	0	0	0	0	0	0
1	0	0	0	1	0	1	0
0	0	0	1	0	0	0	0
0	1	0	0	0	0	0	0
0	0	0	1	0	0	0	1
0	0	0	0	0	0	1	0

19	17
19	21
17	20
23	23
23	20
18	24
25	21
19	19

13	7
6	11
2	4
12	2
5	10
1	11
10	11
9	6
