0	1	1	1	1	0	0	0	0	0
1	0	0	0	0	0	0	0	1	0
1	0	0	0	0	0	0	0	0	0
1	0	0	0	0	0	0	0	0	0
1	0	0	0	0	1	0	0	0	0
0	0	0	0	1	0	1	1	0	0
0	0	0	0	0	1	0	0	0	1
0	0	0	0	0	1	0	0	0	0
0	1	0	0	0	0	0	0	0	0
0	0	0	0	0	0	1	0	0	0

0	25	25	25	25	0	0	0	0	0
25	0	0	0	0	0	0	0	25	0
25	0	0	0	0	0	0	0	0	0
25	0	0	0	0	0	0	0	0	0
25	0	0	0	0	25	0	0	0	0
0	0	0	0	25	0	25	25	0	0
0	0	0	0	0	25	0	0	0	25
0	0	0	0	0	25	0	0	0	0
0	25	0	0	0	0	0	0	0	0
0	0	0	0	0	0	25	0	0	0

0	1	1	1	1	0	0	0	0	0
1	0	0	0	0	0	0	0	1	0
1	0	0	0	0	0	0	0	0	0
1	0	0	0	0	0	0	0	0	0
1	0	0	0	0	1	0	0	0	0
0	0	0	0	1	0	1	1	0	0
0	0	0	0	0	1	0	0	0	1
0	0	0	0	0	1	0	0	0	0
0	1	0	0	0	0	0	0	0	0
0	0	0	0	0	0	1	0	0	0

0	1	1	1	1	0	0	0	0	0
1	0	0	0	0	0	0	0	1	0
1	0	0	0	0	0	0	0	0	0
1	0	0	0	0	0	0	0	0	0
1	0	0	0	0	1	0	0	0	0
0	0	0	0	1	0	1	1	0	0
0	0	0	0	0	1	0	0	0	1
0	0	0	0	0	1	0	0	0	0
0	1	0	0	0	0	0	0	0	0
0	0	0	0	0	0	1	0	0	0

17	18
18	19
21	18
15	22
19	23
21	21
16	24
19	25
20	16
23	20

4	5
1	6
2	10
7	3
9	13
0	3
12	2
1	9
2	3
3	13
