0	1	0	1	1	0	0	0	0
1	0	1	0	0	0	1	1	1
0	1	0	0	0	0	0	0	0
1	0	0	0	0	1	0	0	0
1	0	0	0	0	0	0	0	0
0	0	0	1	0	0	0	0	0
0	1	0	0	0	0	0	0	0
0	1	0	0	0	0	0	0	0
0	1	0	0	0	0	0	0	0

0	25	0	25	25	0	0	0	0
25	0	25	0	0	0	25	25	25
0	25	0	0	0	0	0	0	0
25	0	0	0	0	25	0	0	0
25	0	0	0	0	0	0	0	0
0	0	0	25	0	0	0	0	0
0	25	0	0	0	0	0	0	0
0	25	0	0	0	0	0	0	0
0	25	0	0	0	0	0	0	0

0	1	0	1	1	0	0	0	0
1	0	1	0	0	0	1	1	1
0	1	0	0	0	0	0	0	0
1	0	0	0	0	1	0	0	0
1	0	0	0	0	0	0	0	0
0	0	0	1	0	0	0	0	0
0	1	0	0	0	0	0	0	0
0	1	0	0	0	0	0	0	0
0	1	0	0	0	0	0	0	0

0	1	0	1	1	0	0	0	0
1	0	1	0	0	0	1	1	1
0	1	0	0	0	0	0	0	0
1	0	0	0	0	1	0	0	0
1	0	0	0	0	0	0	0	0
0	0	0	1	0	0	0	0	0
0	1	0	0	0	0	0	0	0
0	1	0	0	0	0	0	0	0
0	1	0	0	0	0	0	0	0

21	19
24	18
25	23
20	18
17	19
17	22
18	15
16	23
23	18

4	0
5	3
10	13
3	1
9	11
9	2
3	2
13	10
2	5
