0	1	0	0	0	0	0	0	0
1	0	1	0	0	1	0	0	0
0	1	0	1	0	0	1	0	1
0	0	1	0	1	0	0	0	0
0	0	0	1	0	0	0	0	0
0	1	0	0	0	0	0	0	0
0	0	1	0	0	0	0	1	0
0	0	0	0	0	0	1	0	0
0	0	1	0	0	0	0	0	0

0	15	0	0	0	0	0	0	0
15	0	15	0	0	15	0	0	0
0	15	0	15	0	0	15	0	15
0	0	15	0	15	0	0	0	0
0	0	0	15	0	0	0	0	0
0	15	0	0	0	0	0	0	0
0	0	15	0	0	0	0	15	0
0	0	0	0	0	0	15	0	0
0	0	15	0	0	0	0	0	0

0	1	0	0	0	0	0	0	0
1	0	1	0	0	1	0	0	0
0	1	0	1	0	0	1	0	1
0	0	1	0	1	0	0	0	0
0	0	0	1	0	0	0	0	0
0	1	0	0	0	0	0	0	0
0	0	1	0	0	0	0	1	0
0	0	0	0	0	0	1	0	0
0	0	1	0	0	0	0	0	0

0	1	0	0	0	0	0	0	0
1	0	1	0	0	1	0	0	0
0	1	0	1	0	0	1	0	1
0	0	1	0	1	0	0	0	0
0	0	0	1	0	0	0	0	0
0	1	0	0	0	0	0	0	0
0	0	1	0	0	0	0	1	0
0	0	0	0	0	0	1	0	0
0	0	1	0	0	0	0	0	0

20	22
20	19
16	25
24	24
15	18
25	25
19	15
24	24
19	16

10	9
13	8
11	6
2	13
7	2
10	12
2	10
13	12
3	2
