0	1	1	0	0	0	0	0
1	0	0	1	0	0	0	0
1	0	0	0	0	0	1	0
0	1	0	0	1	1	0	0
0	0	0	1	0	0	0	0
0	0	0	1	0	0	0	1
0	0	1	0	0	0	0	0
0	0	0	0	0	1	0	0

0	5	5	0	0	0	0	0
5	0	0	5	0	0	0	0
5	0	0	0	0	0	5	0
0	5	0	0	5	5	0	0
0	0	0	5	0	0	0	0
0	0	0	5	0	0	0	5
0	0	5	0	0	0	0	0
0	0	0	0	0	5	0	0

0	1	1	0	0	0	0	0
1	0	0	1	0	0	0	0
1	0	0	0	0	0	1	0
0	1	0	0	1	1	0	0
0	0	0	1	0	0	0	0
0	0	0	1	0	0	0	1
0	0	1	0	0	0	0	0
0	0	0	0	0	1	0	0

0	1	1	0	0	0	0	0
1	0	0	1	0	0	0	0
1	0	0	0	0	0	1	0
0	1	0	0	1	1	0	0
0	0	0	1	0	0	0	0
0	0	0	1	0	0	0	1
0	0	1	0	0	0	0	0
0	0	0	0	0	1	0	0

15	15
18	20
23	21
19	15
19	21
16	22
16	23
21	22

9	10
0	12
9	13
13	8
5	11
12	0
8	12
6	3
