0	1	1	0	0	0	0	0
1	0	0	1	0	0	0	0
1	0	0	0	1	0	0	1
0	1	0	0	0	1	0	0
0	0	1	0	0	0	1	0
0	0	0	1	0	0	0	0
0	0	0	0	1	0	0	0
0	0	1	0	0	0	0	0

0	10	10	0	0	0	0	0
10	0	0	10	0	0	0	0
10	0	0	0	10	0	0	10
0	10	0	0	0	10	0	0
0	0	10	0	0	0	10	0
0	0	0	10	0	0	0	0
0	0	0	0	10	0	0	0
0	0	10	0	0	0	0	0

0	1	1	0	0	0	0	0
1	0	0	1	0	0	0	0
1	0	0	0	1	0	0	1
0	1	0	0	0	1	0	0
0	0	1	0	0	0	1	0
0	0	0	1	0	0	0	0
0	0	0	0	1	0	0	0
0	0	1	0	0	0	0	0

0	1	1	0	0	0	0	0
1	0	0	1	0	0	0	0
1	0	0	0	1	0	0	1
0	1	0	0	0	1	0	0
0	0	1	0	0	0	1	0
0	0	0	1	0	0	0	0
0	0	0	0	1	0	0	0
0	0	1	0	0	0	0	0

20	17
20	21
17	21
24	25
24	20
18	22
22	22
17	17

11	0
8	11
13	6
13	3
8	10
8	4
9	1
5	9
