0	1	0	0	0	0	0	1	0	0
1	0	1	1	0	1	0	0	1	0
0	1	0	0	0	0	1	0	0	0
0	1	0	0	1	0	0	0	0	0
0	0	0	1	0	0	0	0	0	0
0	1	0	0	0	0	0	0	0	0
0	0	1	0	0	0	0	0	0	0
1	0	0	0	0	0	0	0	0	0
0	1	0	0	0	0	0	0	0	1
0	0	0	0	0	0	0	0	1	0

0	20	0	0	0	0	0	20	0	0
20	0	20	20	0	20	0	0	20	0
0	20	0	0	0	0	20	0	0	0
0	20	0	0	20	0	0	0	0	0
0	0	0	20	0	0	0	0	0	0
0	20	0	0	0	0	0	0	0	0
0	0	20	0	0	0	0	0	0	0
20	0	0	0	0	0	0	0	0	0
0	20	0	0	0	0	0	0	0	20
0	0	0	0	0	0	0	0	20	0

0	1	0	0	0	0	0	1	0	0
1	0	1	1	0	1	0	0	1	0
0	1	0	0	0	0	1	0	0	0
0	1	0	0	1	0	0	0	0	0
0	0	0	1	0	0	0	0	0	0
0	1	0	0	0	0	0	0	0	0
0	0	1	0	0	0	0	0	0	0
1	0	0	0	0	0	0	0	0	0
0	1	0	0	0	0	0	0	0	1
0	0	0	0	0	0	0	0	1	0

0	1	0	0	0	0	0	1	0	0
1	0	1	1	0	1	0	0	1	0
0	1	0	0	0	0	1	0	0	0
0	1	0	0	1	0	0	0	0	0
0	0	0	1	0	0	0	0	0	0
0	1	0	0	0	0	0	0	0	0
0	0	1	0	0	0	0	0	0	0
1	0	0	0	0	0	0	0	0	0
0	1	0	0	0	0	0	0	0	1
0	0	0	0	0	0	0	0	1	0

24	17
19	15
23	15
25	22
16	23
22	20
24	17
21	22
21	20
19	18

7	13
11	3
13	5
2	6
1	11
4	9
8	3
12	2
10	13
6	11
