0	1	1	0	0	0	0	0
1	0	0	0	0	0	0	0
1	0	0	1	0	0	1	0
0	0	1	0	1	1	0	0
0	0	0	1	0	0	0	0
0	0	0	1	0	0	0	1
0	0	1	0	0	0	0	0
0	0	0	0	0	1	0	0

0	20	20	0	0	0	0	0
20	0	0	0	0	0	0	0
20	0	0	20	0	0	20	0
0	0	20	0	20	20	0	0
0	0	0	20	0	0	0	0
0	0	0	20	0	0	0	20
0	0	20	0	0	0	0	0
0	0	0	0	0	20	0	0

0	1	1	0	0	0	0	0
1	0	0	0	0	0	0	0
1	0	0	1	0	0	1	0
0	0	1	0	1	1	0	0
0	0	0	1	0	0	0	0
0	0	0	1	0	0	0	1
0	0	1	0	0	0	0	0
0	0	0	0	0	1	0	0

0	1	1	0	0	0	0	0
1	0	0	0	0	0	0	0
1	0	0	1	0	0	1	0
0	0	1	0	1	1	0	0
0	0	0	1	0	0	0	0
0	0	0	1	0	0	0	1
0	0	1	0	0	0	0	0
0	0	0	0	0	1	0	0

24	19
17	20
21	22
19	20
17	20
22	20
25	23
21	20

1	4
10	5
0	7
5	6
5	0
13	3
8	7
11	1
