0	1	1	0	1	0	0	0	0	0
1	0	0	0	0	0	0	1	0	0
1	0	0	1	0	1	0	0	0	0
0	0	1	0	0	0	1	0	0	0
1	0	0	0	0	0	0	0	0	1
0	0	1	0	0	0	0	0	0	0
0	0	0	1	0	0	0	0	1	0
0	1	0	0	0	0	0	0	0	0
0	0	0	0	0	0	1	0	0	0
0	0	0	0	1	0	0	0	0	0

0	10	10	0	10	0	0	0	0	0
10	0	0	0	0	0	0	10	0	0
10	0	0	10	0	10	0	0	0	0
0	0	10	0	0	0	10	0	0	0
10	0	0	0	0	0	0	0	0	10
0	0	10	0	0	0	0	0	0	0
0	0	0	10	0	0	0	0	10	0
0	10	0	0	0	0	0	0	0	0
0	0	0	0	0	0	10	0	0	0
0	0	0	0	10	0	0	0	0	0

0	1	1	0	1	0	0	0	0	0
1	0	0	0	0	0	0	1	0	0
1	0	0	1	0	1	0	0	0	0
0	0	1	0	0	0	1	0	0	0
1	0	0	0	0	0	0	0	0	1
0	0	1	0	0	0	0	0	0	0
0	0	0	1	0	0	0	0	1	0
0	1	0	0	0	0	0	0	0	0
0	0	0	0	0	0	1	0	0	0
0	0	0	0	1	0	0	0	0	0

0	1	1	0	1	0	0	0	0	0
1	0	0	0	0	0	0	1	0	0
1	0	0	1	0	1	0	0	0	0
0	0	1	0	0	0	1	0	0	0
1	0	0	0	0	0	0	0	0	1
0	0	1	0	0	0	0	0	0	0
0	0	0	1	0	0	0	0	1	0
0	1	0	0	0	0	0	0	0	0
0	0	0	0	0	0	1	0	0	0
0	0	0	0	1	0	0	0	0	0

20	24
19	22
15	18
18	16
16	25
19	21
16	24
24	16
16	23
20	25

11	2
12	5
2	3
4	5
1	11
6	3
8	12
6	7
0	4
11	4
