0	1	0	0	0	0	1	0	0
1	0	1	0	0	1	0	0	0
0	1	0	1	1	0	0	0	0
0	0	1	0	0	0	0	1	0
0	0	1	0	0	0	0	0	0
0	1	0	0	0	0	0	0	0
1	0	0	0	0	0	0	0	1
0	0	0	1	0	0	0	0	0
0	0	0	0	0	0	1	0	0

0	25	0	0	0	0	25	0	0
25	0	25	0	0	25	0	0	0
0	25	0	25	25	0	0	0	0
0	0	25	0	0	0	0	25	0
0	0	25	0	0	0	0	0	0
0	25	0	0	0	0	0	0	0
25	0	0	0	0	0	0	0	25
0	0	0	25	0	0	0	0	0
0	0	0	0	0	0	25	0	0

0	1	0	0	0	0	1	0	0
1	0	1	0	0	1	0	0	0
0	1	0	1	1	0	0	0	0
0	0	1	0	0	0	0	1	0
0	0	1	0	0	0	0	0	0
0	1	0	0	0	0	0	0	0
1	0	0	0	0	0	0	0	1
0	0	0	1	0	0	0	0	0
0	0	0	0	0	0	1	0	0

0	1	0	0	0	0	1	0	0
1	0	1	0	0	1	0	0	0
0	1	0	1	1	0	0	0	0
0	0	1	0	0	0	0	1	0
0	0	1	0	0	0	0	0	0
0	1	0	0	0	0	0	0	0
1	0	0	0	0	0	0	0	1
0	0	0	1	0	0	0	0	0
0	0	0	0	0	0	1	0	0

22	20
19	21
19	25
18	17
24	17
24	15
23	23
18	22
20	24

9	6
11	9
7	1
3	4
12	8
4	2
2	0
9	6
3	0
