0	1	1	1	0	0	0	0	1	0
1	0	0	0	1	0	0	0	0	0
1	0	0	0	0	0	1	0	0	0
1	0	0	0	0	0	0	0	0	0
0	1	0	0	0	1	0	1	0	0
0	0	0	0	1	0	0	0	0	0
0	0	1	0	0	0	0	0	0	1
0	0	0	0	1	0	0	0	0	0
1	0	0	0	0	0	0	0	0	0
0	0	0	0	0	0	1	0	0	0

0	25	25	25	0	0	0	0	25	0
25	0	0	0	25	0	0	0	0	0
25	0	0	0	0	0	25	0	0	0
25	0	0	0	0	0	0	0	0	0
0	25	0	0	0	25	0	25	0	0
0	0	0	0	25	0	0	0	0	0
0	0	25	0	0	0	0	0	0	25
0	0	0	0	25	0	0	0	0	0
25	0	0	0	0	0	0	0	0	0
0	0	0	0	0	0	25	0	0	0

0	1	1	1	0	0	0	0	1	0
1	0	0	0	1	0	0	0	0	0
1	0	0	0	0	0	1	0	0	0
1	0	0	0	0	0	0	0	0	0
0	1	0	0	0	1	0	1	0	0
0	0	0	0	1	0	0	0	0	0
0	0	1	0	0	0	0	0	0	1
0	0	0	0	1	0	0	0	0	0
1	0	0	0	0	0	0	0	0	0
0	0	0	0	0	0	1	0	0	0

0	1	1	1	0	0	0	0	1	0
1	0	0	0	1	0	0	0	0	0
1	0	0	0	0	0	1	0	0	0
1	0	0	0	0	0	0	0	0	0
0	1	0	0	0	1	0	1	0	0
0	0	0	0	1	0	0	0	0	0
0	0	1	0	0	0	0	0	0	1
0	0	0	0	1	0	0	0	0	0
1	0	0	0	0	0	0	0	0	0
0	0	0	0	0	0	1	0	0	0

15	24
19	15
24	24
19	21
25	18
15	16
24	15
19	24
20	24
24	18

2	10
9	4
2	12
8	0
1	6
1	12
4	2
11	3
8	4
3	4
