0	1	0	0	0	0	1	0	0	0
1	0	1	0	0	0	0	0	0	0
0	1	0	1	1	1	0	0	0	0
0	0	1	0	0	0	0	0	0	0
0	0	1	0	0	0	0	0	0	0
0	0	1	0	0	0	0	0	0	1
1	0	0	0	0	0	0	1	1	0
0	0	0	0	0	0	1	0	0	0
0	0	0	0	0	0	1	0	0	0
0	0	0	0	0	1	0	0	0	0

0	15	0	0	0	0	15	0	0	0
15	0	15	0	0	0	0	0	0	0
0	15	0	15	15	15	0	0	0	0
0	0	15	0	0	0	0	0	0	0
0	0	15	0	0	0	0	0	0	0
0	0	15	0	0	0	0	0	0	15
15	0	0	0	0	0	0	15	15	0
0	0	0	0	0	0	15	0	0	0
0	0	0	0	0	0	15	0	0	0
0	0	0	0	0	15	0	0	0	0

0	1	0	0	0	0	1	0	0	0
1	0	1	0	0	0	0	0	0	0
0	1	0	1	1	1	0	0	0	0
0	0	1	0	0	0	0	0	0	0
0	0	1	0	0	0	0	0	0	0
0	0	1	0	0	0	0	0	0	1
1	0	0	0	0	0	0	1	1	0
0	0	0	0	0	0	1	0	0	0
0	0	0	0	0	0	1	0	0	0
0	0	0	0	0	1	0	0	0	0

0	1	0	0	0	0	1	0	0	0
1	0	1	0	0	0	0	0	0	0
0	1	0	1	1	1	0	0	0	0
0	0	1	0	0	0	0	0	0	0
0	0	1	0	0	0	0	0	0	0
0	0	1	0	0	0	0	0	0	1
1	0	0	0	0	0	0	1	1	0
0	0	0	0	0	0	1	0	0	0
0	0	0	0	0	0	1	0	0	0
0	0	0	0	0	1	0	0	0	0

21	18
18	25
19	15
25	16
24	20
19	21
21	23
25	24
23	21
16	15

7	4
6	3
10	0
12	9
9	13
4	0
12	0
3	0
3	5
5	9
