0	1	1	0	0	1	0	0	0
1	0	0	1	0	0	0	1	0
1	0	0	0	1	0	0	0	0
0	1	0	0	0	0	1	0	0
0	0	1	0	0	0	0	0	0
1	0	0	0	0	0	0	0	1
0	0	0	1	0	0	0	0	0
0	1	0	0	0	0	0	0	0
0	0	0	0	0	1	0	0	0

0	20	20	0	0	20	0	0	0
20	0	0	20	0	0	0	20	0
20	0	0	0	20	0	0	0	0
0	20	0	0	0	0	20	0	0
0	0	20	0	0	0	0	0	0
20	0	0	0	0	0	0	0	20
0	0	0	20	0	0	0	0	0
0	20	0	0	0	0	0	0	0
0	0	0	0	0	20	0	0	0

0	1	1	0	0	1	0	0	0
1	0	0	1	0	0	0	1	0
1	0	0	0	1	0	0	0	0
0	1	0	0	0	0	1	0	0
0	0	1	0	0	0	0	0	0
1	0	0	0	0	0	0	0	1
0	0	0	1	0	0	0	0	0
0	1	0	0	0	0	0	0	0
0	0	0	0	0	1	0	0	0

0	1	1	0	0	1	0	0	0
1	0	0	1	0	0	0	1	0
1	0	0	0	1	0	0	0	0
0	1	0	0	0	0	1	0	0
0	0	1	0	0	0	0	0	0
1	0	0	0	0	0	0	0	1
0	0	0	1	0	0	0	0	0
0	1	0	0	0	0	0	0	0
0	0	0	0	0	1	0	0	0

17	16
24	16
24	18
21	19
20	23
15	17
19	23
17	22
24	20

10	12
5	4
9	13
3	8
7	11
9	11
0	1
3	5
5	9
