0	1	0	0	1	0	0	0	0	0
1	0	1	0	0	1	0	0	0	0
0	1	0	1	0	0	1	0	0	0
0	0	1	0	0	0	0	1	0	0
1	0	0	0	0	0	0	0	0	1
0	1	0	0	0	0	0	0	0	0
0	0	1	0	0	0	0	0	0	0
0	0	0	1	0	0	0	0	1	0
0	0	0	0	0	0	0	1	0	0
0	0	0	0	1	0	0	0	0	0

0	15	0	0	15	0	0	0	0	0
15	0	15	0	0	15	0	0	0	0
0	15	0	15	0	0	15	0	0	0
0	0	15	0	0	0	0	15	0	0
15	0	0	0	0	0	0	0	0	15
0	15	0	0	0	0	0	0	0	0
0	0	15	0	0	0	0	0	0	0
0	0	0	15	0	0	0	0	15	0
0	0	0	0	0	0	0	15	0	0
0	0	0	0	15	0	0	0	0	0

0	1	0	0	1	0	0	0	0	0
1	0	1	0	0	1	0	0	0	0
0	1	0	1	0	0	1	0	0	0
0	0	1	0	0	0	0	1	0	0
1	0	0	0	0	0	0	0	0	1
0	1	0	0	0	0	0	0	0	0
0	0	1	0	0	0	0	0	0	0
0	0	0	1	0	0	0	0	1	0
0	0	0	0	0	0	0	1	0	0
0	0	0	0	1	0	0	0	0	0

0	1	0	0	1	0	0	0	0	0
1	0	1	0	0	1	0	0	0	0
0	1	0	1	0	0	1	0	0	0
0	0	1	0	0	0	0	1	0	0
1	0	0	0	0	0	0	0	0	1
0	1	0	0	0	0	0	0	0	0
0	0	1	0	0	0	0	0	0	0
0	0	0	1	0	0	0	0	1	0
0	0	0	0	0	0	0	1	0	0
0	0	0	0	1	0	0	0	0	0

21	25
18	16
24	16
17	23
17	20
19	15
17	24
25	15
23	19
15	17

6	9
1	2
8	9
7	9
8	13
6	10
0	4
9	0
6	9
4	12
