0	1	1	0	0	0	1	0	0	0
1	0	0	0	0	1	0	0	0	0
1	0	0	1	1	0	0	0	0	0
0	0	1	0	0	0	0	1	0	0
0	0	1	0	0	0	0	0	1	0
0	1	0	0	0	0	0	0	0	0
1	0	0	0	0	0	0	0	0	0
0	0	0	1	0	0	0	0	0	1
0	0	0	0	1	0	0	0	0	0
0	0	0	0	0	0	0	1	0	0

0	5	5	0	0	0	5	0	0	0
5	0	0	0	0	5	0	0	0	0
5	0	0	5	5	0	0	0	0	0
0	0	5	0	0	0	0	5	0	0
0	0	5	0	0	0	0	0	5	0
0	5	0	0	0	0	0	0	0	0
5	0	0	0	0	0	0	0	0	0
0	0	0	5	0	0	0	0	0	5
0	0	0	0	5	0	0	0	0	0
0	0	0	0	0	0	0	5	0	0

0	1	1	0	0	0	1	0	0	0
1	0	0	0	0	1	0	0	0	0
1	0	0	1	1	0	0	0	0	0
0	0	1	0	0	0	0	1	0	0
0	0	1	0	0	0	0	0	1	0
0	1	0	0	0	0	0	0	0	0
1	0	0	0	0	0	0	0	0	0
0	0	0	1	0	0	0	0	0	1
0	0	0	0	1	0	0	0	0	0
0	0	0	0	0	0	0	1	0	0

0	1	1	0	0	0	1	0	0	0
1	0	0	0	0	1	0	0	0	0
1	0	0	1	1	0	0	0	0	0
0	0	1	0	0	0	0	1	0	0
0	0	1	0	0	0	0	0	1	0
0	1	0	0	0	0	0	0	0	0
1	0	0	0	0	0	0	0	0	0
0	0	0	1	0	0	0	0	0	1
0	0	0	0	1	0	0	0	0	0
0	0	0	0	0	0	0	1	0	0

17	17
17	18
20	17
25	20
20	18
21	22
20	17
25	18
23	19
15	23

6	4
7	12
6	5
2	6
10	12
10	0
13	11
12	4
6	9
2	0
