0	1	0	1	0	0	0	0	0	0
1	0	1	0	1	0	0	0	0	1
0	1	0	0	0	1	1	0	0	0
1	0	0	0	0	0	0	0	1	0
0	1	0	0	0	0	0	0	0	0
0	0	1	0	0	0	0	0	0	0
0	0	1	0	0	0	0	1	0	0
0	0	0	0	0	0	1	0	0	0
0	0	0	1	0	0	0	0	0	0
0	1	0	0	0	0	0	0	0	0

0	10	0	10	0	0	0	0	0	0
10	0	10	0	10	0	0	0	0	10
0	10	0	0	0	10	10	0	0	0
10	0	0	0	0	0	0	0	10	0
0	10	0	0	0	0	0	0	0	0
0	0	10	0	0	0	0	0	0	0
0	0	10	0	0	0	0	10	0	0
0	0	0	0	0	0	10	0	0	0
0	0	0	10	0	0	0	0	0	0
0	10	0	0	0	0	0	0	0	0

0	1	0	1	0	0	0	0	0	0
1	0	1	0	1	0	0	0	0	1
0	1	0	0	0	1	1	0	0	0
1	0	0	0	0	0	0	0	1	0
0	1	0	0	0	0	0	0	0	0
0	0	1	0	0	0	0	0	0	0
0	0	1	0	0	0	0	1	0	0
0	0	0	0	0	0	1	0	0	0
0	0	0	1	0	0	0	0	0	0
0	1	0	0	0	0	0	0	0	0

0	1	0	1	0	0	0	0	0	0
1	0	1	0	1	0	0	0	0	1
0	1	0	0	0	1	1	0	0	0
1	0	0	0	0	0	0	0	1	0
0	1	0	0	0	0	0	0	0	0
0	0	1	0	0	0	0	0	0	0
0	0	1	0	0	0	0	1	0	0
0	0	0	0	0	0	1	0	0	0
0	0	0	1	0	0	0	0	0	0
0	1	0	0	0	0	0	0	0	0

23	18
19	24
21	24
17	25
16	19
16	19
23	24
23	15
18	18
21	25

6	13
10	0
9	13
7	12
11	6
7	12
5	13
9	1
11	3
11	8
