0	1	0	0	0	0	0	0
1	0	1	0	0	1	0	0
0	1	0	1	1	0	0	0
0	0	1	0	0	0	0	0
0	0	1	0	0	0	1	0
0	1	0	0	0	0	0	0
0	0	0	0	1	0	0	1
0	0	0	0	0	0	1	0

0	20	0	0	0	0	0	0
20	0	20	0	0	20	0	0
0	20	0	20	20	0	0	0
0	0	20	0	0	0	0	0
0	0	20	0	0	0	20	0
0	20	0	0	0	0	0	0
0	0	0	0	20	0	0	20
0	0	0	0	0	0	20	0

0	1	0	0	0	0	0	0
1	0	1	0	0	1	0	0
0	1	0	1	1	0	0	0
0	0	1	0	0	0	0	0
0	0	1	0	0	0	1	0
0	1	0	0	0	0	0	0
0	0	0	0	1	0	0	1
0	0	0	0	0	0	1	0

0	1	0	0	0	0	0	0
1	0	1	0	0	1	0	0
0	1	0	1	1	0	0	0
0	0	1	0	0	0	0	0
0	0	1	0	0	0	1	0
0	1	0	0	0	0	0	0
0	0	0	0	1	0	0	1
0	0	0	0	0	0	1	0

19	16
22	18
22	16
16	20
22	15
24	15
15	17
20	25

1	13
1	9
7	11
12	4
5	10
6	0
13	9
12	4
