0	1	1	1	0	1	1
1	0	1	1	0	0	1
1	1	0	0	1	0	1
1	1	0	0	1	1	1
0	0	1	1	0	1	1
1	0	0	1	1	0	1
1	1	1	1	1	1	0

0	44	5	39	0	18	24
44	0	14	32	0	0	11
5	14	0	0	6	0	36
39	32	0	0	13	32	30
0	0	6	13	0	36	52
18	0	0	32	36	0	25
24	11	36	30	52	25	0

0	8	6	4	0	8	3
8	0	3	5	0	0	7
6	3	0	0	3	0	8
4	5	0	0	8	3	10
0	0	3	8	0	4	8
8	0	0	3	4	0	9
3	7	8	10	8	9	0

0	100	99	98	0	99	96
100	0	96	99	0	0	96
99	96	0	0	98	0	100
98	99	0	0	100	95	100
0	0	98	100	0	97	100
99	0	0	95	97	0	100
96	96	100	100	100	100	0

0	8	1	0	0	35	23
8	0	33	12	0	0	26
1	33	0	0	10	0	8
0	12	0	0	37	16	4
0	0	10	37	0	6	3
35	0	0	16	6	0	29
23	26	8	4	3	29	0

32	50
12	37
32	28
24	48
38	23
17	15
49	19
