0	1	1	1	1	0	1	0
1	0	0	1	1	1	1	0
1	0	0	0	0	1	0	0
1	1	0	0	1	1	1	1
1	1	0	1	0	0	0	1
0	1	1	1	0	0	1	1
1	1	0	1	0	1	0	1
0	0	0	1	1	1	1	0

0	17	46	27	19	0	13	0
17	0	0	51	25	21	55	0
46	0	0	0	0	47	0	0
27	51	0	0	21	44	5	49
19	25	0	21	0	0	0	19
0	21	47	44	0	0	9	9
13	55	0	5	0	9	0	6
0	0	0	49	19	9	6	0

0	9	3	5	8	0	7	0
9	0	0	10	9	4	6	0
3	0	0	0	0	4	0	0
5	10	0	0	6	10	3	7
8	9	0	6	0	0	0	6
0	4	4	10	0	0	8	5
7	6	0	3	0	8	0	6
0	0	0	7	6	5	6	0

0	96	100	96	98	0	97	0
96	0	0	96	99	95	98	0
100	0	0	0	0	98	0	0
96	96	0	0	95	99	97	96
98	99	0	95	0	0	0	100
0	95	98	99	0	0	98	99
97	98	0	97	0	98	0	97
0	0	0	96	100	99	97	0

0	0	9	2	26	0	14	0
0	0	0	2	6	32	0	0
9	0	0	0	0	0	0	0
2	2	0	0	23	7	46	5
26	6	0	23	0	0	0	7
0	32	0	7	0	0	41	29
14	0	0	46	0	41	0	8
0	0	0	5	7	29	8	0

44	42
28	29
49	28
43	42
49	36
15	49
34	19
31	31
