0	1	1	1	0	1	1	1	1
1	0	1	1	1	1	0	1	0
1	1	0	1	1	1	1	1	1
1	1	1	0	0	0	1	0	1
0	1	1	0	0	1	1	1	0
1	1	1	0	1	0	1	1	1
1	0	1	1	1	1	0	0	1
1	1	1	0	1	1	0	0	1
1	0	1	1	0	1	1	1	0

0	28	15	22	0	26	31	48	44
28	0	41	48	53	30	0	17	0
15	41	0	45	15	30	43	12	28
22	48	45	0	0	0	25	0	51
0	53	15	0	0	20	10	16	0
26	30	30	0	20	0	25	48	28
31	0	43	25	10	25	0	0	17
48	17	12	0	16	48	0	0	41
44	0	28	51	0	28	17	41	0

0	6	9	6	0	7	7	6	4
6	0	5	4	4	4	0	3	0
9	5	0	5	3	8	6	5	10
6	4	5	0	0	0	8	0	5
0	4	3	0	0	3	6	3	0
7	4	8	0	3	0	4	6	9
7	0	6	8	6	4	0	0	6
6	3	5	0	3	6	0	0	10
4	0	10	5	0	9	6	10	0

0	95	100	98	0	96	99	97	100
95	0	96	100	100	98	0	96	0
100	96	0	95	99	95	97	97	98
98	100	95	0	0	0	100	0	97
0	100	99	0	0	97	99	97	0
96	98	95	0	97	0	96	98	97
99	0	97	100	99	96	0	0	96
97	96	97	0	97	98	0	0	97
100	0	98	97	0	97	96	97	0

0	13	33	27	0	9	13	2	9
13	0	14	5	0	21	0	20	0
33	14	0	5	13	20	2	37	10
27	5	5	0	0	0	9	0	3
0	0	13	0	0	5	18	27	0
9	21	20	0	5	0	13	6	20
13	0	2	9	18	13	0	0	8
2	20	37	0	27	6	0	0	0
9	0	10	3	0	20	8	0	0

45	16
20	42
49	44
44	48
34	34
38	46
49	34
17	50
26	35
