0	1	1	1	1	1	1
1	0	0	0	0	0	1
1	0	0	0	1	1	1
1	0	0	0	1	1	1
1	0	1	1	0	1	1
1	0	1	1	1	0	1
1	1	1	1	1	1	0

0	20	8	24	45	8	47
20	0	0	0	0	0	23
8	0	0	0	45	23	37
24	0	0	0	5	9	43
45	0	45	5	0	7	11
8	0	23	9	7	0	52
47	23	37	43	11	52	0

0	9	10	10	8	8	10
9	0	0	0	0	0	3
10	0	0	0	7	9	7
10	0	0	0	6	5	8
8	0	7	6	0	9	5
8	0	9	5	9	0	10
10	3	7	8	5	10	0

0	96	100	99	96	97	99
96	0	0	0	0	0	97
100	0	0	0	97	97	100
99	0	0	0	95	99	99
96	0	97	95	0	97	99
97	0	97	99	97	0	100
99	97	100	99	99	100	0

0	12	45	13	6	18	2
12	0	0	0	0	0	15
45	0	0	0	4	22	4
13	0	0	0	14	12	10
6	0	4	14	0	8	9
18	0	22	12	8	0	2
2	15	4	10	9	2	0

18	29
13	50
37	34
35	13
23	50
41	49
50	35
