0	0	1	0	0	1	1	1	1
0	0	1	1	1	1	1	1	1
1	1	0	1	1	1	1	1	1
0	1	1	0	1	0	1	1	1
0	1	1	1	0	1	1	1	0
1	1	1	0	1	0	1	0	1
1	1	1	1	1	1	0	0	0
1	1	1	1	1	0	0	0	0
1	1	1	1	0	1	0	0	0

0	0	10	0	0	48	55	18	26
0	0	23	30	31	27	25	36	7
10	23	0	20	19	10	19	28	19
0	30	20	0	36	0	31	37	20
0	31	19	36	0	35	45	6	0
48	27	10	0	35	0	44	0	43
55	25	19	31	45	44	0	0	0
18	36	28	37	6	0	0	0	0
26	7	19	20	0	43	0	0	0

0	0	3	0	0	5	6	9	3
0	0	10	8	10	6	8	8	10
3	10	0	3	4	3	9	6	4
0	8	3	0	8	0	5	8	8
0	10	4	8	0	10	8	6	0
5	6	3	0	10	0	3	0	9
6	8	9	5	8	3	0	0	0
9	8	6	8	6	0	0	0	0
3	10	4	8	0	9	0	0	0

0	0	100	0	0	100	95	99	98
0	0	99	100	95	97	95	99	96
100	99	0	97	98	98	99	98	97
0	100	97	0	97	0	99	99	97
0	95	98	97	0	96	98	96	0
100	97	98	0	96	0	95	0	100
95	95	99	99	98	95	0	0	0
99	99	98	99	96	0	0	0	0
98	96	97	97	0	100	0	0	0

0	0	36	0	0	5	0	12	16
0	0	18	6	15	20	12	5	12
36	18	0	16	24	24	11	15	3
0	6	16	0	4	0	23	5	4
0	15	24	4	0	0	6	29	0
5	20	24	0	0	0	1	0	6
0	12	11	23	6	1	0	0	0
12	5	15	5	29	0	0	0	0
16	12	3	4	0	6	0	0	0

20	43
33	22
11	24
18	40
49	45
22	24
30	32
35	41
12	13
