0	1	0	1	0	1	1
1	0	0	0	0	0	1
0	0	0	1	0	1	0
1	0	1	0	1	1	0
0	0	0	1	0	0	1
1	0	1	1	0	0	1
1	1	0	0	1	1	0

0	55	0	52	0	28	55
55	0	0	0	0	0	15
0	0	0	28	0	18	0
52	0	28	0	47	54	0
0	0	0	47	0	0	27
28	0	18	54	0	0	5
55	15	0	0	27	5	0

0	7	0	5	0	7	3
7	0	0	0	0	0	8
0	0	0	9	0	4	0
5	0	9	0	8	4	0
0	0	0	8	0	0	9
7	0	4	4	0	0	8
3	8	0	0	9	8	0

0	95	0	100	0	95	96
95	0	0	0	0	0	95
0	0	0	99	0	99	0
100	0	99	0	96	97	0
0	0	0	96	0	0	100
95	0	99	97	0	0	95
96	95	0	0	100	95	0

0	0	0	3	0	19	0
0	0	0	0	0	0	11
0	0	0	0	0	29	0
3	0	0	0	7	1	0
0	0	0	7	0	0	16
19	0	29	1	0	0	2
0	11	0	0	16	2	0

15	49
20	44
45	13
46	23
38	37
19	42
28	35
