0	1	0	1	1	0	1	1	1	1
1	0	1	1	0	1	0	1	1	0
0	1	0	0	1	1	1	1	1	1
1	1	0	0	1	1	1	1	1	0
1	0	1	1	0	1	1	0	1	1
0	1	1	1	1	0	1	1	1	0
1	0	1	1	1	1	0	1	1	1
1	1	1	1	0	1	1	0	1	1
1	1	1	1	1	1	1	1	0	1
1	0	1	0	1	0	1	1	1	0

0	37	0	10	47	0	28	22	16	11
37	0	33	52	0	37	0	31	11	0
0	33	0	0	27	7	33	46	53	47
10	52	0	0	21	30	23	49	28	0
47	0	27	21	0	37	33	0	7	9
0	37	7	30	37	0	54	28	50	0
28	0	33	23	33	54	0	25	34	27
22	31	46	49	0	28	25	0	55	40
16	11	53	28	7	50	34	55	0	45
11	0	47	0	9	0	27	40	45	0

0	7	0	3	10	0	10	10	5	8
7	0	3	9	0	8	0	10	4	0
0	3	0	0	7	5	5	4	8	7
3	9	0	0	6	3	6	3	10	0
10	0	7	6	0	8	7	0	4	10
0	8	5	3	8	0	7	4	3	0
10	0	5	6	7	7	0	4	6	6
10	10	4	3	0	4	4	0	6	7
5	4	8	10	4	3	6	6	0	6
8	0	7	0	10	0	6	7	6	0

0	96	0	96	100	0	100	96	97	98
96	0	100	100	0	100	0	98	97	0
0	100	0	0	97	100	99	99	97	100
96	100	0	0	97	99	95	97	99	0
100	0	97	97	0	99	96	0	99	100
0	100	100	99	99	0	96	98	95	0
100	0	99	95	96	96	0	95	98	97
96	98	99	97	0	98	95	0	95	95
97	97	97	99	99	95	98	95	0	99
98	0	100	0	100	0	97	95	99	0

0	11	0	42	1	0	25	16	17	15
11	0	22	2	0	9	0	10	29	0
0	22	0	0	14	48	0	7	0	8
42	2	0	0	8	12	21	4	8	0
1	0	14	8	0	4	9	0	37	23
0	9	48	12	4	0	1	25	3	0
25	0	0	21	9	1	0	23	2	27
16	10	7	4	0	25	23	0	0	14
17	29	0	8	37	3	2	0	0	8
15	0	8	0	23	0	27	14	8	0

13	42
50	10
20	19
20	29
31	45
50	47
32	45
29	32
48	25
16	18
