0	0	1	1	0	1	0	1
0	0	1	1	0	1	0	1
1	1	0	0	1	0	1	0
1	1	0	0	1	1	0	0
0	0	1	1	0	0	1	1
1	1	0	1	0	0	0	1
0	0	1	0	1	0	0	1
1	1	0	0	1	1	1	0

0	0	34	43	0	35	0	35
0	0	33	36	0	20	0	31
34	33	0	0	51	0	16	0
43	36	0	0	28	26	0	0
0	0	51	28	0	0	33	8
35	20	0	26	0	0	0	52
0	0	16	0	33	0	0	34
35	31	0	0	8	52	34	0

0	0	10	8	0	4	0	7
0	0	10	7	0	5	0	5
10	10	0	0	3	0	3	0
8	7	0	0	7	9	0	0
0	0	3	7	0	0	6	10
4	5	0	9	0	0	0	6
0	0	3	0	6	0	0	10
7	5	0	0	10	6	10	0

0	0	99	99	0	100	0	98
0	0	97	97	0	97	0	99
99	97	0	0	97	0	98	0
99	97	0	0	99	95	0	0
0	0	97	99	0	0	97	99
100	97	0	95	0	0	0	95
0	0	98	0	97	0	0	98
98	99	0	0	99	95	98	0

0	0	10	4	0	0	0	11
0	0	14	2	0	29	0	21
10	14	0	0	1	0	4	0
4	2	0	0	6	26	0	0
0	0	1	6	0	0	13	30
0	29	0	26	0	0	0	3
0	0	4	0	13	0	0	16
11	21	0	0	30	3	16	0

10	13
44	26
30	24
22	45
47	16
18	13
19	33
42	39
