0	0	0	1	1	1	1	0
0	0	1	1	1	1	0	0
0	1	0	1	0	1	1	1
1	1	1	0	0	1	1	1
1	1	0	0	0	1	1	0
1	1	1	1	1	0	1	0
1	0	1	1	1	1	0	1
0	0	1	1	0	0	1	0

0	0	0	23	28	7	27	0
0	0	55	40	54	24	0	0
0	55	0	35	0	11	39	9
23	40	35	0	0	51	42	48
28	54	0	0	0	30	50	0
7	24	11	51	30	0	53	0
27	0	39	42	50	53	0	41
0	0	9	48	0	0	41	0

0	0	0	4	5	9	3	0
0	0	7	6	7	6	0	0
0	7	0	5	0	5	8	4
4	6	5	0	0	5	8	7
5	7	0	0	0	6	5	0
9	6	5	5	6	0	9	0
3	0	8	8	5	9	0	5
0	0	4	7	0	0	5	0

0	0	0	100	95	99	95	0
0	0	98	95	99	98	0	0
0	98	0	97	0	100	95	99
100	95	97	0	0	95	96	99
95	99	0	0	0	96	95	0
99	98	100	95	96	0	100	0
95	0	95	96	95	100	0	95
0	0	99	99	0	0	95	0

0	0	0	18	11	14	9	0
0	0	0	9	0	29	0	0
0	0	0	0	0	22	3	37
18	9	0	0	0	2	13	0
11	0	0	0	0	6	1	0
14	29	22	2	6	0	1	0
9	0	3	13	1	1	0	2
0	0	37	0	0	0	2	0

40	37
33	50
13	19
35	19
34	41
17	36
21	20
33	12
