0	0	0	1	0	0	1	0	1	1
0	0	1	0	0	0	0	0	0	1
0	1	0	1	0	1	1	1	0	1
1	0	1	0	1	0	1	0	1	1
0	0	0	1	0	0	0	1	1	1
0	0	1	0	0	0	1	0	1	1
1	0	1	1	0	1	0	1	1	1
0	0	1	0	1	0	1	0	0	1
1	0	0	1	1	1	1	0	0	1
1	1	1	1	1	1	1	1	1	0

0	0	0	29	0	0	47	0	7	22
0	0	13	0	0	0	0	0	0	8
0	13	0	7	0	31	35	25	0	36
29	0	7	0	38	0	36	0	52	51
0	0	0	38	0	0	0	48	18	21
0	0	31	0	0	0	22	0	20	11
47	0	35	36	0	22	0	30	43	12
0	0	25	0	48	0	30	0	0	14
7	0	0	52	18	20	43	0	0	22
22	8	36	51	21	11	12	14	22	0

0	0	0	10	0	0	8	0	6	3
0	0	8	0	0	0	0	0	0	5
0	8	0	7	0	9	6	4	0	4
10	0	7	0	3	0	9	0	8	10
0	0	0	3	0	0	0	4	8	8
0	0	9	0	0	0	8	0	10	7
8	0	6	9	0	8	0	3	3	9
0	0	4	0	4	0	3	0	0	10
6	0	0	8	8	10	3	0	0	9
3	5	4	10	8	7	9	10	9	0

0	0	0	97	0	0	99	0	97	96
0	0	96	0	0	0	0	0	0	100
0	96	0	97	0	99	95	98	0	95
97	0	97	0	99	0	99	0	96	95
0	0	0	99	0	0	0	95	98	96
0	0	99	0	0	0	99	0	97	97
99	0	95	99	0	99	0	96	99	100
0	0	98	0	95	0	96	0	0	95
97	0	0	96	98	97	99	0	0	96
96	100	95	95	96	97	100	95	96	0

0	0	0	12	0	0	1	0	13	23
0	0	39	0	0	0	0	0	0	13
0	39	0	22	0	3	5	14	0	19
12	0	22	0	15	0	16	0	1	0
0	0	0	15	0	0	0	6	32	10
0	0	3	0	0	0	9	0	11	27
1	0	5	16	0	9	0	23	10	6
0	0	14	0	6	0	23	0	0	25
13	0	0	1	32	11	10	0	0	2
23	13	19	0	10	27	6	25	2	0

23	37
40	22
25	41
48	50
29	32
49	44
16	29
46	31
16	19
38	22
