0	1	1	1	0	0	1	0	1
1	0	1	0	1	1	1	0	1
1	1	0	0	1	1	1	0	1
1	0	0	0	1	1	1	1	1
0	1	1	1	0	0	1	0	0
0	1	1	1	0	0	1	1	0
1	1	1	1	1	1	0	1	1
0	0	0	1	0	1	1	0	1
1	1	1	1	0	0	1	1	0

0	41	8	46	0	0	51	0	12
41	0	50	0	25	5	8	0	23
8	50	0	0	18	48	15	0	18
46	0	0	0	55	21	44	20	48
0	25	18	55	0	0	39	0	0
0	5	48	21	0	0	55	26	0
51	8	15	44	39	55	0	50	32
0	0	0	20	0	26	50	0	24
12	23	18	48	0	0	32	24	0

0	3	6	9	0	0	3	0	3
3	0	3	0	9	8	4	0	9
6	3	0	0	4	6	8	0	5
9	0	0	0	5	8	5	8	5
0	9	4	5	0	0	10	0	0
0	8	6	8	0	0	5	10	0
3	4	8	5	10	5	0	5	6
0	0	0	8	0	10	5	0	9
3	9	5	5	0	0	6	9	0

0	98	97	99	0	0	98	0	98
98	0	100	0	98	99	98	0	98
97	100	0	0	97	99	96	0	98
99	0	0	0	98	96	100	95	96
0	98	97	98	0	0	95	0	0
0	99	99	96	0	0	99	95	0
98	98	96	100	95	99	0	95	95
0	0	0	95	0	95	95	0	98
98	98	98	96	0	0	95	98	0

0	14	14	0	0	0	1	0	17
14	0	0	0	2	39	46	0	8
14	0	0	0	16	4	10	0	11
0	0	0	0	0	34	6	35	6
0	2	16	0	0	0	4	0	0
0	39	4	34	0	0	0	25	0
1	46	10	6	4	0	0	1	20
0	0	0	35	0	25	1	0	24
17	8	11	6	0	0	20	24	0

40	14
28	30
21	48
48	38
35	23
38	18
28	15
13	26
13	46
