0	1	1	1	0	1	1	1	1
1	0	1	1	1	1	0	1	0
1	1	0	1	1	1	1	1	1
1	1	1	0	0	0	1	0	1
0	1	1	0	0	1	1	1	0
1	1	1	0	1	0	1	1	1
1	0	1	1	1	1	0	0	1
1	1	1	0	1	1	0	0	1
1	0	1	1	0	1	1	1	0

0	11	14	53	0	46	49	14	49
11	0	32	45	5	8	0	45	0
14	32	0	41	17	30	18	28	16
53	45	41	0	0	0	9	0	40
0	5	17	0	0	42	45	47	0
46	8	30	0	42	0	31	52	12
49	0	18	9	45	31	0	0	37
14	45	28	0	47	52	0	0	51
49	0	16	40	0	12	37	51	0

0	8	8	3	0	6	6	6	4
8	0	3	5	6	10	0	3	0
8	3	0	10	7	7	10	3	10
3	5	10	0	0	0	3	0	10
0	6	7	0	0	8	9	9	0
6	10	7	0	8	0	10	3	6
6	0	10	3	9	10	0	0	6
6	3	3	0	9	3	0	0	9
4	0	10	10	0	6	6	9	0

0	100	99	100	0	97	98	100	98
100	0	98	100	97	98	0	96	0
99	98	0	100	98	98	95	97	99
100	100	100	0	0	0	99	0	95
0	97	98	0	0	95	99	97	0
97	98	98	0	95	0	97	97	96
98	0	95	99	99	97	0	0	98
100	96	97	0	97	97	0	0	100
98	0	99	95	0	96	98	100	0

0	40	39	1	0	6	5	4	2
40	0	7	5	39	31	0	7	0
39	7	0	8	18	18	18	4	16
1	5	8	0	0	0	10	0	1
0	39	18	0	0	12	4	5	0
6	31	18	0	12	0	6	0	38
5	0	18	10	4	6	0	0	18
4	7	4	0	5	0	0	0	4
2	0	16	1	0	38	18	4	0

45	45
48	42
35	50
22	45
29	48
23	21
24	15
43	27
20	41
