0	1	1	1	1	0	1	0
1	0	1	1	1	0	1	0
1	1	0	0	1	1	1	1
1	1	0	0	1	1	1	1
1	1	1	1	0	0	1	0
0	0	1	1	0	0	1	1
1	1	1	1	1	1	0	1
0	0	1	1	0	1	1	0

0	6	55	40	32	0	39	0
6	0	26	9	34	0	34	0
55	26	0	0	41	50	14	6
40	9	0	0	31	10	49	6
32	34	41	31	0	0	20	0
0	0	50	10	0	0	32	10
39	34	14	49	20	32	0	5
0	0	6	6	0	10	5	0

0	6	6	7	8	0	8	0
6	0	4	5	5	0	9	0
6	4	0	0	7	4	6	6
7	5	0	0	9	10	4	3
8	5	7	9	0	0	4	0
0	0	4	10	0	0	6	6
8	9	6	4	4	6	0	4
0	0	6	3	0	6	4	0

0	97	96	100	96	0	98	0
97	0	97	96	97	0	99	0
96	97	0	0	95	98	99	99
100	96	0	0	97	100	95	97
96	97	95	97	0	0	96	0
0	0	98	100	0	0	97	99
98	99	99	95	96	97	0	95
0	0	99	97	0	99	95	0

0	22	0	15	14	0	3	0
22	0	9	14	19	0	8	0
0	9	0	0	13	5	37	6
15	14	0	0	14	20	2	10
14	19	13	14	0	0	26	0
0	0	5	20	0	0	5	40
3	8	37	2	26	5	0	45
0	0	6	10	0	40	45	0

29	19
33	38
13	37
30	17
31	12
42	25
14	22
20	11
