0	1	1	1	1	1	1	1	1	0
1	0	1	0	1	1	1	1	0	0
1	1	0	1	1	0	1	0	0	1
1	0	1	0	1	1	1	1	1	1
1	1	1	1	0	1	1	1	0	1
1	1	0	1	1	0	1	1	1	1
1	1	1	1	1	1	0	1	1	1
1	1	0	1	1	1	1	0	1	1
1	0	0	1	0	1	1	1	0	1
0	0	1	1	1	1	1	1	1	0

0	50	11	35	28	18	24	20	24	0
50	0	17	0	21	36	26	51	0	0
11	17	0	26	16	0	29	0	0	21
35	0	26	0	8	9	15	48	26	20
28	21	16	8	0	43	31	22	0	21
18	36	0	9	43	0	40	24	29	45
24	26	29	15	31	40	0	43	17	33
20	51	0	48	22	24	43	0	39	5
24	0	0	26	0	29	17	39	0	44
0	0	21	20	21	45	33	5	44	0

0	4	7	3	3	5	4	10	3	0
4	0	3	0	3	5	3	9	0	0
7	3	0	9	4	0	10	0	0	10
3	0	9	0	9	10	7	7	3	5
3	3	4	9	0	10	10	4	0	6
5	5	0	10	10	0	6	8	4	9
4	3	10	7	10	6	0	10	10	8
10	9	0	7	4	8	10	0	10	6
3	0	0	3	0	4	10	10	0	9
0	0	10	5	6	9	8	6	9	0

0	97	96	97	99	100	99	98	95	0
97	0	99	0	98	98	99	96	0	0
96	99	0	99	96	0	96	0	0	95
97	0	99	0	95	100	95	97	96	100
99	98	96	95	0	95	98	99	0	98
100	98	0	100	95	0	95	98	98	97
99	99	96	95	98	95	0	99	95	98
98	96	0	97	99	98	99	0	96	98
95	0	0	96	0	98	95	96	0	96
0	0	95	100	98	97	98	98	96	0

0	1	5	1	9	35	8	20	14	0
1	0	14	0	17	10	26	3	0	0
5	14	0	8	27	0	6	0	0	31
1	0	8	0	47	36	2	2	28	31
9	17	27	47	0	6	18	4	0	30
35	10	0	36	6	0	13	17	15	6
8	26	6	2	18	13	0	11	24	17
20	3	0	2	4	17	11	0	0	42
14	0	0	28	0	15	24	0	0	1
0	0	31	31	30	6	17	42	1	0

10	40
16	50
29	50
32	31
16	49
43	46
19	41
39	15
42	22
14	36
