0	0	1	1	1	1	0	1
0	0	1	0	1	1	1	1
1	1	0	0	1	0	1	1
1	0	0	0	0	0	1	0
1	1	1	0	0	1	1	1
1	1	0	0	1	0	1	1
0	1	1	1	1	1	0	1
1	1	1	0	1	1	1	0

0	0	15	53	10	21	0	38
0	0	43	0	39	17	24	8
15	43	0	0	39	0	35	45
53	0	0	0	0	0	15	0
10	39	39	0	0	5	8	29
21	17	0	0	5	0	43	44
0	24	35	15	8	43	0	31
38	8	45	0	29	44	31	0

0	0	9	10	4	4	0	4
0	0	10	0	4	9	4	6
9	10	0	0	5	0	3	9
10	0	0	0	0	0	3	0
4	4	5	0	0	9	6	6
4	9	0	0	9	0	8	3
0	4	3	3	6	8	0	9
4	6	9	0	6	3	9	0

0	0	97	100	100	100	0	96
0	0	96	0	97	97	96	100
97	96	0	0	98	0	95	98
100	0	0	0	0	0	97	0
100	97	98	0	0	98	99	97
100	97	0	0	98	0	100	100
0	96	95	97	99	100	0	100
96	100	98	0	97	100	100	0

0	0	31	0	25	5	0	2
0	0	2	0	7	4	27	28
31	2	0	0	14	0	19	6
0	0	0	0	0	0	31	0
25	7	14	0	0	0	0	8
5	4	0	0	0	0	3	6
0	27	19	31	0	3	0	23
2	28	6	0	8	6	23	0

25	14
36	28
27	14
34	29
38	10
20	18
41	42
39	11
