0	1	1	1	0	1	1	0
1	0	1	1	0	1	1	1
1	1	0	0	0	1	1	0
1	1	0	0	1	1	0	0
0	0	0	1	0	1	0	0
1	1	1	1	1	0	0	0
1	1	1	0	0	0	0	0
0	1	0	0	0	0	0	0

0	10	41	32	0	10	13	0
10	0	21	9	0	49	26	45
41	21	0	0	0	28	39	0
32	9	0	0	31	16	0	0
0	0	0	31	0	40	0	0
10	49	28	16	40	0	0	0
13	26	39	0	0	0	0	0
0	45	0	0	0	0	0	0

0	9	6	7	0	5	8	0
9	0	3	4	0	6	8	5
6	3	0	0	0	7	8	0
7	4	0	0	6	4	0	0
0	0	0	6	0	7	0	0
5	6	7	4	7	0	0	0
8	8	8	0	0	0	0	0
0	5	0	0	0	0	0	0

0	97	99	98	0	95	96	0
97	0	100	99	0	99	97	96
99	100	0	0	0	99	96	0
98	99	0	0	98	100	0	0
0	0	0	98	0	97	0	0
95	99	99	100	97	0	0	0
96	97	96	0	0	0	0	0
0	96	0	0	0	0	0	0

0	2	6	19	0	21	25	0
2	0	28	23	0	5	4	9
6	28	0	0	0	14	3	0
19	23	0	0	4	7	0	0
0	0	0	4	0	14	0	0
21	5	14	7	14	0	0	0
25	4	3	0	0	0	0	0
0	9	0	0	0	0	0	0

41	11
23	47
26	30
23	37
46	38
14	36
12	15
29	22
