0	1	1	1	1	1	1	1
1	0	1	1	1	1	0	1
1	1	0	1	1	0	0	1
1	1	1	0	1	1	1	0
1	1	1	1	0	1	1	1
1	1	0	1	1	0	1	1
1	0	0	1	1	1	0	1
1	1	1	0	1	1	1	0

0	27	13	10	55	11	18	22
27	0	11	27	25	54	0	31
13	11	0	29	11	0	0	32
10	27	29	0	50	36	25	0
55	25	11	50	0	31	29	36
11	54	0	36	31	0	6	31
18	0	0	25	29	6	0	40
22	31	32	0	36	31	40	0

0	10	4	4	4	5	8	9
10	0	5	3	5	10	0	4
4	5	0	10	7	0	0	4
4	3	10	0	4	8	8	0
4	5	7	4	0	4	7	7
5	10	0	8	4	0	9	6
8	0	0	8	7	9	0	3
9	4	4	0	7	6	3	0

0	96	95	100	99	99	98	95
96	0	99	98	96	97	0	100
95	99	0	97	100	0	0	95
100	98	97	0	99	100	97	0
99	96	100	99	0	100	99	97
99	97	0	100	100	0	98	98
98	0	0	97	99	98	0	98
95	100	95	0	97	98	98	0

0	5	31	12	0	38	23	19
5	0	22	10	19	1	0	14
31	22	0	11	33	0	0	16
12	10	11	0	2	4	4	0
0	19	33	2	0	11	16	4
38	1	0	4	11	0	34	10
23	0	0	4	16	34	0	13
19	14	16	0	4	10	13	0

35	18
39	17
26	22
37	16
24	42
31	40
30	10
18	42
