0	1	1	1	1	1	1	1	0	0
1	0	1	1	1	0	1	1	0	0
1	1	0	0	1	1	0	1	1	1
1	1	0	0	1	1	0	1	1	0
1	1	1	1	0	1	1	0	0	0
1	0	1	1	1	0	0	0	1	0
1	1	0	0	1	0	0	1	1	1
1	1	1	1	0	0	1	0	1	1
0	0	1	1	0	1	1	1	0	1
0	0	1	0	0	0	1	1	1	0

0	24	34	44	24	17	49	14	0	0
24	0	53	48	5	0	27	22	0	0
34	53	0	0	32	55	0	19	10	7
44	48	0	0	12	33	0	5	29	0
24	5	32	12	0	35	53	0	0	0
17	0	55	33	35	0	0	0	32	0
49	27	0	0	53	0	0	16	28	39
14	22	19	5	0	0	16	0	36	27
0	0	10	29	0	32	28	36	0	31
0	0	7	0	0	0	39	27	31	0

0	8	9	5	9	5	10	7	0	0
8	0	6	3	4	0	6	3	0	0
9	6	0	0	5	8	0	9	4	5
5	3	0	0	3	10	0	3	3	0
9	4	5	3	0	8	6	0	0	0
5	0	8	10	8	0	0	0	9	0
10	6	0	0	6	0	0	4	4	5
7	3	9	3	0	0	4	0	9	6
0	0	4	3	0	9	4	9	0	10
0	0	5	0	0	0	5	6	10	0

0	95	100	100	96	97	98	98	0	0
95	0	95	98	98	0	99	98	0	0
100	95	0	0	99	99	0	95	98	97
100	98	0	0	95	95	0	95	100	0
96	98	99	95	0	98	99	0	0	0
97	0	99	95	98	0	0	0	96	0
98	99	0	0	99	0	0	96	95	99
98	98	95	95	0	0	96	0	98	97
0	0	98	100	0	96	95	98	0	95
0	0	97	0	0	0	99	97	95	0

0	26	5	7	7	11	5	41	0	0
26	0	0	6	24	0	2	14	0	0
5	0	0	0	0	0	0	24	6	13
7	6	0	0	1	21	0	40	13	0
7	24	0	1	0	12	1	0	0	0
11	0	0	21	12	0	0	0	17	0
5	2	0	0	1	0	0	28	6	16
41	14	24	40	0	0	28	0	15	17
0	0	6	13	0	17	6	15	0	20
0	0	13	0	0	0	16	17	20	0

14	20
48	35
50	16
26	36
37	21
11	41
49	48
22	10
23	16
13	16
