0	1	1	1	1	1	0	0	1
1	0	1	0	1	1	1	1	1
1	1	0	1	0	1	1	1	1
1	0	1	0	1	0	1	0	1
1	1	0	1	0	1	1	1	1
1	1	1	0	1	0	1	1	1
0	1	1	1	1	1	0	1	1
0	1	1	0	1	1	1	0	1
1	1	1	1	1	1	1	1	0

0	13	44	13	23	26	0	0	36
13	0	26	0	19	25	52	39	37
44	26	0	25	0	9	9	38	17
13	0	25	0	16	0	14	0	49
23	19	0	16	0	41	11	19	45
26	25	9	0	41	0	12	27	13
0	52	9	14	11	12	0	15	45
0	39	38	0	19	27	15	0	12
36	37	17	49	45	13	45	12	0

0	4	5	6	6	3	0	0	6
4	0	10	0	9	9	5	5	10
5	10	0	8	0	5	10	9	9
6	0	8	0	4	0	4	0	10
6	9	0	4	0	8	4	7	6
3	9	5	0	8	0	8	6	5
0	5	10	4	4	8	0	7	9
0	5	9	0	7	6	7	0	9
6	10	9	10	6	5	9	9	0

0	96	99	95	99	99	0	0	98
96	0	95	0	98	98	99	99	100
99	95	0	98	0	98	98	97	96
95	0	98	0	98	0	99	0	99
99	98	0	98	0	96	99	95	99
99	98	98	0	96	0	99	97	99
0	99	98	99	99	99	0	100	99
0	99	97	0	95	97	100	0	100
98	100	96	99	99	99	99	100	0

0	33	4	38	24	11	0	0	6
33	0	13	0	1	25	3	1	2
4	13	0	14	0	0	43	16	20
38	0	14	0	26	0	16	0	3
24	1	0	26	0	14	18	6	5
11	25	0	0	14	0	17	10	24
0	3	43	16	18	17	0	2	4
0	1	16	0	6	10	2	0	11
6	2	20	3	5	24	4	11	0

20	31
20	37
14	25
40	16
25	37
15	19
35	49
38	26
21	38
