0	1	0	1	0	1	1	1	1	1
1	0	0	1	1	1	1	0	1	0
0	0	0	0	0	1	0	1	1	1
1	1	0	0	1	1	0	0	1	0
0	1	0	1	0	1	1	1	1	0
1	1	1	1	1	0	1	1	0	1
1	1	0	0	1	1	0	1	1	1
1	0	1	0	1	1	1	0	1	1
1	1	1	1	1	0	1	1	0	1
1	0	1	0	0	1	1	1	1	0

0	44	0	22	0	47	34	51	20	46
44	0	0	27	42	19	51	0	9	0
0	0	0	0	0	16	0	49	32	13
22	27	0	0	21	13	0	0	8	0
0	42	0	21	0	11	8	11	6	0
47	19	16	13	11	0	39	16	0	5
34	51	0	0	8	39	0	38	25	28
51	0	49	0	11	16	38	0	46	37
20	9	32	8	6	0	25	46	0	25
46	0	13	0	0	5	28	37	25	0

0	6	0	3	0	5	10	8	8	8
6	0	0	7	9	10	5	0	9	0
0	0	0	0	0	7	0	5	9	9
3	7	0	0	6	6	0	0	3	0
0	9	0	6	0	4	6	4	8	0
5	10	7	6	4	0	6	5	0	3
10	5	0	0	6	6	0	5	5	3
8	0	5	0	4	5	5	0	7	10
8	9	9	3	8	0	5	7	0	9
8	0	9	0	0	3	3	10	9	0

0	99	0	97	0	95	96	97	99	99
99	0	0	97	96	96	100	0	99	0
0	0	0	0	0	97	0	97	97	98
97	97	0	0	97	98	0	0	99	0
0	96	0	97	0	96	99	99	99	0
95	96	97	98	96	0	95	97	0	96
96	100	0	0	99	95	0	96	99	97
97	0	97	0	99	97	96	0	95	95
99	99	97	99	99	0	99	95	0	100
99	0	98	0	0	96	97	95	100	0

0	1	0	33	0	7	19	0	20	7
1	0	0	16	4	2	2	0	23	0
0	0	0	0	0	22	0	0	2	24
33	16	0	0	8	0	0	0	38	0
0	4	0	8	0	37	22	41	2	0
7	2	22	0	37	0	10	27	0	5
19	2	0	0	22	10	0	5	3	9
0	0	0	0	41	27	5	0	4	17
20	23	2	38	2	0	3	4	0	1
7	0	24	0	0	5	9	17	1	0

39	37
20	21
29	20
35	32
33	49
32	36
23	38
49	14
31	49
40	50
