0	0	0	0	1	0	1	1
0	0	1	1	1	0	0	0
0	1	0	1	1	1	1	1
0	1	1	0	0	0	1	0
1	1	1	0	0	1	1	1
0	0	1	0	1	0	1	0
1	0	1	1	1	1	0	0
1	0	1	0	1	0	0	0

0	0	0	0	36	0	10	21
0	0	9	33	27	0	0	0
0	9	0	51	40	52	45	39
0	33	51	0	0	0	24	0
36	27	40	0	0	46	26	35
0	0	52	0	46	0	16	0
10	0	45	24	26	16	0	0
21	0	39	0	35	0	0	0

0	0	0	0	6	0	7	3
0	0	3	6	5	0	0	0
0	3	0	7	7	9	5	5
0	6	7	0	0	0	9	0
6	5	7	0	0	4	9	10
0	0	9	0	4	0	10	0
7	0	5	9	9	10	0	0
3	0	5	0	10	0	0	0

0	0	0	0	99	0	97	97
0	0	98	95	95	0	0	0
0	98	0	97	97	99	96	95
0	95	97	0	0	0	98	0
99	95	97	0	0	95	96	98
0	0	99	0	95	0	95	0
97	0	96	98	96	95	0	0
97	0	95	0	98	0	0	0

0	0	0	0	14	0	45	11
0	0	0	12	15	0	0	0
0	0	0	1	3	3	3	1
0	12	1	0	0	0	31	0
14	15	3	0	0	6	5	9
0	0	3	0	6	0	28	0
45	0	3	31	5	28	0	0
11	0	1	0	9	0	0	0

41	35
10	10
28	32
30	13
29	45
43	36
18	34
42	30
