0	1	0	1	1	1	1	0	1	0
1	0	0	0	1	1	1	1	1	1
0	0	0	1	1	0	0	1	0	1
1	0	1	0	1	1	1	0	1	0
1	1	1	1	0	1	1	1	1	1
1	1	0	1	1	0	1	0	0	1
1	1	0	1	1	1	0	1	0	1
0	1	1	0	1	0	1	0	1	1
1	1	0	1	1	0	0	1	0	0
0	1	1	0	1	1	1	1	0	0

0	45	0	48	26	25	13	0	27	0
45	0	0	0	54	47	38	34	25	13
0	0	0	40	39	0	0	29	0	50
48	0	40	0	44	10	37	0	26	0
26	54	39	44	0	9	47	39	42	24
25	47	0	10	9	0	50	0	0	48
13	38	0	37	47	50	0	39	0	31
0	34	29	0	39	0	39	0	20	47
27	25	0	26	42	0	0	20	0	0
0	13	50	0	24	48	31	47	0	0

0	10	0	3	10	6	7	0	9	0
10	0	0	0	6	9	10	5	10	4
0	0	0	8	8	0	0	6	0	9
3	0	8	0	3	9	3	0	4	0
10	6	8	3	0	3	6	6	9	4
6	9	0	9	3	0	9	0	0	9
7	10	0	3	6	9	0	3	0	9
0	5	6	0	6	0	3	0	3	8
9	10	0	4	9	0	0	3	0	0
0	4	9	0	4	9	9	8	0	0

0	99	0	99	99	96	100	0	99	0
99	0	0	0	97	96	97	100	99	95
0	0	0	96	98	0	0	97	0	98
99	0	96	0	96	99	96	0	95	0
99	97	98	96	0	97	100	98	96	95
96	96	0	99	97	0	95	0	0	100
100	97	0	96	100	95	0	99	0	98
0	100	97	0	98	0	99	0	100	96
99	99	0	95	96	0	0	100	0	0
0	95	98	0	95	100	98	96	0	0

0	1	0	5	5	25	24	0	16	0
1	0	0	0	0	1	14	12	18	19
0	0	0	4	9	0	0	21	0	4
5	0	4	0	11	36	2	0	28	0
5	0	9	11	0	19	7	8	7	22
25	1	0	36	19	0	4	0	0	2
24	14	0	2	7	4	0	3	0	20
0	12	21	0	8	0	3	0	31	5
16	18	0	28	7	0	0	31	0	0
0	19	4	0	22	2	20	5	0	0

42	23
17	49
11	34
49	26
45	34
28	40
29	13
24	34
21	14
11	40
