0	1	0	1	1	1	0	0	1
1	0	1	1	1	1	1	0	1
0	1	0	1	1	0	0	0	0
1	1	1	0	1	1	1	1	1
1	1	1	1	0	0	1	0	1
1	1	0	1	0	0	0	1	1
0	1	0	1	1	0	0	0	0
0	0	0	1	0	1	0	0	1
1	1	0	1	1	1	0	1	0

0	18	0	31	22	9	0	0	50
18	0	23	24	36	48	45	0	26
0	23	0	9	43	0	0	0	0
31	24	9	0	49	22	51	29	48
22	36	43	49	0	0	31	0	34
9	48	0	22	0	0	0	32	44
0	45	0	51	31	0	0	0	0
0	0	0	29	0	32	0	0	51
50	26	0	48	34	44	0	51	0

0	6	0	7	6	6	0	0	5
6	0	5	5	4	7	6	0	4
0	5	0	3	6	0	0	0	0
7	5	3	0	6	3	10	6	3
6	4	6	6	0	0	5	0	4
6	7	0	3	0	0	0	10	7
0	6	0	10	5	0	0	0	0
0	0	0	6	0	10	0	0	10
5	4	0	3	4	7	0	10	0

0	96	0	97	100	98	0	0	98
96	0	98	95	97	96	100	0	97
0	98	0	99	98	0	0	0	0
97	95	99	0	97	95	97	96	100
100	97	98	97	0	0	95	0	98
98	96	0	95	0	0	0	99	98
0	100	0	97	95	0	0	0	0
0	0	0	96	0	99	0	0	99
98	97	0	100	98	98	0	99	0

0	29	0	23	16	26	0	0	0
29	0	11	30	1	2	1	0	8
0	11	0	38	11	0	0	0	0
23	30	38	0	4	6	4	12	3
16	1	11	4	0	0	18	0	5
26	2	0	6	0	0	0	20	11
0	1	0	4	18	0	0	0	0
0	0	0	12	0	20	0	0	2
0	8	0	3	5	11	0	2	0

32	44
18	28
49	23
40	27
25	19
24	18
41	23
40	14
44	26
