0	1	1	0	1	1	0	1	1	1
1	0	0	0	0	1	1	1	0	1
1	0	0	1	0	1	1	1	0	1
0	0	1	0	1	1	1	1	0	1
1	0	0	1	0	1	1	0	1	1
1	1	1	1	1	0	0	1	1	1
0	1	1	1	1	0	0	1	0	1
1	1	1	1	0	1	1	0	1	1
1	0	0	0	1	1	0	1	0	1
1	1	1	1	1	1	1	1	1	0

0	26	5	0	22	51	0	31	49	34
26	0	0	0	0	39	41	49	0	47
5	0	0	39	0	42	27	51	0	43
0	0	39	0	14	25	22	21	0	55
22	0	0	14	0	5	34	0	14	36
51	39	42	25	5	0	0	44	44	47
0	41	27	22	34	0	0	16	0	39
31	49	51	21	0	44	16	0	38	15
49	0	0	0	14	44	0	38	0	44
34	47	43	55	36	47	39	15	44	0

0	8	8	0	7	9	0	9	4	10
8	0	0	0	0	5	9	8	0	7
8	0	0	8	0	6	4	7	0	6
0	0	8	0	4	6	10	5	0	6
7	0	0	4	0	8	5	0	10	9
9	5	6	6	8	0	0	7	8	9
0	9	4	10	5	0	0	5	0	4
9	8	7	5	0	7	5	0	4	4
4	0	0	0	10	8	0	4	0	4
10	7	6	6	9	9	4	4	4	0

0	99	95	0	98	98	0	95	95	96
99	0	0	0	0	98	98	97	0	99
95	0	0	100	0	100	100	98	0	100
0	0	100	0	100	99	98	98	0	97
98	0	0	100	0	98	97	0	98	95
98	98	100	99	98	0	0	97	99	97
0	98	100	98	97	0	0	97	0	99
95	97	98	98	0	97	97	0	99	100
95	0	0	0	98	99	0	99	0	97
96	99	100	97	95	97	99	100	97	0

0	4	47	0	4	3	0	1	3	1
4	0	0	0	0	1	1	3	0	5
47	0	0	8	0	11	23	3	0	5
0	0	8	0	9	24	22	29	0	0
4	0	0	9	0	33	2	0	12	14
3	1	11	24	33	0	0	3	6	1
0	1	23	22	2	0	0	20	0	4
1	3	3	29	0	3	20	0	10	3
3	0	0	0	12	6	0	10	0	7
1	5	5	0	14	1	4	3	7	0

26	45
49	22
30	20
20	32
43	49
34	16
11	27
24	48
21	21
23	21
