0	1	1	0	1	1	1
1	0	1	1	0	0	1
1	1	0	0	1	1	1
0	1	0	0	1	1	1
1	0	1	1	0	1	0
1	0	1	1	1	0	0
1	1	1	1	0	0	0

0	5	44	0	16	6	44
5	0	50	41	0	0	11
44	50	0	0	6	38	5
0	41	0	0	41	48	48
16	0	6	41	0	5	0
6	0	38	48	5	0	0
44	11	5	48	0	0	0

0	9	10	0	6	3	4
9	0	3	5	0	0	4
10	3	0	0	10	10	10
0	5	0	0	8	5	10
6	0	10	8	0	4	0
3	0	10	5	4	0	0
4	4	10	10	0	0	0

0	96	98	0	97	99	99
96	0	100	99	0	0	97
98	100	0	0	95	98	95
0	99	0	0	96	100	97
97	0	95	96	0	100	0
99	0	98	100	100	0	0
99	97	95	97	0	0	0

0	5	4	0	15	8	2
5	0	5	11	0	0	19
4	5	0	0	26	0	39
0	11	0	0	1	6	0
15	0	26	1	0	37	0
8	0	0	6	37	0	0
2	19	39	0	0	0	0

34	31
35	42
35	41
29	43
15	25
24	44
36	40
