0	0	1	1	1	1	1	0	0
0	0	1	1	1	1	0	1	1
1	1	0	1	0	1	0	1	1
1	1	1	0	1	0	1	1	0
1	1	0	1	0	0	1	0	1
1	1	1	0	0	0	1	1	1
1	0	0	1	1	1	0	0	0
0	1	1	1	0	1	0	0	1
0	1	1	0	1	1	0	1	0

0	0	9	24	50	41	43	0	0
0	0	39	22	36	20	0	17	53
9	39	0	44	0	49	0	35	28
24	22	44	0	17	0	51	40	0
50	36	0	17	0	0	48	0	34
41	20	49	0	0	0	36	36	34
43	0	0	51	48	36	0	0	0
0	17	35	40	0	36	0	0	55
0	53	28	0	34	34	0	55	0

0	0	3	9	10	10	3	0	0
0	0	4	9	10	3	0	10	8
3	4	0	3	0	3	0	3	9
9	9	3	0	6	0	5	3	0
10	10	0	6	0	0	7	0	8
10	3	3	0	0	0	9	7	4
3	0	0	5	7	9	0	0	0
0	10	3	3	0	7	0	0	6
0	8	9	0	8	4	0	6	0

0	0	98	99	98	100	95	0	0
0	0	98	97	98	100	0	96	97
98	98	0	100	0	100	0	99	95
99	97	100	0	95	0	99	97	0
98	98	0	95	0	0	98	0	99
100	100	100	0	0	0	96	98	99
95	0	0	99	98	96	0	0	0
0	96	99	97	0	98	0	0	100
0	97	95	0	99	99	0	100	0

0	0	19	17	2	13	0	0	0
0	0	1	20	12	1	0	34	2
19	1	0	11	0	1	0	10	21
17	20	11	0	7	0	1	15	0
2	12	0	7	0	0	3	0	3
13	1	1	0	0	0	9	16	3
0	0	0	1	3	9	0	0	0
0	34	10	15	0	16	0	0	0
0	2	21	0	3	3	0	0	0

23	13
24	31
37	37
14	47
10	35
37	19
39	22
10	48
10	48
