0	0	0	0	1	0	1	1	0	1
0	0	0	1	1	1	1	0	1	1
0	0	0	0	1	0	1	1	1	1
0	1	0	0	0	1	1	1	1	1
1	1	1	0	0	0	0	1	1	1
0	1	0	1	0	0	1	1	1	0
1	1	1	1	0	1	0	1	1	1
1	0	1	1	1	1	1	0	1	1
0	1	1	1	1	1	1	1	0	1
1	1	1	1	1	0	1	1	1	0

0	0	0	0	40	0	15	29	0	16
0	0	0	20	12	36	26	0	48	15
0	0	0	0	36	0	33	50	35	6
0	20	0	0	0	29	20	24	7	49
40	12	36	0	0	0	0	14	12	23
0	36	0	29	0	0	41	42	25	0
15	26	33	20	0	41	0	48	42	16
29	0	50	24	14	42	48	0	7	46
0	48	35	7	12	25	42	7	0	54
16	15	6	49	23	0	16	46	54	0

0	0	0	0	3	0	10	9	0	5
0	0	0	5	7	4	9	0	7	7
0	0	0	0	6	0	8	6	10	3
0	5	0	0	0	9	3	7	3	7
3	7	6	0	0	0	0	4	8	7
0	4	0	9	0	0	7	4	10	0
10	9	8	3	0	7	0	10	9	5
9	0	6	7	4	4	10	0	4	6
0	7	10	3	8	10	9	4	0	5
5	7	3	7	7	0	5	6	5	0

0	0	0	0	96	0	98	99	0	96
0	0	0	99	97	100	96	0	98	95
0	0	0	0	100	0	99	97	96	100
0	99	0	0	0	98	96	98	100	97
96	97	100	0	0	0	0	100	100	97
0	100	0	98	0	0	98	100	96	0
98	96	99	96	0	98	0	97	95	99
99	0	97	98	100	100	97	0	100	95
0	98	96	100	100	96	95	100	0	97
96	95	100	97	97	0	99	95	97	0

0	0	0	0	9	0	35	15	0	28
0	0	0	19	4	13	4	0	7	11
0	0	0	0	5	0	14	5	3	6
0	19	0	0	0	8	0	10	32	6
9	4	5	0	0	0	0	32	19	23
0	13	0	8	0	0	10	4	1	0
35	4	14	0	0	10	0	6	6	28
15	0	5	10	32	4	6	0	25	9
0	7	3	32	19	1	6	25	0	1
28	11	6	6	23	0	28	9	1	0

39	46
41	24
26	50
19	20
44	29
25	29
34	41
27	13
38	25
18	47
