0	1	1	1	1	1	1	1	1
1	0	1	1	1	1	1	0	1
1	1	0	1	1	1	0	1	0
1	1	1	0	1	0	1	1	1
1	1	1	1	0	0	0	1	1
1	1	1	0	0	0	0	1	1
1	1	0	1	0	0	0	1	1
1	0	1	1	1	1	1	0	1
1	1	0	1	1	1	1	1	0

0	10	31	42	51	16	41	12	45
10	0	55	41	18	54	21	0	43
31	55	0	7	47	38	0	26	0
42	41	7	0	42	0	16	35	17
51	18	47	42	0	0	0	16	41
16	54	38	0	0	0	0	26	36
41	21	0	16	0	0	0	42	26
12	0	26	35	16	26	42	0	46
45	43	0	17	41	36	26	46	0

0	3	3	4	3	3	10	8	9
3	0	7	7	5	3	4	0	5
3	7	0	9	7	10	0	8	0
4	7	9	0	10	0	7	5	5
3	5	7	10	0	0	0	8	5
3	3	10	0	0	0	0	7	9
10	4	0	7	0	0	0	3	7
8	0	8	5	8	7	3	0	9
9	5	0	5	5	9	7	9	0

0	99	96	97	98	97	100	96	99
99	0	98	96	95	96	96	0	99
96	98	0	99	98	97	0	97	0
97	96	99	0	96	0	99	97	97
98	95	98	96	0	0	0	96	98
97	96	97	0	0	0	0	98	98
100	96	0	99	0	0	0	100	100
96	0	97	97	96	98	100	0	95
99	99	0	97	98	98	100	95	0

0	2	15	4	3	12	2	41	0
2	0	0	7	31	1	11	0	12
15	0	0	26	1	0	0	20	0
4	7	26	0	13	0	34	11	18
3	31	1	13	0	0	0	17	14
12	1	0	0	0	0	0	10	1
2	11	0	34	0	0	0	13	24
41	0	20	11	17	10	13	0	1
0	12	0	18	14	1	24	1	0

12	16
47	36
41	39
41	20
24	47
35	20
37	49
41	23
14	25
