0	1	0	0	1	1	1	1	0	1
1	0	0	1	0	1	0	1	0	1
0	0	0	0	1	0	1	1	0	0
0	1	0	0	1	1	1	1	0	0
1	0	1	1	0	1	0	1	1	1
1	1	0	1	1	0	1	1	1	1
1	0	1	1	0	1	0	1	0	1
1	1	1	1	1	1	1	0	0	1
0	0	0	0	1	1	0	0	0	1
1	1	0	0	1	1	1	1	1	0

0	27	0	0	6	48	54	50	0	38
27	0	0	54	0	51	0	37	0	12
0	0	0	0	19	0	22	21	0	0
0	54	0	0	46	20	34	20	0	0
6	0	19	46	0	46	0	25	33	39
48	51	0	20	46	0	47	37	23	19
54	0	22	34	0	47	0	14	0	7
50	37	21	20	25	37	14	0	0	8
0	0	0	0	33	23	0	0	0	49
38	12	0	0	39	19	7	8	49	0

0	6	0	0	9	5	10	4	0	9
6	0	0	5	0	7	0	5	0	9
0	0	0	0	9	0	6	10	0	0
0	5	0	0	4	5	7	8	0	0
9	0	9	4	0	10	0	6	3	6
5	7	0	5	10	0	8	5	6	10
10	0	6	7	0	8	0	10	0	9
4	5	10	8	6	5	10	0	0	9
0	0	0	0	3	6	0	0	0	3
9	9	0	0	6	10	9	9	3	0

0	99	0	0	98	97	95	99	0	100
99	0	0	96	0	98	0	100	0	100
0	0	0	0	96	0	96	96	0	0
0	96	0	0	96	97	100	96	0	0
98	0	96	96	0	95	0	97	100	95
97	98	0	97	95	0	98	99	97	99
95	0	96	100	0	98	0	98	0	98
99	100	96	96	97	99	98	0	0	100
0	0	0	0	100	97	0	0	0	96
100	100	0	0	95	99	98	100	96	0

0	9	0	0	25	5	1	5	0	1
9	0	0	0	0	2	0	5	0	12
0	0	0	0	21	0	30	34	0	0
0	0	0	0	0	10	13	13	0	0
25	0	21	0	0	2	0	18	9	16
5	2	0	10	2	0	7	7	13	5
1	0	30	13	0	7	0	34	0	20
5	5	34	13	18	7	34	0	0	0
0	0	0	0	9	13	0	0	0	3
1	12	0	0	16	5	20	0	3	0

28	44
33	18
32	12
22	28
50	47
42	42
15	42
14	39
18	23
47	50
