0	1	0	1	1	1	1	0
1	0	1	1	1	1	1	1
0	1	0	1	1	1	1	1
1	1	1	0	1	1	1	0
1	1	1	1	0	1	0	1
1	1	1	1	1	0	1	1
1	1	1	1	0	1	0	0
0	1	1	0	1	1	0	0

0	34	0	54	54	12	12	0
34	0	41	22	40	35	34	47
0	41	0	14	10	32	48	26
54	22	14	0	17	45	50	0
54	40	10	17	0	54	0	55
12	35	32	45	54	0	5	53
12	34	48	50	0	5	0	0
0	47	26	0	55	53	0	0

0	10	0	10	3	10	10	0
10	0	8	4	6	9	10	7
0	8	0	8	7	4	10	9
10	4	8	0	5	6	4	0
3	6	7	5	0	3	0	6
10	9	4	6	3	0	9	4
10	10	10	4	0	9	0	0
0	7	9	0	6	4	0	0

0	95	0	100	95	99	99	0
95	0	99	97	98	95	95	98
0	99	0	100	98	99	95	97
100	97	100	0	96	96	97	0
95	98	98	96	0	98	0	96
99	95	99	96	98	0	98	100
99	95	95	97	0	98	0	0
0	98	97	0	96	100	0	0

0	16	0	1	0	31	35	0
16	0	7	2	1	18	10	7
0	7	0	11	36	18	4	15
1	2	11	0	32	5	1	0
0	1	36	32	0	0	0	0
31	18	18	5	0	0	35	1
35	10	4	1	0	35	0	0
0	7	15	0	0	1	0	0

19	49
19	22
10	30
25	42
29	33
32	45
19	50
33	18
