0	0	1	1	1	1	1	0
0	0	0	1	1	1	1	1
1	0	0	1	1	1	0	1
1	1	1	0	1	0	0	0
1	1	1	1	0	1	1	1
1	1	1	0	1	0	1	1
1	1	0	0	1	1	0	0
0	1	1	0	1	1	0	0

0	0	47	33	10	27	19	0
0	0	0	23	22	11	31	52
47	0	0	35	22	30	0	28
33	23	35	0	46	0	0	0
10	22	22	46	0	25	28	48
27	11	30	0	25	0	22	44
19	31	0	0	28	22	0	0
0	52	28	0	48	44	0	0

0	0	5	3	6	5	5	0
0	0	0	8	10	7	3	6
5	0	0	10	8	4	0	8
3	8	10	0	3	0	0	0
6	10	8	3	0	10	9	9
5	7	4	0	10	0	5	4
5	3	0	0	9	5	0	0
0	6	8	0	9	4	0	0

0	0	96	100	97	96	96	0
0	0	0	98	97	99	98	96
96	0	0	97	97	100	0	96
100	98	97	0	98	0	0	0
97	97	97	98	0	100	98	99
96	99	100	0	100	0	97	95
96	98	0	0	98	97	0	0
0	96	96	0	99	95	0	0

0	0	4	14	23	23	19	0
0	0	0	3	27	4	15	1
4	0	0	14	17	3	0	11
14	3	14	0	7	0	0	0
23	27	17	7	0	26	18	2
23	4	3	0	26	0	15	6
19	15	0	0	18	15	0	0
0	1	11	0	2	6	0	0

15	45
37	27
30	48
34	26
23	39
44	15
13	16
22	21
