0	0	1	1	1	0	1	0	1
0	0	1	1	1	1	1	0	0
1	1	0	1	0	1	1	1	1
1	1	1	0	1	1	0	1	1
1	1	0	1	0	1	0	0	1
0	1	1	1	1	0	1	1	0
1	1	1	0	0	1	0	0	1
0	0	1	1	0	1	0	0	1
1	0	1	1	1	0	1	1	0

0	0	9	18	43	0	51	0	27
0	0	17	39	20	38	52	0	0
9	17	0	23	0	47	14	43	9
18	39	23	0	50	9	0	14	45
43	20	0	50	0	25	0	0	54
0	38	47	9	25	0	5	48	0
51	52	14	0	0	5	0	0	14
0	0	43	14	0	48	0	0	10
27	0	9	45	54	0	14	10	0

0	0	10	4	6	0	10	0	3
0	0	8	4	6	5	9	0	0
10	8	0	3	0	9	5	6	5
4	4	3	0	7	6	0	9	4
6	6	0	7	0	5	0	0	7
0	5	9	6	5	0	8	5	0
10	9	5	0	0	8	0	0	10
0	0	6	9	0	5	0	0	10
3	0	5	4	7	0	10	10	0

0	0	95	96	99	0	95	0	96
0	0	97	96	95	95	97	0	0
95	97	0	97	0	95	96	97	96
96	96	97	0	95	98	0	99	97
99	95	0	95	0	95	0	0	96
0	95	95	98	95	0	97	98	0
95	97	96	0	0	97	0	0	97
0	0	97	99	0	98	0	0	100
96	0	96	97	96	0	97	100	0

0	0	37	34	11	0	4	0	0
0	0	32	2	23	0	0	0	0
37	32	0	3	0	6	10	8	24
34	2	3	0	5	19	0	20	4
11	23	0	5	0	3	0	0	0
0	0	6	19	3	0	50	7	0
4	0	10	0	0	50	0	0	25
0	0	8	20	0	7	0	0	24
0	0	24	4	0	0	25	24	0

47	12
38	30
40	29
28	31
31	19
46	26
50	41
12	16
38	36
