0	0	1	1	1	1	0
0	0	1	1	0	1	0
1	1	0	0	1	1	1
1	1	0	0	0	1	1
1	0	1	0	0	1	1
1	1	1	1	1	0	1
0	0	1	1	1	1	0

0	0	33	17	54	35	0
0	0	48	22	0	40	0
33	48	0	0	6	10	55
17	22	0	0	0	31	13
54	0	6	0	0	34	11
35	40	10	31	34	0	33
0	0	55	13	11	33	0

0	0	8	7	4	5	0
0	0	9	8	0	9	0
8	9	0	0	5	10	4
7	8	0	0	0	4	10
4	0	5	0	0	7	7
5	9	10	4	7	0	4
0	0	4	10	7	4	0

0	0	99	100	95	100	0
0	0	100	100	0	95	0
99	100	0	0	100	95	95
100	100	0	0	0	100	99
95	0	100	0	0	98	99
100	95	95	100	98	0	98
0	0	95	99	99	98	0

0	0	8	13	0	20	0
0	0	4	11	0	3	0
8	4	0	0	22	14	0
13	11	0	0	0	0	36
0	0	22	0	0	19	7
20	3	14	0	19	0	19
0	0	0	36	7	19	0

23	42
30	41
30	31
24	23
37	37
12	22
33	45
