0	0	0	0	0	0	0	1	1	1
0	0	0	1	0	1	1	0	1	1
0	0	0	1	0	0	1	0	1	1
0	1	1	0	0	0	1	0	0	1
0	0	0	0	0	1	0	1	1	1
0	1	0	0	1	0	1	1	1	0
0	1	1	1	0	1	0	0	1	1
1	0	0	0	1	1	0	0	0	1
1	1	1	0	1	1	1	0	0	1
1	1	1	1	1	0	1	1	1	0

0	0	0	0	0	0	0	39	52	38
0	0	0	43	0	48	40	0	36	44
0	0	0	36	0	0	52	0	20	29
0	43	36	0	0	0	51	0	0	35
0	0	0	0	0	23	0	18	7	49
0	48	0	0	23	0	41	12	11	0
0	40	52	51	0	41	0	0	34	32
39	0	0	0	18	12	0	0	0	15
52	36	20	0	7	11	34	0	0	36
38	44	29	35	49	0	32	15	36	0

0	0	0	0	0	0	0	5	3	8
0	0	0	4	0	4	3	0	5	10
0	0	0	4	0	0	6	0	8	10
0	4	4	0	0	0	10	0	0	3
0	0	0	0	0	7	0	7	10	3
0	4	0	0	7	0	5	5	6	0
0	3	6	10	0	5	0	0	3	3
5	0	0	0	7	5	0	0	0	5
3	5	8	0	10	6	3	0	0	8
8	10	10	3	3	0	3	5	8	0

0	0	0	0	0	0	0	96	100	98
0	0	0	96	0	100	98	0	95	96
0	0	0	100	0	0	98	0	98	97
0	96	100	0	0	0	99	0	0	97
0	0	0	0	0	96	0	95	100	99
0	100	0	0	96	0	97	99	98	0
0	98	98	99	0	97	0	0	97	95
96	0	0	0	95	99	0	0	0	100
100	95	98	0	100	98	97	0	0	98
98	96	97	97	99	0	95	100	98	0

0	0	0	0	0	0	0	15	1	15
0	0	0	3	0	5	11	0	2	3
0	0	0	14	0	0	1	0	12	23
0	3	14	0	0	0	1	0	0	8
0	0	0	0	0	25	0	24	2	3
0	5	0	0	25	0	9	42	2	0
0	11	1	1	0	9	0	0	10	10
15	0	0	0	24	42	0	0	0	37
1	2	12	0	2	2	10	0	0	3
15	3	23	8	3	0	10	37	3	0

19	21
49	31
10	16
19	16
40	18
39	38
21	32
21	22
49	10
40	26
