0	1	1	1	1	1	0	0	1	0
1	0	1	0	1	1	0	1	1	0
1	1	0	1	1	1	1	1	0	1
1	0	1	0	1	0	0	1	1	1
1	1	1	1	0	1	1	1	0	1
1	1	1	0	1	0	1	1	0	0
0	0	1	0	1	1	0	0	1	1
0	1	1	1	1	1	0	0	1	0
1	1	0	1	0	0	1	1	0	1
0	0	1	1	1	0	1	0	1	0

0	33	48	21	38	55	0	0	38	0
33	0	25	0	34	41	0	34	43	0
48	25	0	25	28	32	50	30	0	37
21	0	25	0	43	0	0	25	46	19
38	34	28	43	0	26	30	31	0	33
55	41	32	0	26	0	37	43	0	0
0	0	50	0	30	37	0	0	21	44
0	34	30	25	31	43	0	0	36	0
38	43	0	46	0	0	21	36	0	49
0	0	37	19	33	0	44	0	49	0

0	6	5	3	9	9	0	0	6	0
6	0	5	0	6	5	0	9	5	0
5	5	0	4	5	4	10	7	0	5
3	0	4	0	10	0	0	6	8	10
9	6	5	10	0	9	8	10	0	6
9	5	4	0	9	0	10	9	0	0
0	0	10	0	8	10	0	0	8	8
0	9	7	6	10	9	0	0	5	0
6	5	0	8	0	0	8	5	0	6
0	0	5	10	6	0	8	0	6	0

0	96	99	96	96	95	0	0	96	0
96	0	97	0	96	95	0	99	95	0
99	97	0	96	97	99	95	95	0	99
96	0	96	0	100	0	0	97	97	98
96	96	97	100	0	95	95	98	0	96
95	95	99	0	95	0	100	98	0	0
0	0	95	0	95	100	0	0	100	100
0	99	95	97	98	98	0	0	97	0
96	95	0	97	0	0	100	97	0	96
0	0	99	98	96	0	100	0	96	0

0	22	7	27	2	0	0	0	16	0
22	0	10	0	2	10	0	18	2	0
7	10	0	10	1	8	1	0	0	4
27	0	10	0	10	0	0	28	6	4
2	2	1	10	0	11	19	15	0	14
0	10	8	0	11	0	10	0	0	0
0	0	1	0	19	10	0	0	12	10
0	18	0	28	15	0	0	0	2	0
16	2	0	6	0	0	12	2	0	3
0	0	4	4	14	0	10	0	3	0

37	37
26	31
24	37
42	24
40	45
37	45
25	39
18	13
18	21
27	10
