0	1	1	1	1	1	1	1	0
1	0	0	1	1	1	1	0	0
1	0	0	1	1	1	1	1	0
1	1	1	0	1	0	0	1	1
1	1	1	1	0	1	0	1	1
1	1	1	0	1	0	1	1	0
1	1	1	0	0	1	0	1	0
1	0	1	1	1	1	1	0	1
0	0	0	1	1	0	0	1	0

0	25	25	42	35	35	13	51	0
25	0	0	38	53	48	44	0	0
25	0	0	41	41	37	28	14	0
42	38	41	0	39	0	0	39	27
35	53	41	39	0	12	0	50	28
35	48	37	0	12	0	24	18	0
13	44	28	0	0	24	0	43	0
51	0	14	39	50	18	43	0	33
0	0	0	27	28	0	0	33	0

0	8	8	5	8	9	10	7	0
8	0	0	5	3	5	6	0	0
8	0	0	10	10	9	6	10	0
5	5	10	0	4	0	0	8	8
8	3	10	4	0	7	0	7	7
9	5	9	0	7	0	8	3	0
10	6	6	0	0	8	0	5	0
7	0	10	8	7	3	5	0	6
0	0	0	8	7	0	0	6	0

0	98	98	99	97	95	97	97	0
98	0	0	97	99	99	98	0	0
98	0	0	96	98	98	100	95	0
99	97	96	0	97	0	0	96	97
97	99	98	97	0	96	0	96	95
95	99	98	0	96	0	100	98	0
97	98	100	0	0	100	0	97	0
97	0	95	96	96	98	97	0	95
0	0	0	97	95	0	0	95	0

0	12	19	0	10	4	24	3	0
12	0	0	10	2	1	5	0	0
19	0	0	5	3	18	27	13	0
0	10	5	0	2	0	0	0	4
10	2	3	2	0	11	0	3	17
4	1	18	0	11	0	1	11	0
24	5	27	0	0	1	0	4	0
3	0	13	0	3	11	4	0	2
0	0	0	4	17	0	0	2	0

12	46
13	46
22	22
47	29
46	36
43	31
20	43
28	22
35	16
