0	0	1	1	1	0	1	1	0	1
0	0	1	1	1	0	0	0	1	1
1	1	0	1	0	1	1	0	0	1
1	1	1	0	1	1	1	1	1	1
1	1	0	1	0	1	1	1	0	1
0	0	1	1	1	0	1	0	1	1
1	0	1	1	1	1	0	1	1	1
1	0	0	1	1	0	1	0	0	1
0	1	0	1	0	1	1	0	0	1
1	1	1	1	1	1	1	1	1	0

0	0	48	15	33	0	20	36	0	16
0	0	17	53	34	0	0	0	17	22
48	17	0	18	0	27	22	0	0	26
15	53	18	0	17	13	26	44	19	10
33	34	0	17	0	40	12	43	0	31
0	0	27	13	40	0	11	0	6	24
20	0	22	26	12	11	0	35	47	38
36	0	0	44	43	0	35	0	0	28
0	17	0	19	0	6	47	0	0	42
16	22	26	10	31	24	38	28	42	0

0	0	3	3	8	0	6	6	0	8
0	0	4	5	6	0	0	0	7	3
3	4	0	4	0	6	10	0	0	5
3	5	4	0	3	6	8	9	10	5
8	6	0	3	0	3	9	5	0	9
0	0	6	6	3	0	9	0	7	5
6	0	10	8	9	9	0	5	9	3
6	0	0	9	5	0	5	0	0	7
0	7	0	10	0	7	9	0	0	9
8	3	5	5	9	5	3	7	9	0

0	0	96	99	96	0	95	95	0	100
0	0	100	98	96	0	0	0	97	100
96	100	0	96	0	99	99	0	0	95
99	98	96	0	99	100	97	99	95	96
96	96	0	99	0	97	99	96	0	100
0	0	99	100	97	0	98	0	99	98
95	0	99	97	99	98	0	98	99	95
95	0	0	99	96	0	98	0	0	99
0	97	0	95	0	99	99	0	0	97
100	100	95	96	100	98	95	99	97	0

0	0	0	32	12	0	23	10	0	23
0	0	33	1	3	0	0	0	33	8
0	33	0	18	0	25	30	0	0	28
32	1	18	0	24	32	4	3	28	22
12	3	0	24	0	3	42	0	0	21
0	0	25	32	3	0	21	0	44	8
23	0	30	4	42	21	0	13	2	7
10	0	0	3	0	0	13	0	0	2
0	33	0	28	0	44	2	0	0	12
23	8	28	22	21	8	7	2	12	0

34	23
23	14
13	50
26	45
38	40
36	21
47	45
33	48
21	49
17	35
