0	0	0	1	1	1	1	1	1
0	0	1	1	1	1	1	1	0
0	1	0	1	1	0	1	0	1
1	1	1	0	1	1	1	0	1
1	1	1	1	0	1	1	1	0
1	1	0	1	1	0	0	1	0
1	1	1	1	1	0	0	0	1
1	1	0	0	1	1	0	0	1
1	0	1	1	0	0	1	1	0

0	0	0	24	26	55	50	29	9
0	0	34	37	42	8	53	32	0
0	34	0	28	6	0	30	0	39
24	37	28	0	49	13	13	0	17
26	42	6	49	0	32	51	21	0
55	8	0	13	32	0	0	43	0
50	53	30	13	51	0	0	0	28
29	32	0	0	21	43	0	0	14
9	0	39	17	0	0	28	14	0

0	0	0	3	6	4	8	9	9
0	0	8	8	10	10	9	5	0
0	8	0	5	3	0	9	0	6
3	8	5	0	4	5	10	0	5
6	10	3	4	0	4	4	10	0
4	10	0	5	4	0	0	9	0
8	9	9	10	4	0	0	0	7
9	5	0	0	10	9	0	0	6
9	0	6	5	0	0	7	6	0

0	0	0	100	97	98	99	99	96
0	0	95	96	99	98	96	99	0
0	95	0	98	97	0	96	0	97
100	96	98	0	99	100	96	0	99
97	99	97	99	0	97	97	99	0
98	98	0	100	97	0	0	98	0
99	96	96	96	97	0	0	0	99
99	99	0	0	99	98	0	0	98
96	0	97	99	0	0	99	98	0

0	0	0	27	1	0	5	21	27
0	0	17	14	0	45	0	1	0
0	17	0	11	39	0	21	0	11
27	14	11	0	1	42	21	0	16
1	0	39	1	0	17	1	19	0
0	45	0	42	17	0	0	3	0
5	0	21	21	1	0	0	0	16
21	1	0	0	19	3	0	0	36
27	0	11	16	0	0	16	36	0

39	47
33	37
32	10
25	23
16	34
10	20
29	17
19	47
31	15
