0	1	0	0	1	1	1	1
1	0	1	1	1	1	0	1
0	1	0	1	1	1	1	1
0	1	1	0	1	0	1	1
1	1	1	1	0	1	0	1
1	1	1	0	1	0	1	1
1	0	1	1	0	1	0	0
1	1	1	1	1	1	0	0

0	39	0	0	50	39	47	28
39	0	15	27	9	41	0	32
0	15	0	43	53	24	27	5
0	27	43	0	19	0	13	42
50	9	53	19	0	28	0	44
39	41	24	0	28	0	52	16
47	0	27	13	0	52	0	0
28	32	5	42	44	16	0	0

0	9	0	0	10	4	4	8
9	0	6	8	3	6	0	3
0	6	0	4	8	10	4	4
0	8	4	0	9	0	6	10
10	3	8	9	0	4	0	10
4	6	10	0	4	0	10	9
4	0	4	6	0	10	0	0
8	3	4	10	10	9	0	0

0	99	0	0	100	95	96	99
99	0	98	100	98	96	0	100
0	98	0	96	96	96	95	98
0	100	96	0	96	0	96	100
100	98	96	96	0	95	0	96
95	96	96	0	95	0	100	98
96	0	95	96	0	100	0	0
99	100	98	100	96	98	0	0

0	0	0	0	5	6	2	16
0	0	36	3	38	2	0	10
0	36	0	7	1	13	2	23
0	3	7	0	18	0	38	7
5	38	1	18	0	17	0	5
6	2	13	0	17	0	3	24
2	0	2	38	0	3	0	0
16	10	23	7	5	24	0	0

43	45
43	26
17	37
22	23
10	18
47	26
38	29
36	32
