0	1	0	1	1	1	0
1	0	1	1	0	1	0
0	1	0	0	1	1	0
1	1	0	0	1	0	1
1	0	1	1	0	0	0
1	1	1	0	0	0	1
0	0	0	1	0	1	0

0	28	0	19	40	43	0
28	0	11	51	0	30	0
0	11	0	0	31	10	0
19	51	0	0	48	0	5
40	0	31	48	0	0	0
43	30	10	0	0	0	24
0	0	0	5	0	24	0

0	8	0	7	4	10	0
8	0	7	5	0	8	0
0	7	0	0	7	7	0
7	5	0	0	8	0	3
4	0	7	8	0	0	0
10	8	7	0	0	0	9
0	0	0	3	0	9	0

0	95	0	97	95	100	0
95	0	100	98	0	96	0
0	100	0	0	99	96	0
97	98	0	0	96	0	96
95	0	99	96	0	0	0
100	96	96	0	0	0	95
0	0	0	96	0	95	0

0	19	0	19	9	7	0
19	0	33	3	0	18	0
0	33	0	0	14	38	0
19	3	0	0	6	0	3
9	0	14	6	0	0	0
7	18	38	0	0	0	26
0	0	0	3	0	26	0

14	36
21	21
46	35
12	41
11	16
35	11
19	31
