0	0	1	1	1	0	1	1	0	1
0	0	1	1	1	0	0	0	1	1
1	1	0	1	0	1	1	0	0	1
1	1	1	0	1	1	1	1	1	1
1	1	0	1	0	1	1	1	0	1
0	0	1	1	1	0	1	0	1	1
1	0	1	1	1	1	0	1	1	1
1	0	0	1	1	0	1	0	0	1
0	1	0	1	0	1	1	0	0	1
1	1	1	1	1	1	1	1	1	0

0	0	24	39	45	0	31	24	0	34
0	0	16	52	43	0	0	0	17	45
24	16	0	45	0	48	23	0	0	36
39	52	45	0	43	29	15	55	42	10
45	43	0	43	0	11	6	36	0	44
0	0	48	29	11	0	11	0	41	51
31	0	23	15	6	11	0	54	22	43
24	0	0	55	36	0	54	0	0	9
0	17	0	42	0	41	22	0	0	6
34	45	36	10	44	51	43	9	6	0

0	0	10	10	5	0	3	8	0	9
0	0	5	5	3	0	0	0	3	3
10	5	0	3	0	10	10	0	0	5
10	5	3	0	8	6	4	6	10	4
5	3	0	8	0	3	9	6	0	5
0	0	10	6	3	0	4	0	4	3
3	0	10	4	9	4	0	3	4	5
8	0	0	6	6	0	3	0	0	8
0	3	0	10	0	4	4	0	0	4
9	3	5	4	5	3	5	8	4	0

0	0	95	96	99	0	97	98	0	96
0	0	98	97	99	0	0	0	97	97
95	98	0	97	0	97	100	0	0	96
96	97	97	0	96	97	97	95	99	97
99	99	0	96	0	99	96	95	0	96
0	0	97	97	99	0	98	0	97	99
97	0	100	97	96	98	0	97	98	97
98	0	0	95	95	0	97	0	0	98
0	97	0	99	0	97	98	0	0	95
96	97	96	97	96	99	97	98	95	0

0	0	27	2	9	0	14	0	0	2
0	0	8	3	0	0	0	0	2	10
27	8	0	10	0	2	18	0	0	3
2	3	10	0	10	11	25	0	3	18
9	0	0	10	0	30	41	0	0	7
0	0	2	11	30	0	25	0	9	4
14	0	18	25	41	25	0	0	12	9
0	0	0	0	0	0	0	0	0	3
0	2	0	3	0	9	12	0	0	11
2	10	3	18	7	4	9	3	11	0

18	40
46	38
39	37
36	33
11	40
14	40
24	28
27	31
47	27
17	26
