0	1	1	1	1	0	0
1	0	0	1	0	1	1
1	0	0	1	0	1	1
1	1	1	0	0	1	0
1	0	0	0	0	0	1
0	1	1	1	0	0	1
0	1	1	0	1	1	0

0	37	29	43	15	0	0
37	0	0	20	0	19	32
29	0	0	26	0	39	50
43	20	26	0	0	5	0
15	0	0	0	0	0	46
0	19	39	5	0	0	41
0	32	50	0	46	41	0

0	4	4	5	4	0	0
4	0	0	4	0	4	8
4	0	0	4	0	8	7
5	4	4	0	0	10	0
4	0	0	0	0	0	4
0	4	8	10	0	0	9
0	8	7	0	4	9	0

0	95	97	99	100	0	0
95	0	0	96	0	100	95
97	0	0	96	0	97	100
99	96	96	0	0	95	0
100	0	0	0	0	0	99
0	100	97	95	0	0	99
0	95	100	0	99	99	0

0	11	3	4	15	0	0
11	0	0	30	0	0	23
3	0	0	12	0	11	1
4	30	12	0	0	25	0
15	0	0	0	0	0	1
0	0	11	25	0	0	6
0	23	1	0	1	6	0

42	48
17	44
39	49
11	44
34	11
24	18
10	42
