0	1	1	1	0	1	0	0	0
1	0	1	1	1	1	1	1	1
1	1	0	0	0	1	1	1	1
1	1	0	0	0	1	1	0	0
0	1	0	0	0	1	0	0	1
1	1	1	1	1	0	1	0	1
0	1	1	1	0	1	0	1	1
0	1	1	0	0	0	1	0	0
0	1	1	0	1	1	1	0	0

0	28	24	26	0	13	0	0	0
28	0	17	33	21	12	27	54	53
24	17	0	0	0	32	54	6	33
26	33	0	0	0	27	10	0	0
0	21	0	0	0	46	0	0	27
13	12	32	27	46	0	20	0	19
0	27	54	10	0	20	0	40	49
0	54	6	0	0	0	40	0	0
0	53	33	0	27	19	49	0	0

0	7	10	9	0	3	0	0	0
7	0	5	6	10	9	9	3	5
10	5	0	0	0	4	7	8	9
9	6	0	0	0	7	7	0	0
0	10	0	0	0	5	0	0	8
3	9	4	7	5	0	7	0	6
0	9	7	7	0	7	0	7	8
0	3	8	0	0	0	7	0	0
0	5	9	0	8	6	8	0	0

0	95	97	100	0	97	0	0	0
95	0	98	100	99	98	99	98	95
97	98	0	0	0	96	100	98	98
100	100	0	0	0	99	99	0	0
0	99	0	0	0	100	0	0	97
97	98	96	99	100	0	100	0	95
0	99	100	99	0	100	0	96	96
0	98	98	0	0	0	96	0	0
0	95	98	0	97	95	96	0	0

0	5	26	19	0	28	0	0	0
5	0	14	15	8	43	28	0	1
26	14	0	0	0	6	0	2	2
19	15	0	0	0	8	17	0	0
0	8	0	0	0	2	0	0	0
28	43	6	8	2	0	16	0	20
0	28	0	17	0	16	0	2	1
0	0	2	0	0	0	2	0	0
0	1	2	0	0	20	1	0	0

33	18
33	41
19	26
41	11
41	20
44	27
31	49
26	38
36	18
