0	1	1	1	1	1	0
1	0	0	1	0	0	1
1	0	0	1	1	0	1
1	1	1	0	1	0	1
1	0	1	1	0	0	0
1	0	0	0	0	0	1
0	1	1	1	0	1	0

0	17	19	34	23	26	0
17	0	0	6	0	0	33
19	0	0	54	52	0	34
34	6	54	0	38	0	19
23	0	52	38	0	0	0
26	0	0	0	0	0	45
0	33	34	19	0	45	0

0	6	3	7	10	6	0
6	0	0	6	0	0	7
3	0	0	10	4	0	9
7	6	10	0	5	0	4
10	0	4	5	0	0	0
6	0	0	0	0	0	3
0	7	9	4	0	3	0

0	99	98	98	99	96	0
99	0	0	98	0	0	98
98	0	0	95	98	0	100
98	98	95	0	96	0	98
99	0	98	96	0	0	0
96	0	0	0	0	0	96
0	98	100	98	0	96	0

0	1	19	21	18	21	0
1	0	0	7	0	0	7
19	0	0	0	0	0	10
21	7	0	0	10	0	21
18	0	0	10	0	0	0
21	0	0	0	0	0	6
0	7	10	21	0	6	0

30	42
14	20
13	32
38	27
20	12
30	36
42	34
