0	1	1	1	1	1	1
1	0	1	1	0	0	1
1	1	0	1	1	1	1
1	1	1	0	1	0	1
1	0	1	1	0	0	1
1	0	1	0	0	0	1
1	1	1	1	1	1	0

0	49	31	12	31	9	43
49	0	16	23	0	0	17
31	16	0	46	37	15	46
12	23	46	0	17	0	35
31	0	37	17	0	0	47
9	0	15	0	0	0	19
43	17	46	35	47	19	0

0	7	10	4	6	8	9
7	0	3	10	0	0	7
10	3	0	4	9	4	6
4	10	4	0	10	0	8
6	0	9	10	0	0	4
8	0	4	0	0	0	3
9	7	6	8	4	3	0

0	100	95	97	99	99	96
100	0	100	98	0	0	96
95	100	0	100	98	100	95
97	98	100	0	99	0	95
99	0	98	99	0	0	100
99	0	100	0	0	0	100
96	96	95	95	100	100	0

0	4	12	33	22	46	1
4	0	14	29	0	0	16
12	14	0	7	13	10	4
33	29	7	0	11	0	8
22	0	13	11	0	0	3
46	0	10	0	0	0	8
1	16	4	8	3	8	0

47	39
37	35
32	42
37	35
45	21
44	50
19	23
