0	1	1	1	1	1	1	0	0
1	0	1	0	1	1	1	0	0
1	1	0	1	1	1	1	1	1
1	0	1	0	1	0	1	0	1
1	1	1	1	0	1	1	1	1
1	1	1	0	1	0	0	0	0
1	1	1	1	1	0	0	1	1
0	0	1	0	1	0	1	0	1
0	0	1	1	1	0	1	1	0

0	25	15	28	43	42	14	0	0
25	0	34	0	31	29	19	0	0
15	34	0	38	51	11	12	43	45
28	0	38	0	36	0	10	0	5
43	31	51	36	0	8	42	40	54
42	29	11	0	8	0	0	0	0
14	19	12	10	42	0	0	27	16
0	0	43	0	40	0	27	0	42
0	0	45	5	54	0	16	42	0

0	5	4	10	3	8	9	0	0
5	0	6	0	5	10	8	0	0
4	6	0	8	3	10	9	3	9
10	0	8	0	4	0	3	0	10
3	5	3	4	0	8	7	8	6
8	10	10	0	8	0	0	0	0
9	8	9	3	7	0	0	3	8
0	0	3	0	8	0	3	0	9
0	0	9	10	6	0	8	9	0

0	99	98	99	96	99	97	0	0
99	0	100	0	100	100	95	0	0
98	100	0	97	98	98	96	99	97
99	0	97	0	97	0	99	0	100
96	100	98	97	0	97	97	96	96
99	100	98	0	97	0	0	0	0
97	95	96	99	97	0	0	98	95
0	0	99	0	96	0	98	0	98
0	0	97	100	96	0	95	98	0

0	23	5	21	10	1	26	0	0
23	0	7	0	21	1	23	0	0
5	7	0	17	4	41	19	10	3
21	0	17	0	2	0	39	0	36
10	21	4	2	0	47	13	8	0
1	1	41	0	47	0	0	0	0
26	23	19	39	13	0	0	10	39
0	0	10	0	8	0	10	0	3
0	0	3	36	0	0	39	3	0

20	40
38	21
44	45
25	17
35	16
39	17
19	45
26	22
39	28
