0	0	0	1	0	1	1	1	1
0	0	1	0	0	1	1	0	1
0	1	0	1	1	1	1	0	0
1	0	1	0	1	0	1	0	1
0	0	1	1	0	0	1	1	1
1	1	1	0	0	0	0	1	1
1	1	1	1	1	0	0	1	1
1	0	0	0	1	1	1	0	0
1	1	0	1	1	1	1	0	0

0	0	0	19	0	16	26	7	48
0	0	45	0	0	51	31	0	25
0	45	0	37	28	20	47	0	0
19	0	37	0	34	0	41	0	29
0	0	28	34	0	0	46	28	13
16	51	20	0	0	0	0	16	22
26	31	47	41	46	0	0	47	46
7	0	0	0	28	16	47	0	0
48	25	0	29	13	22	46	0	0

0	0	0	7	0	9	4	6	6
0	0	4	0	0	4	6	0	8
0	4	0	10	6	6	9	0	0
7	0	10	0	10	0	10	0	5
0	0	6	10	0	0	4	3	9
9	4	6	0	0	0	0	7	4
4	6	9	10	4	0	0	7	6
6	0	0	0	3	7	7	0	0
6	8	0	5	9	4	6	0	0

0	0	0	96	0	97	100	95	98
0	0	99	0	0	97	96	0	99
0	99	0	100	98	97	97	0	0
96	0	100	0	98	0	97	0	95
0	0	98	98	0	0	97	95	96
97	97	97	0	0	0	0	98	98
100	96	97	97	97	0	0	100	99
95	0	0	0	95	98	100	0	0
98	99	0	95	96	98	99	0	0

0	0	0	4	0	7	9	4	7
0	0	2	0	0	3	11	0	5
0	2	0	14	2	2	5	0	0
4	0	14	0	9	0	5	0	22
0	0	2	9	0	0	8	7	16
7	3	2	0	0	0	0	13	0
9	11	5	5	8	0	0	1	0
4	0	0	0	7	13	1	0	0
7	5	0	22	16	0	0	0	0

25	39
44	29
17	41
44	48
38	41
49	49
46	25
26	12
16	26
