0	1	1	1	1	1	1
1	0	1	0	1	0	0
1	1	0	1	1	0	0
1	0	1	0	1	0	1
1	1	1	1	0	0	1
1	0	0	0	0	0	1
1	0	0	1	1	1	0

0	50	8	41	53	35	5
50	0	24	0	46	0	0
8	24	0	41	7	0	0
41	0	41	0	34	0	30
53	46	7	34	0	0	50
35	0	0	0	0	0	22
5	0	0	30	50	22	0

0	10	3	9	9	8	6
10	0	5	0	7	0	0
3	5	0	6	8	0	0
9	0	6	0	6	0	5
9	7	8	6	0	0	8
8	0	0	0	0	0	9
6	0	0	5	8	9	0

0	99	98	98	95	98	96
99	0	98	0	99	0	0
98	98	0	99	99	0	0
98	0	99	0	98	0	96
95	99	99	98	0	0	100
98	0	0	0	0	0	96
96	0	0	96	100	96	0

0	3	32	5	1	9	37
3	0	24	0	2	0	0
32	24	0	7	35	0	0
5	0	7	0	4	0	13
1	2	35	4	0	0	0
9	0	0	0	0	0	25
37	0	0	13	0	25	0

37	29
11	49
21	24
10	11
49	24
50	47
40	16
