0	0	1	1	1	1	1	0	1	1
0	0	1	1	1	1	1	1	1	1
1	1	0	1	0	1	1	1	0	1
1	1	1	0	1	1	1	1	1	1
1	1	0	1	0	0	1	1	1	0
1	1	1	1	0	0	1	1	0	1
1	1	1	1	1	1	0	1	1	0
0	1	1	1	1	1	1	0	1	1
1	1	0	1	1	0	1	1	0	0
1	1	1	1	0	1	0	1	0	0

0	0	32	41	47	40	30	0	39	30
0	0	26	49	9	45	8	21	47	49
32	26	0	9	0	30	7	54	0	22
41	49	9	0	49	27	6	12	25	43
47	9	0	49	0	0	54	8	30	0
40	45	30	27	0	0	6	28	0	54
30	8	7	6	54	6	0	49	6	0
0	21	54	12	8	28	49	0	29	19
39	47	0	25	30	0	6	29	0	0
30	49	22	43	0	54	0	19	0	0

0	0	10	6	10	8	3	0	7	6
0	0	8	9	4	8	3	9	10	4
10	8	0	10	0	4	9	8	0	10
6	9	10	0	7	3	8	8	10	3
10	4	0	7	0	0	7	5	7	0
8	8	4	3	0	0	8	9	0	10
3	3	9	8	7	8	0	3	6	0
0	9	8	8	5	9	3	0	10	7
7	10	0	10	7	0	6	10	0	0
6	4	10	3	0	10	0	7	0	0

0	0	100	100	100	100	95	0	100	96
0	0	100	96	100	96	95	100	96	97
100	100	0	96	0	97	100	98	0	98
100	96	96	0	98	95	95	98	100	99
100	100	0	98	0	0	100	98	100	0
100	96	97	95	0	0	99	100	0	100
95	95	100	95	100	99	0	95	95	0
0	100	98	98	98	100	95	0	99	100
100	96	0	100	100	0	95	99	0	0
96	97	98	99	0	100	0	100	0	0

0	0	9	7	1	11	8	0	12	18
0	0	19	5	23	9	21	6	4	4
9	19	0	42	0	3	11	0	0	18
7	5	42	0	3	26	8	2	3	7
1	23	0	3	0	0	0	2	2	0
11	9	3	26	0	0	46	26	0	0
8	21	11	8	0	46	0	5	20	0
0	6	0	2	2	26	5	0	22	16
12	4	0	3	2	0	20	22	0	0
18	4	18	7	0	0	0	16	0	0

18	10
39	41
39	13
46	36
25	14
36	14
47	31
33	43
10	41
15	29
