0	1	1	1	1	1	0	1	1	1
1	0	0	1	0	0	0	0	1	0
1	0	0	1	1	1	1	1	0	1
1	1	1	0	1	1	1	1	0	0
1	0	1	1	0	1	1	1	1	1
1	0	1	1	1	0	1	1	0	0
0	0	1	1	1	1	0	1	1	1
1	0	1	1	1	1	1	0	0	1
1	1	0	0	1	0	1	0	0	1
1	0	1	0	1	0	1	1	1	0

0	23	23	55	26	25	0	5	11	26
23	0	0	19	0	0	0	0	46	0
23	0	0	43	10	42	51	30	0	40
55	19	43	0	17	23	51	26	0	0
26	0	10	17	0	55	46	15	40	22
25	0	42	23	55	0	51	42	0	0
0	0	51	51	46	51	0	37	8	13
5	0	30	26	15	42	37	0	0	32
11	46	0	0	40	0	8	0	0	29
26	0	40	0	22	0	13	32	29	0

0	6	6	6	3	9	0	7	7	4
6	0	0	7	0	0	0	0	3	0
6	0	0	9	10	8	3	5	0	4
6	7	9	0	4	6	4	6	0	0
3	0	10	4	0	3	6	9	4	7
9	0	8	6	3	0	8	7	0	0
0	0	3	4	6	8	0	5	8	9
7	0	5	6	9	7	5	0	0	10
7	3	0	0	4	0	8	0	0	9
4	0	4	0	7	0	9	10	9	0

0	98	98	99	97	100	0	98	97	99
98	0	0	97	0	0	0	0	100	0
98	0	0	99	98	98	98	99	0	98
99	97	99	0	98	95	100	97	0	0
97	0	98	98	0	95	97	97	100	95
100	0	98	95	95	0	97	99	0	0
0	0	98	100	97	97	0	97	97	95
98	0	99	97	97	99	97	0	0	96
97	100	0	0	100	0	97	0	0	99
99	0	98	0	95	0	95	96	99	0

0	11	1	0	24	13	0	16	25	19
11	0	0	14	0	0	0	0	6	0
1	0	0	3	27	8	0	0	0	8
0	14	3	0	4	21	0	2	0	0
24	0	27	4	0	0	0	38	12	15
13	0	8	21	0	0	4	4	0	0
0	0	0	0	0	4	0	16	0	9
16	0	0	2	38	4	16	0	0	7
25	6	0	0	12	0	0	0	0	6
19	0	8	0	15	0	9	7	6	0

26	15
47	32
11	18
21	17
15	23
27	27
20	47
41	17
11	50
16	50
