0	1	1	1	1	1	1	1
1	0	1	1	1	0	1	1
1	1	0	1	0	1	1	1
1	1	1	0	0	1	1	0
1	1	0	0	0	1	1	0
1	0	1	1	1	0	1	1
1	1	1	1	1	1	0	0
1	1	1	0	0	1	0	0

0	31	26	51	40	46	40	46
31	0	26	28	54	0	21	52
26	26	0	12	0	18	24	25
51	28	12	0	0	28	27	0
40	54	0	0	0	43	22	0
46	0	18	28	43	0	25	20
40	21	24	27	22	25	0	0
46	52	25	0	0	20	0	0

0	5	5	10	9	6	10	3
5	0	7	9	10	0	7	10
5	7	0	9	0	10	6	3
10	9	9	0	0	6	10	0
9	10	0	0	0	6	8	0
6	0	10	6	6	0	4	8
10	7	6	10	8	4	0	0
3	10	3	0	0	8	0	0

0	98	99	99	98	95	97	99
98	0	99	97	97	0	99	95
99	99	0	99	0	95	96	97
99	97	99	0	0	99	95	0
98	97	0	0	0	99	100	0
95	0	95	99	99	0	96	97
97	99	96	95	100	96	0	0
99	95	97	0	0	97	0	0

0	22	6	3	9	0	7	7
22	0	1	16	0	0	15	0
6	1	0	6	0	4	20	15
3	16	6	0	0	25	10	0
9	0	0	0	0	3	17	0
0	0	4	25	3	0	17	29
7	15	20	10	17	17	0	0
7	0	15	0	0	29	0	0

42	47
37	48
32	37
37	17
11	44
14	35
47	23
27	46
