0	1	1	1	1	1	1	1	1
1	0	1	1	1	1	1	0	1
1	1	0	1	1	1	0	1	0
1	1	1	0	1	0	1	1	1
1	1	1	1	0	0	0	1	1
1	1	1	0	0	0	0	1	1
1	1	0	1	0	0	0	1	1
1	0	1	1	1	1	1	0	1
1	1	0	1	1	1	1	1	0

0	34	25	5	37	18	39	55	27
34	0	13	17	23	51	34	0	7
25	13	0	13	8	54	0	48	0
5	17	13	0	21	0	41	44	5
37	23	8	21	0	0	0	48	10
18	51	54	0	0	0	0	24	51
39	34	0	41	0	0	0	31	25
55	0	48	44	48	24	31	0	37
27	7	0	5	10	51	25	37	0

0	10	10	9	7	7	6	3	4
10	0	8	8	3	5	5	0	8
10	8	0	10	9	4	0	9	0
9	8	10	0	5	0	7	10	9
7	3	9	5	0	0	0	4	4
7	5	4	0	0	0	0	9	10
6	5	0	7	0	0	0	3	6
3	0	9	10	4	9	3	0	10
4	8	0	9	4	10	6	10	0

0	98	100	96	99	99	100	96	98
98	0	98	98	99	95	100	0	97
100	98	0	95	95	96	0	99	0
96	98	95	0	96	0	99	96	97
99	99	95	96	0	0	0	97	97
99	95	96	0	0	0	0	97	95
100	100	0	99	0	0	0	97	98
96	0	99	96	97	97	97	0	100
98	97	0	97	97	95	98	100	0

0	1	20	1	13	17	0	0	20
1	0	30	13	16	0	20	0	46
20	30	0	35	21	1	0	0	0
1	13	35	0	15	0	13	1	29
13	16	21	15	0	0	0	2	22
17	0	1	0	0	0	0	18	3
0	20	0	13	0	0	0	4	7
0	0	0	1	2	18	4	0	8
20	46	0	29	22	3	7	8	0

11	16
41	33
17	45
30	16
30	46
36	30
16	50
30	40
13	37
