0	1	1	1	0	1	1	1	1
1	0	0	0	1	1	1	1	1
1	0	0	1	1	0	1	1	0
1	0	1	0	1	1	1	1	1
0	1	1	1	0	1	1	1	0
1	1	0	1	1	0	1	1	1
1	1	1	1	1	1	0	1	1
1	1	1	1	1	1	1	0	0
1	1	0	1	0	1	1	0	0

0	15	37	35	0	13	28	12	29
15	0	0	0	17	27	35	52	7
37	0	0	9	54	0	50	6	0
35	0	9	0	51	36	34	19	8
0	17	54	51	0	15	16	54	0
13	27	0	36	15	0	50	42	37
28	35	50	34	16	50	0	26	11
12	52	6	19	54	42	26	0	0
29	7	0	8	0	37	11	0	0

0	5	7	5	0	5	4	6	4
5	0	0	0	10	6	3	5	5
7	0	0	7	8	0	4	10	0
5	0	7	0	5	6	6	9	9
0	10	8	5	0	6	10	8	0
5	6	0	6	6	0	10	10	4
4	3	4	6	10	10	0	9	9
6	5	10	9	8	10	9	0	0
4	5	0	9	0	4	9	0	0

0	97	98	98	0	96	96	100	100
97	0	0	0	96	100	95	95	98
98	0	0	100	98	0	96	97	0
98	0	100	0	99	96	95	97	99
0	96	98	99	0	97	95	95	0
96	100	0	96	97	0	97	96	99
96	95	96	95	95	97	0	99	98
100	95	97	97	95	96	99	0	0
100	98	0	99	0	99	98	0	0

0	18	17	14	0	3	11	27	14
18	0	0	0	25	18	8	2	17
17	0	0	7	0	0	0	31	0
14	0	7	0	4	3	2	27	25
0	25	0	4	0	9	6	1	0
3	18	0	3	9	0	0	8	9
11	8	0	2	6	0	0	9	7
27	2	31	27	1	8	9	0	0
14	17	0	25	0	9	7	0	0

23	16
43	44
38	13
48	26
13	47
17	11
14	38
46	42
19	40
