0	1	1	1	0	0	0
1	0	1	0	0	1	1
1	1	0	0	0	1	1
1	0	0	0	1	0	0
0	0	0	1	0	0	1
0	1	1	0	0	0	0
0	1	1	0	1	0	0

0	27	10	55	0	0	0
27	0	33	0	0	47	39
10	33	0	0	0	22	26
55	0	0	0	24	0	0
0	0	0	24	0	0	11
0	47	22	0	0	0	0
0	39	26	0	11	0	0

0	5	4	6	0	0	0
5	0	9	0	0	8	9
4	9	0	0	0	5	3
6	0	0	0	7	0	0
0	0	0	7	0	0	3
0	8	5	0	0	0	0
0	9	3	0	3	0	0

0	98	100	96	0	0	0
98	0	98	0	0	96	99
100	98	0	0	0	97	95
96	0	0	0	99	0	0
0	0	0	99	0	0	98
0	96	97	0	0	0	0
0	99	95	0	98	0	0

0	0	43	0	0	0	0
0	0	16	0	0	1	15
43	16	0	0	0	29	19
0	0	0	0	31	0	0
0	0	0	31	0	0	4
0	1	29	0	0	0	0
0	15	19	0	4	0	0

12	18
23	28
32	21
33	47
39	36
10	43
31	17
