0	0	1	0	0	1	1	1	1
0	0	1	0	1	1	1	1	1
1	1	0	1	0	0	1	1	1
0	0	1	0	1	1	0	1	0
0	1	0	1	0	1	1	1	1
1	1	0	1	1	0	0	1	1
1	1	1	0	1	0	0	1	0
1	1	1	1	1	1	1	0	1
1	1	1	0	1	1	0	1	0

0	0	55	0	0	17	32	7	35
0	0	38	0	8	55	11	29	29
55	38	0	24	0	0	47	40	32
0	0	24	0	46	32	0	55	0
0	8	0	46	0	52	37	28	8
17	55	0	32	52	0	0	51	5
32	11	47	0	37	0	0	51	0
7	29	40	55	28	51	51	0	36
35	29	32	0	8	5	0	36	0

0	0	3	0	0	9	4	10	6
0	0	4	0	3	3	5	3	9
3	4	0	9	0	0	4	4	5
0	0	9	0	7	5	0	4	0
0	3	0	7	0	8	6	7	8
9	3	0	5	8	0	0	7	8
4	5	4	0	6	0	0	8	0
10	3	4	4	7	7	8	0	6
6	9	5	0	8	8	0	6	0

0	0	97	0	0	98	96	98	97
0	0	97	0	98	95	96	97	96
97	97	0	97	0	0	97	96	100
0	0	97	0	100	97	0	96	0
0	98	0	100	0	100	95	99	98
98	95	0	97	100	0	0	99	100
96	96	97	0	95	0	0	100	0
98	97	96	96	99	99	100	0	95
97	96	100	0	98	100	0	95	0

0	0	0	0	0	35	0	37	17
0	0	6	0	23	0	12	9	0
0	6	0	4	0	0	4	2	11
0	0	4	0	8	10	0	0	0
0	23	0	8	0	3	13	15	11
35	0	0	10	3	0	0	1	29
0	12	4	0	13	0	0	1	0
37	9	2	0	15	1	1	0	15
17	0	11	0	11	29	0	15	0

39	46
40	29
14	34
38	40
26	48
27	50
37	31
40	30
32	47
