0	1	0	1	1	1	1	1	1	1
1	0	1	1	1	1	1	0	1	1
0	1	0	1	1	0	0	0	0	1
1	1	1	0	1	1	1	1	1	0
1	1	1	1	0	1	0	0	1	1
1	1	0	1	1	0	1	1	1	1
1	1	0	1	0	1	0	1	1	0
1	0	0	1	0	1	1	0	1	1
1	1	0	1	1	1	1	1	0	1
1	1	1	0	1	1	0	1	1	0

0	31	0	44	49	26	30	11	55	30
31	0	13	26	36	43	39	0	34	51
0	13	0	26	29	0	0	0	0	55
44	26	26	0	22	41	52	6	7	0
49	36	29	22	0	16	0	0	54	8
26	43	0	41	16	0	32	33	49	5
30	39	0	52	0	32	0	52	25	0
11	0	0	6	0	33	52	0	38	52
55	34	0	7	54	49	25	38	0	44
30	51	55	0	8	5	0	52	44	0

0	8	0	9	7	8	4	10	8	6
8	0	9	3	8	8	7	0	4	5
0	9	0	8	4	0	0	0	0	9
9	3	8	0	5	3	10	5	9	0
7	8	4	5	0	3	0	0	8	7
8	8	0	3	3	0	6	7	3	5
4	7	0	10	0	6	0	6	3	0
10	0	0	5	0	7	6	0	5	9
8	4	0	9	8	3	3	5	0	4
6	5	9	0	7	5	0	9	4	0

0	96	0	99	95	99	99	99	97	95
96	0	99	95	97	97	98	0	97	99
0	99	0	99	95	0	0	0	0	96
99	95	99	0	100	98	99	100	97	0
95	97	95	100	0	98	0	0	96	95
99	97	0	98	98	0	95	99	96	97
99	98	0	99	0	95	0	95	100	0
99	0	0	100	0	99	95	0	97	100
97	97	0	97	96	96	100	97	0	97
95	99	96	0	95	97	0	100	97	0

0	14	0	2	2	12	8	29	0	8
14	0	39	24	13	12	13	0	12	0
0	39	0	3	8	0	0	0	0	0
2	24	3	0	2	5	1	9	27	0
2	13	8	2	0	25	0	0	0	9
12	12	0	5	25	0	15	6	3	23
8	13	0	1	0	15	0	2	16	0
29	0	0	9	0	6	2	0	10	3
0	12	0	27	0	3	16	10	0	8
8	0	0	0	9	23	0	3	8	0

21	50
20	24
21	48
41	11
33	37
47	36
16	26
20	39
23	30
48	34
