0	0	0	0	0	0	0	1	1	1
0	0	0	1	0	1	1	0	1	1
0	0	0	1	0	0	1	0	1	1
0	1	1	0	0	0	1	0	0	1
0	0	0	0	0	1	0	1	1	1
0	1	0	0	1	0	1	1	1	0
0	1	1	1	0	1	0	0	1	1
1	0	0	0	1	1	0	0	0	1
1	1	1	0	1	1	1	0	0	1
1	1	1	1	1	0	1	1	1	0

0	0	0	0	0	0	0	54	9	28
0	0	0	41	0	24	39	0	10	6
0	0	0	16	0	0	19	0	53	55
0	41	16	0	0	0	6	0	0	38
0	0	0	0	0	32	0	53	34	37
0	24	0	0	32	0	34	20	5	0
0	39	19	6	0	34	0	0	53	11
54	0	0	0	53	20	0	0	0	33
9	10	53	0	34	5	53	0	0	22
28	6	55	38	37	0	11	33	22	0

0	0	0	0	0	0	0	9	10	7
0	0	0	7	0	5	4	0	7	4
0	0	0	5	0	0	9	0	5	9
0	7	5	0	0	0	9	0	0	8
0	0	0	0	0	5	0	5	3	9
0	5	0	0	5	0	4	8	4	0
0	4	9	9	0	4	0	0	3	6
9	0	0	0	5	8	0	0	0	5
10	7	5	0	3	4	3	0	0	9
7	4	9	8	9	0	6	5	9	0

0	0	0	0	0	0	0	96	97	96
0	0	0	100	0	100	95	0	98	97
0	0	0	98	0	0	98	0	100	96
0	100	98	0	0	0	98	0	0	96
0	0	0	0	0	100	0	98	100	96
0	100	0	0	100	0	98	99	100	0
0	95	98	98	0	98	0	0	99	100
96	0	0	0	98	99	0	0	0	99
97	98	100	0	100	100	99	0	0	95
96	97	96	96	96	0	100	99	95	0

0	0	0	0	0	0	0	1	44	1
0	0	0	11	0	18	14	0	14	12
0	0	0	1	0	0	23	0	0	0
0	11	1	0	0	0	35	0	0	8
0	0	0	0	0	15	0	2	10	1
0	18	0	0	15	0	2	30	23	0
0	14	23	35	0	2	0	0	0	29
1	0	0	0	2	30	0	0	0	21
44	14	0	0	10	23	0	0	0	14
1	12	0	8	1	0	29	21	14	0

31	15
24	28
33	39
31	49
38	39
19	34
14	40
25	21
15	32
19	10
