0	1	1	1	0	1	1
1	0	1	1	0	0	1
1	1	0	0	1	0	1
1	1	0	0	1	1	1
0	0	1	1	0	1	1
1	0	0	1	1	0	1
1	1	1	1	1	1	0

0	34	35	39	0	35	23
34	0	46	20	0	0	23
35	46	0	0	31	0	55
39	20	0	0	27	35	34
0	0	31	27	0	22	43
35	0	0	35	22	0	21
23	23	55	34	43	21	0

0	7	9	10	0	3	7
7	0	7	8	0	0	7
9	7	0	0	6	0	9
10	8	0	0	3	5	8
0	0	6	3	0	6	5
3	0	0	5	6	0	10
7	7	9	8	5	10	0

0	96	98	97	0	100	95
96	0	96	96	0	0	100
98	96	0	0	99	0	96
97	96	0	0	98	99	97
0	0	99	98	0	96	99
100	0	0	99	96	0	95
95	100	96	97	99	95	0

0	7	2	13	0	6	24
7	0	7	33	0	0	3
2	7	0	0	19	0	0
13	33	0	0	8	10	12
0	0	19	8	0	26	11
6	0	0	10	26	0	26
24	3	0	12	11	26	0

31	33
27	47
24	34
15	49
13	40
33	37
10	41
