0	0	1	1	0	1	1	1	0	0
0	0	0	0	1	1	1	1	0	1
1	0	0	1	0	1	1	1	0	1
1	0	1	0	1	1	1	0	1	1
0	1	0	1	0	1	0	1	1	0
1	1	1	1	1	0	0	1	1	1
1	1	1	1	0	0	0	0	1	1
1	1	1	0	1	1	0	0	0	0
0	0	0	1	1	1	1	0	0	1
0	1	1	1	0	1	1	0	1	0

0	0	54	32	0	33	30	14	0	0
0	0	0	0	51	18	54	50	0	25
54	0	0	49	0	41	24	23	0	5
32	0	49	0	37	15	31	0	15	38
0	51	0	37	0	32	0	10	19	0
33	18	41	15	32	0	0	18	31	31
30	54	24	31	0	0	0	0	16	46
14	50	23	0	10	18	0	0	0	0
0	0	0	15	19	31	16	0	0	29
0	25	5	38	0	31	46	0	29	0

0	0	5	5	0	8	9	6	0	0
0	0	0	0	7	6	7	3	0	8
5	0	0	9	0	3	10	8	0	8
5	0	9	0	3	10	8	0	7	3
0	7	0	3	0	10	0	6	10	0
8	6	3	10	10	0	0	8	6	8
9	7	10	8	0	0	0	0	5	3
6	3	8	0	6	8	0	0	0	0
0	0	0	7	10	6	5	0	0	9
0	8	8	3	0	8	3	0	9	0

0	0	95	97	0	100	96	100	0	0
0	0	0	0	98	97	99	95	0	99
95	0	0	96	0	99	100	96	0	95
97	0	96	0	100	98	96	0	99	96
0	98	0	100	0	99	0	96	96	0
100	97	99	98	99	0	0	98	100	98
96	99	100	96	0	0	0	0	97	97
100	95	96	0	96	98	0	0	0	0
0	0	0	99	96	100	97	0	0	99
0	99	95	96	0	98	97	0	99	0

0	0	0	19	0	8	10	28	0	0
0	0	0	0	1	9	1	4	0	10
0	0	0	2	0	8	9	4	0	24
19	0	2	0	15	16	3	0	8	5
0	1	0	15	0	11	0	19	27	0
8	9	8	16	11	0	0	12	21	8
10	1	9	3	0	0	0	0	0	2
28	4	4	0	19	12	0	0	0	0
0	0	0	8	27	21	0	0	0	24
0	10	24	5	0	8	2	0	24	0

14	41
31	23
43	37
23	20
10	32
49	15
33	48
42	22
45	11
43	41
