0	1	0	1	1	1	1	0
1	0	0	0	1	1	1	1
0	0	0	1	0	0	1	0
1	0	1	0	1	0	0	1
1	1	0	1	0	1	1	0
1	1	0	0	1	0	1	1
1	1	1	0	1	1	0	0
0	1	0	1	0	1	0	0

0	40	0	6	15	51	43	0
40	0	0	0	51	16	34	35
0	0	0	50	0	0	20	0
6	0	50	0	31	0	0	8
15	51	0	31	0	12	17	0
51	16	0	0	12	0	25	51
43	34	20	0	17	25	0	0
0	35	0	8	0	51	0	0

0	4	0	5	10	5	3	0
4	0	0	0	7	8	10	7
0	0	0	6	0	0	8	0
5	0	6	0	6	0	0	9
10	7	0	6	0	7	6	0
5	8	0	0	7	0	9	4
3	10	8	0	6	9	0	0
0	7	0	9	0	4	0	0

0	96	0	98	97	99	99	0
96	0	0	0	96	96	97	96
0	0	0	96	0	0	99	0
98	0	96	0	96	0	0	95
97	96	0	96	0	100	97	0
99	96	0	0	100	0	97	99
99	97	99	0	97	97	0	0
0	96	0	95	0	99	0	0

0	13	0	45	0	2	5	0
13	0	0	0	0	28	6	3
0	0	0	4	0	0	3	0
45	0	4	0	19	0	0	4
0	0	0	19	0	14	7	0
2	28	0	0	14	0	16	0
5	6	3	0	7	16	0	0
0	3	0	4	0	0	0	0

47	41
44	13
47	50
42	34
20	33
26	20
43	29
29	30
