0	1	1	1	1	1	1	0	0
1	0	1	0	1	1	1	1	1
1	1	0	1	1	1	1	1	1
1	0	1	0	1	1	1	1	1
1	1	1	1	0	1	1	0	1
1	1	1	1	1	0	0	1	0
1	1	1	1	1	0	0	1	1
0	1	1	1	0	1	1	0	0
0	1	1	1	1	0	1	0	0

0	34	53	17	20	8	55	0	0
34	0	41	0	54	18	7	29	5
53	41	0	13	53	53	33	41	38
17	0	13	0	24	5	26	11	21
20	54	53	24	0	46	36	0	13
8	18	53	5	46	0	0	50	0
55	7	33	26	36	0	0	12	47
0	29	41	11	0	50	12	0	0
0	5	38	21	13	0	47	0	0

0	5	4	6	5	5	4	0	0
5	0	4	0	6	3	6	10	6
4	4	0	10	3	10	4	10	3
6	0	10	0	8	7	10	8	7
5	6	3	8	0	6	6	0	8
5	3	10	7	6	0	0	8	0
4	6	4	10	6	0	0	8	5
0	10	10	8	0	8	8	0	0
0	6	3	7	8	0	5	0	0

0	98	97	98	97	97	97	0	0
98	0	100	0	95	96	99	100	95
97	100	0	98	97	98	98	100	95
98	0	98	0	95	96	96	99	99
97	95	97	95	0	99	96	0	96
97	96	98	96	99	0	0	96	0
97	99	98	96	96	0	0	100	96
0	100	100	99	0	96	100	0	0
0	95	95	99	96	0	96	0	0

0	15	2	26	20	15	0	0	0
15	0	10	0	1	28	40	9	48
2	10	0	10	0	2	1	14	15
26	0	10	0	31	0	4	17	1
20	1	0	31	0	7	5	0	28
15	28	2	0	7	0	0	1	0
0	40	1	4	5	0	0	17	7
0	9	14	17	0	1	17	0	0
0	48	15	1	28	0	7	0	0

37	18
30	32
25	30
36	32
28	28
28	24
43	25
32	50
16	48
