0	1	1	1	1	1	0
1	0	1	0	0	1	1
1	1	0	1	1	1	1
1	0	1	0	0	0	0
1	0	1	0	0	0	1
1	1	1	0	0	0	1
0	1	1	0	1	1	0

0	32	42	52	25	14	0
32	0	18	0	0	20	33
42	18	0	34	9	34	21
52	0	34	0	0	0	0
25	0	9	0	0	0	51
14	20	34	0	0	0	38
0	33	21	0	51	38	0

0	10	9	6	6	6	0
10	0	10	0	0	5	10
9	10	0	7	5	9	9
6	0	7	0	0	0	0
6	0	5	0	0	0	9
6	5	9	0	0	0	5
0	10	9	0	9	5	0

0	96	99	96	95	95	0
96	0	100	0	0	95	97
99	100	0	100	98	97	98
96	0	100	0	0	0	0
95	0	98	0	0	0	96
95	95	97	0	0	0	95
0	97	98	0	96	95	0

0	20	2	2	15	33	0
20	0	37	0	0	6	4
2	37	0	11	20	7	14
2	0	11	0	0	0	0
15	0	20	0	0	0	4
33	6	7	0	0	0	17
0	4	14	0	4	17	0

41	11
12	26
24	15
45	42
34	16
35	25
46	37
