0	1	1	1	1	0	1	1
1	0	0	1	1	1	0	0
1	0	0	1	0	0	1	0
1	1	1	0	1	1	0	1
1	1	0	1	0	1	1	0
0	1	0	1	1	0	1	1
1	0	1	0	1	1	0	1
1	0	0	1	0	1	1	0

0	51	12	31	21	0	18	7
51	0	0	6	29	5	0	0
12	0	0	45	0	0	49	0
31	6	45	0	21	38	0	21
21	29	0	21	0	31	19	0
0	5	0	38	31	0	39	27
18	0	49	0	19	39	0	21
7	0	0	21	0	27	21	0

0	7	9	4	3	0	9	3
7	0	0	9	4	7	0	0
9	0	0	5	0	0	5	0
4	9	5	0	3	8	0	8
3	4	0	3	0	7	4	0
0	7	0	8	7	0	9	9
9	0	5	0	4	9	0	3
3	0	0	8	0	9	3	0

0	97	95	99	97	0	96	95
97	0	0	98	96	100	0	0
95	0	0	96	0	0	96	0
99	98	96	0	99	100	0	95
97	96	0	99	0	97	96	0
0	100	0	100	97	0	100	96
96	0	96	0	96	100	0	96
95	0	0	95	0	96	96	0

0	0	8	10	13	0	10	9
0	0	0	4	7	43	0	0
8	0	0	0	0	0	2	0
10	4	0	0	30	11	0	9
13	7	0	30	0	21	1	0
0	43	0	11	21	0	0	24
10	0	2	0	1	0	0	18
9	0	0	9	0	24	18	0

23	46
49	48
21	32
13	20
46	14
49	26
34	38
26	48
