0	1	0	1	1	0	1	1	1	1
1	0	0	1	0	0	0	1	1	1
0	0	0	1	0	1	1	1	1	0
1	1	1	0	1	1	1	0	1	1
1	0	0	1	0	1	0	0	0	1
0	0	1	1	1	0	0	1	1	0
1	0	1	1	0	0	0	1	0	1
1	1	1	0	0	1	1	0	0	1
1	1	1	1	0	1	0	0	0	0
1	1	0	1	1	0	1	1	0	0

0	12	0	37	49	0	38	10	48	35
12	0	0	49	0	0	0	32	16	40
0	0	0	45	0	51	40	18	43	0
37	49	45	0	48	40	48	0	10	23
49	0	0	48	0	43	0	0	0	30
0	0	51	40	43	0	0	31	29	0
38	0	40	48	0	0	0	50	0	46
10	32	18	0	0	31	50	0	0	22
48	16	43	10	0	29	0	0	0	0
35	40	0	23	30	0	46	22	0	0

0	3	0	3	7	0	4	6	8	5
3	0	0	9	0	0	0	9	6	7
0	0	0	5	0	3	4	6	5	0
3	9	5	0	6	10	9	0	3	5
7	0	0	6	0	10	0	0	0	8
0	0	3	10	10	0	0	10	3	0
4	0	4	9	0	0	0	3	0	3
6	9	6	0	0	10	3	0	0	10
8	6	5	3	0	3	0	0	0	0
5	7	0	5	8	0	3	10	0	0

0	98	0	95	96	0	97	96	96	97
98	0	0	98	0	0	0	97	100	99
0	0	0	100	0	100	98	96	96	0
95	98	100	0	97	97	100	0	96	95
96	0	0	97	0	96	0	0	0	100
0	0	100	97	96	0	0	99	97	0
97	0	98	100	0	0	0	100	0	100
96	97	96	0	0	99	100	0	0	99
96	100	96	96	0	97	0	0	0	0
97	99	0	95	100	0	100	99	0	0

0	13	0	15	1	0	14	41	1	10
13	0	0	5	0	0	0	6	1	9
0	0	0	2	0	2	11	16	12	0
15	5	2	0	5	5	5	0	20	8
1	0	0	5	0	4	0	0	0	25
0	0	2	5	4	0	0	2	15	0
14	0	11	5	0	0	0	2	0	6
41	6	16	0	0	2	2	0	0	2
1	1	12	20	0	15	0	0	0	0
10	9	0	8	25	0	6	2	0	0

15	22
49	10
31	41
41	16
19	50
43	27
48	39
20	49
29	38
33	44
