0	0	1	1	1	1	1	1
0	0	0	1	1	1	0	1
1	0	0	1	1	1	0	1
1	1	1	0	1	0	1	0
1	1	1	1	0	0	1	1
1	1	1	0	0	0	1	1
1	0	0	1	1	1	0	0
1	1	1	0	1	1	0	0

0	0	30	54	52	41	28	29
0	0	0	17	15	33	0	15
30	0	0	11	12	48	0	30
54	17	11	0	50	0	53	0
52	15	12	50	0	0	51	34
41	33	48	0	0	0	28	50
28	0	0	53	51	28	0	0
29	15	30	0	34	50	0	0

0	0	3	5	10	8	10	10
0	0	0	4	4	6	0	4
3	0	0	6	9	7	0	9
5	4	6	0	4	0	5	0
10	4	9	4	0	0	6	8
8	6	7	0	0	0	5	9
10	0	0	5	6	5	0	0
10	4	9	0	8	9	0	0

0	0	100	95	95	97	98	100
0	0	0	99	95	99	0	99
100	0	0	96	97	97	0	96
95	99	96	0	99	0	95	0
95	95	97	99	0	0	96	100
97	99	97	0	0	0	96	100
98	0	0	95	96	96	0	0
100	99	96	0	100	100	0	0

0	0	6	1	2	2	26	0
0	0	0	2	36	9	0	0
6	0	0	0	0	0	0	2
1	2	0	0	1	0	2	0
2	36	0	1	0	0	1	19
2	9	0	0	0	0	27	0
26	0	0	2	1	27	0	0
0	0	2	0	19	0	0	0

26	38
35	48
33	33
13	28
44	25
29	11
10	41
42	32
