0	1	1	1	1	1	1	0
1	0	1	1	1	1	1	1
1	1	0	1	1	0	1	0
1	1	1	0	0	1	1	1
1	1	1	0	0	0	1	1
1	1	0	1	0	0	1	1
1	1	1	1	1	1	0	1
0	1	0	1	1	1	1	0

0	31	35	43	38	23	45	0
31	0	43	14	18	53	47	51
35	43	0	33	44	0	31	0
43	14	33	0	0	40	30	52
38	18	44	0	0	0	15	46
23	53	0	40	0	0	8	46
45	47	31	30	15	8	0	44
0	51	0	52	46	46	44	0

0	6	9	10	9	10	8	0
6	0	4	4	6	7	6	4
9	4	0	3	9	0	7	0
10	4	3	0	0	9	7	7
9	6	9	0	0	0	4	10
10	7	0	9	0	0	4	9
8	6	7	7	4	4	0	10
0	4	0	7	10	9	10	0

0	99	95	100	98	97	97	0
99	0	99	99	96	100	99	100
95	99	0	100	96	0	96	0
100	99	100	0	0	97	98	96
98	96	96	0	0	0	97	100
97	100	0	97	0	0	99	100
97	99	96	98	97	99	0	100
0	100	0	96	100	100	100	0

0	22	2	3	3	19	10	0
22	0	10	35	14	1	7	1
2	10	0	3	8	0	9	0
3	35	3	0	0	13	13	2
3	14	8	0	0	0	9	1
19	1	0	13	0	0	38	0
10	7	9	13	9	38	0	7
0	1	0	2	1	0	7	0

38	41
11	10
30	50
22	14
32	46
16	11
24	46
33	11
