0	1	1	0	0	0	0	0	0
1	0	1	0	0	1	0	0	0
1	1	0	0	1	1	1	1	1
0	0	0	0	1	1	0	1	1
0	0	1	1	0	1	1	0	1
0	1	1	1	1	0	1	0	1
0	0	1	0	1	1	0	1	1
0	0	1	1	0	0	1	0	1
0	0	1	1	1	1	1	1	0

0	24	5	0	0	0	0	0	0
24	0	39	0	0	29	0	0	0
5	39	0	0	29	44	9	8	26
0	0	0	0	11	17	0	51	31
0	0	29	11	0	31	44	0	28
0	29	44	17	31	0	53	0	10
0	0	9	0	44	53	0	11	29
0	0	8	51	0	0	11	0	36
0	0	26	31	28	10	29	36	0

0	8	5	0	0	0	0	0	0
8	0	8	0	0	9	0	0	0
5	8	0	0	5	9	5	7	10
0	0	0	0	7	3	0	8	9
0	0	5	7	0	4	7	0	7
0	9	9	3	4	0	6	0	8
0	0	5	0	7	6	0	7	7
0	0	7	8	0	0	7	0	3
0	0	10	9	7	8	7	3	0

0	96	97	0	0	0	0	0	0
96	0	100	0	0	96	0	0	0
97	100	0	0	98	98	98	97	96
0	0	0	0	97	97	0	97	95
0	0	98	97	0	97	98	0	98
0	96	98	97	97	0	100	0	100
0	0	98	0	98	100	0	97	96
0	0	97	97	0	0	97	0	100
0	0	96	95	98	100	96	100	0

0	9	2	0	0	0	0	0	0
9	0	5	0	0	15	0	0	0
2	5	0	0	11	4	14	17	9
0	0	0	0	10	38	0	2	4
0	0	11	10	0	19	8	0	8
0	15	4	38	19	0	2	0	32
0	0	14	0	8	2	0	33	24
0	0	17	2	0	0	33	0	17
0	0	9	4	8	32	24	17	0

33	25
23	39
27	39
24	40
30	20
30	11
44	36
39	19
39	18
