0	1	0	1	0	1	1	1
1	0	1	1	1	1	0	1
0	1	0	1	1	1	1	1
1	1	1	0	1	1	0	0
0	1	1	1	0	1	1	1
1	1	1	1	1	0	1	0
1	0	1	0	1	1	0	1
1	1	1	0	1	0	1	0

0	7	0	5	0	52	10	48
7	0	18	33	10	55	0	39
0	18	0	50	26	11	11	24
5	33	50	0	55	45	0	0
0	10	26	55	0	33	28	18
52	55	11	45	33	0	46	0
10	0	11	0	28	46	0	39
48	39	24	0	18	0	39	0

0	3	0	4	0	7	6	7
3	0	5	6	8	3	0	5
0	5	0	3	4	7	9	5
4	6	3	0	7	8	0	0
0	8	4	7	0	10	3	3
7	3	7	8	10	0	4	0
6	0	9	0	3	4	0	8
7	5	5	0	3	0	8	0

0	97	0	96	0	96	100	99
97	0	96	95	96	97	0	97
0	96	0	98	97	96	97	96
96	95	98	0	99	99	0	0
0	96	97	99	0	95	96	96
96	97	96	99	95	0	97	0
100	0	97	0	96	97	0	98
99	97	96	0	96	0	98	0

0	32	0	3	0	1	19	3
32	0	9	19	18	0	0	12
0	9	0	5	9	44	1	1
3	19	5	0	0	5	0	0
0	18	9	0	0	4	3	2
1	0	44	5	4	0	2	0
19	0	1	0	3	2	0	6
3	12	1	0	2	0	6	0

31	47
28	22
16	43
12	26
13	27
40	32
36	12
10	44
