0	1	1	1	1	1	0	1	1	1
1	0	1	1	1	1	1	0	1	1
1	1	0	1	1	0	0	1	1	1
1	1	1	0	0	1	1	1	1	1
1	1	1	0	0	0	1	1	1	0
1	1	0	1	0	0	1	1	1	1
0	1	0	1	1	1	0	0	1	1
1	0	1	1	1	1	0	0	1	0
1	1	1	1	1	1	1	1	0	1
1	1	1	1	0	1	1	0	1	0

0	52	53	27	37	15	0	18	22	23
52	0	51	41	37	39	23	0	39	21
53	51	0	35	49	0	0	37	22	23
27	41	35	0	0	41	19	19	54	24
37	37	49	0	0	0	43	13	46	0
15	39	0	41	0	0	55	48	32	12
0	23	0	19	43	55	0	0	55	18
18	0	37	19	13	48	0	0	46	0
22	39	22	54	46	32	55	46	0	37
23	21	23	24	0	12	18	0	37	0

0	7	5	5	10	10	0	7	5	9
7	0	5	7	9	7	7	0	6	4
5	5	0	3	8	0	0	7	6	3
5	7	3	0	0	6	4	3	6	8
10	9	8	0	0	0	3	5	5	0
10	7	0	6	0	0	9	5	3	9
0	7	0	4	3	9	0	0	8	8
7	0	7	3	5	5	0	0	7	0
5	6	6	6	5	3	8	7	0	3
9	4	3	8	0	9	8	0	3	0

0	96	100	95	100	97	0	96	100	97
96	0	97	96	97	99	97	0	96	100
100	97	0	95	96	0	0	95	95	99
95	96	95	0	0	98	98	97	95	96
100	97	96	0	0	0	96	95	96	0
97	99	0	98	0	0	98	98	99	96
0	97	0	98	96	98	0	0	98	97
96	0	95	97	95	98	0	0	98	0
100	96	95	95	96	99	98	98	0	97
97	100	99	96	0	96	97	0	97	0

0	0	0	3	6	9	0	37	24	17
0	0	3	7	14	3	21	0	1	21
0	3	0	3	5	0	0	16	6	5
3	7	3	0	0	1	36	6	1	14
6	14	5	0	0	0	9	29	6	0
9	3	0	1	0	0	0	2	0	20
0	21	0	36	9	0	0	0	0	35
37	0	16	6	29	2	0	0	6	0
24	1	6	1	6	0	0	6	0	17
17	21	5	14	0	20	35	0	17	0

10	32
31	10
26	42
32	32
30	43
19	32
39	50
18	43
13	33
12	32
