0	0	0	1	0	1	0	1	0	1
0	0	1	1	1	1	1	1	1	1
0	1	0	1	0	0	0	0	1	1
1	1	1	0	0	1	0	1	1	1
0	1	0	0	0	1	1	1	1	1
1	1	0	1	1	0	1	1	1	0
0	1	0	0	1	1	0	1	0	1
1	1	0	1	1	1	1	0	1	1
0	1	1	1	1	1	0	1	0	1
1	1	1	1	1	0	1	1	1	0

0	0	0	17	0	13	0	54	0	51
0	0	47	32	21	24	31	55	11	54
0	47	0	42	0	0	0	0	35	18
17	32	42	0	0	19	0	33	52	40
0	21	0	0	0	22	17	38	6	53
13	24	0	19	22	0	49	50	19	0
0	31	0	0	17	49	0	22	0	31
54	55	0	33	38	50	22	0	13	43
0	11	35	52	6	19	0	13	0	27
51	54	18	40	53	0	31	43	27	0

0	0	0	3	0	6	0	9	0	3
0	0	7	6	3	4	4	6	8	10
0	7	0	8	0	0	0	0	7	4
3	6	8	0	0	10	0	5	8	9
0	3	0	0	0	7	9	10	8	9
6	4	0	10	7	0	3	3	8	0
0	4	0	0	9	3	0	7	0	5
9	6	0	5	10	3	7	0	10	6
0	8	7	8	8	8	0	10	0	7
3	10	4	9	9	0	5	6	7	0

0	0	0	96	0	99	0	96	0	100
0	0	97	95	97	97	98	99	98	96
0	97	0	95	0	0	0	0	99	98
96	95	95	0	0	95	0	96	100	96
0	97	0	0	0	96	97	97	100	100
99	97	0	95	96	0	97	98	97	0
0	98	0	0	97	97	0	98	0	98
96	99	0	96	97	98	98	0	96	98
0	98	99	100	100	97	0	96	0	100
100	96	98	96	100	0	98	98	100	0

0	0	0	10	0	9	0	1	0	2
0	0	1	20	17	16	16	0	43	0
0	1	0	7	0	0	0	0	20	14
10	20	7	0	0	15	0	20	2	0
0	17	0	0	0	16	30	4	44	2
9	16	0	15	16	0	2	5	13	0
0	16	0	0	30	2	0	22	0	14
1	0	0	20	4	5	22	0	24	1
0	43	20	2	44	13	0	24	0	19
2	0	14	0	2	0	14	1	19	0

36	44
33	47
48	39
28	36
17	30
48	33
14	41
18	42
33	34
33	35
