0	1	0	1	0	0	1	1
1	0	1	1	0	0	1	1
0	1	0	1	1	1	0	0
1	1	1	0	1	0	1	1
0	0	1	1	0	1	0	1
0	0	1	0	1	0	1	1
1	1	0	1	0	1	0	1
1	1	0	1	1	1	1	0

0	5	0	46	0	0	44	43
5	0	46	17	0	0	23	29
0	46	0	43	22	24	0	0
46	17	43	0	40	0	31	12
0	0	22	40	0	23	0	34
0	0	24	0	23	0	15	15
44	23	0	31	0	15	0	25
43	29	0	12	34	15	25	0

0	6	0	7	0	0	4	7
6	0	6	9	0	0	9	4
0	6	0	5	8	6	0	0
7	9	5	0	9	0	8	8
0	0	8	9	0	7	0	8
0	0	6	0	7	0	6	6
4	9	0	8	0	6	0	6
7	4	0	8	8	6	6	0

0	97	0	95	0	0	95	100
97	0	99	98	0	0	96	95
0	99	0	98	95	97	0	0
95	98	98	0	97	0	99	99
0	0	95	97	0	98	0	100
0	0	97	0	98	0	98	99
95	96	0	99	0	98	0	95
100	95	0	99	100	99	95	0

0	17	0	7	0	0	2	0
17	0	2	4	0	0	11	0
0	2	0	6	16	6	0	0
7	4	6	0	5	0	24	12
0	0	16	5	0	2	0	18
0	0	6	0	2	0	37	3
2	11	0	24	0	37	0	25
0	0	0	12	18	3	25	0

32	48
45	18
39	44
22	40
44	43
16	21
17	37
22	14
