0	1	0	1	1	1	1	1	0	1
1	0	0	1	1	1	1	0	0	1
0	0	0	1	1	0	0	0	0	0
1	1	1	0	1	1	1	1	1	0
1	1	1	1	0	1	0	1	1	1
1	1	0	1	1	0	1	1	1	1
1	1	0	1	0	1	0	0	1	1
1	0	0	1	1	1	0	0	1	1
0	0	0	1	1	1	1	1	0	1
1	1	0	0	1	1	1	1	1	0

0	9	0	17	33	20	24	55	0	42
9	0	0	34	15	48	13	0	0	32
0	0	0	34	24	0	0	0	0	0
17	34	34	0	50	16	21	23	39	0
33	15	24	50	0	21	0	45	53	10
20	48	0	16	21	0	22	5	33	32
24	13	0	21	0	22	0	0	38	38
55	0	0	23	45	5	0	0	34	40
0	0	0	39	53	33	38	34	0	5
42	32	0	0	10	32	38	40	5	0

0	9	0	8	7	5	6	7	0	4
9	0	0	9	6	6	5	0	0	4
0	0	0	5	5	0	0	0	0	0
8	9	5	0	8	10	6	5	9	0
7	6	5	8	0	5	0	8	10	4
5	6	0	10	5	0	10	10	4	10
6	5	0	6	0	10	0	0	4	8
7	0	0	5	8	10	0	0	3	3
0	0	0	9	10	4	4	3	0	6
4	4	0	0	4	10	8	3	6	0

0	100	0	96	98	96	99	100	0	97
100	0	0	96	99	95	95	0	0	100
0	0	0	99	96	0	0	0	0	0
96	96	99	0	98	97	95	99	96	0
98	99	96	98	0	99	0	95	100	100
96	95	0	97	99	0	100	98	99	100
99	95	0	95	0	100	0	0	95	100
100	0	0	99	95	98	0	0	97	96
0	0	0	96	100	99	95	97	0	95
97	100	0	0	100	100	100	96	95	0

0	11	0	0	18	29	18	0	0	0
11	0	0	2	33	3	5	0	0	8
0	0	0	15	1	0	0	0	0	0
0	2	15	0	5	12	3	18	9	0
18	33	1	5	0	1	0	4	2	5
29	3	0	12	1	0	17	40	5	7
18	5	0	3	0	17	0	0	5	6
0	0	0	18	4	40	0	0	0	13
0	0	0	9	2	5	5	0	0	21
0	8	0	0	5	7	6	13	21	0

38	22
20	11
49	17
13	29
23	22
23	44
50	17
13	30
18	26
40	34
