0	1	0	1	1	0	0	1
1	0	1	1	1	1	0	1
0	1	0	0	1	1	1	1
1	1	0	0	0	1	1	1
1	1	1	0	0	1	1	0
0	1	1	1	1	0	1	1
0	0	1	1	1	1	0	1
1	1	1	1	0	1	1	0

0	38	0	11	42	0	0	14
38	0	46	6	22	36	0	48
0	46	0	0	45	19	52	45
11	6	0	0	0	34	35	13
42	22	45	0	0	20	44	0
0	36	19	34	20	0	9	51
0	0	52	35	44	9	0	8
14	48	45	13	0	51	8	0

0	10	0	7	7	0	0	8
10	0	10	10	8	3	0	4
0	10	0	0	9	9	8	8
7	10	0	0	0	7	10	8
7	8	9	0	0	8	9	0
0	3	9	7	8	0	6	9
0	0	8	10	9	6	0	9
8	4	8	8	0	9	9	0

0	100	0	98	100	0	0	95
100	0	96	100	100	100	0	96
0	96	0	0	97	95	98	99
98	100	0	0	0	97	95	98
100	100	97	0	0	96	96	0
0	100	95	97	96	0	97	98
0	0	98	95	96	97	0	95
95	96	99	98	0	98	95	0

0	7	0	5	3	0	0	25
7	0	6	48	28	18	0	1
0	6	0	0	8	21	1	5
5	48	0	0	0	6	9	8
3	28	8	0	0	0	8	0
0	18	21	6	0	0	46	3
0	0	1	9	8	46	0	44
25	1	5	8	0	3	44	0

20	44
31	29
23	11
12	46
12	25
41	43
44	43
46	22
