0	1	1	0	1	1	0	0	1
1	0	0	1	0	1	1	1	0
1	0	0	1	1	1	1	1	1
0	1	1	0	1	1	1	1	1
1	0	1	1	0	1	1	0	1
1	1	1	1	1	0	0	1	1
0	1	1	1	1	0	0	0	1
0	1	1	1	0	1	0	0	0
1	0	1	1	1	1	1	0	0

0	7	5	0	49	44	0	0	13
7	0	0	12	0	53	12	18	0
5	0	0	39	51	5	31	17	8
0	12	39	0	50	17	32	15	42
49	0	51	50	0	12	51	0	53
44	53	5	17	12	0	0	10	26
0	12	31	32	51	0	0	0	26
0	18	17	15	0	10	0	0	0
13	0	8	42	53	26	26	0	0

0	10	3	0	3	6	0	0	9
10	0	0	10	0	4	10	9	0
3	0	0	9	5	9	3	9	4
0	10	9	0	10	3	5	8	4
3	0	5	10	0	10	10	0	3
6	4	9	3	10	0	0	5	3
0	10	3	5	10	0	0	0	8
0	9	9	8	0	5	0	0	0
9	0	4	4	3	3	8	0	0

0	99	95	0	96	100	0	0	100
99	0	0	100	0	98	95	97	0
95	0	0	97	100	100	97	96	100
0	100	97	0	98	99	98	99	96
96	0	100	98	0	98	100	0	99
100	98	100	99	98	0	0	96	100
0	95	97	98	100	0	0	0	97
0	97	96	99	0	96	0	0	0
100	0	100	96	99	100	97	0	0

0	35	20	0	3	5	0	0	27
35	0	0	2	0	2	42	26	0
20	0	0	5	4	9	19	18	22
0	2	5	0	1	22	6	13	3
3	0	4	1	0	37	1	0	0
5	2	9	22	37	0	0	44	13
0	42	19	6	1	0	0	0	24
0	26	18	13	0	44	0	0	0
27	0	22	3	0	13	24	0	0

21	29
48	28
19	12
49	23
19	32
33	49
26	26
44	41
40	15
