0	0	1	0	1	1	0	0	1	1
0	0	0	0	1	1	1	1	1	1
1	0	0	1	1	1	0	1	0	0
0	0	1	0	1	1	0	1	0	1
1	1	1	1	0	1	0	1	1	0
1	1	1	1	1	0	1	0	1	1
0	1	0	0	0	1	0	0	1	1
0	1	1	1	1	0	0	0	0	1
1	1	0	0	1	1	1	0	0	1
1	1	0	1	0	1	1	1	1	0

0	0	38	0	33	20	0	0	23	36
0	0	0	0	10	45	20	9	14	53
38	0	0	48	11	50	0	37	0	0
0	0	48	0	44	21	0	45	0	41
33	10	11	44	0	44	0	38	39	0
20	45	50	21	44	0	50	0	46	40
0	20	0	0	0	50	0	0	54	7
0	9	37	45	38	0	0	0	0	43
23	14	0	0	39	46	54	0	0	35
36	53	0	41	0	40	7	43	35	0

0	0	10	0	10	4	0	0	4	10
0	0	0	0	8	8	6	6	9	3
10	0	0	5	9	8	0	9	0	0
0	0	5	0	8	4	0	8	0	6
10	8	9	8	0	6	0	3	9	0
4	8	8	4	6	0	8	0	3	10
0	6	0	0	0	8	0	0	4	3
0	6	9	8	3	0	0	0	0	3
4	9	0	0	9	3	4	0	0	7
10	3	0	6	0	10	3	3	7	0

0	0	95	0	98	95	0	0	99	96
0	0	0	0	100	97	100	95	96	98
95	0	0	97	100	96	0	96	0	0
0	0	97	0	99	95	0	98	0	95
98	100	100	99	0	98	0	99	98	0
95	97	96	95	98	0	96	0	95	98
0	100	0	0	0	96	0	0	96	99
0	95	96	98	99	0	0	0	0	95
99	96	0	0	98	95	96	0	0	97
96	98	0	95	0	98	99	95	97	0

0	0	5	0	18	28	0	0	20	7
0	0	0	0	17	1	6	8	14	2
5	0	0	2	5	1	0	17	0	0
0	0	2	0	10	10	0	2	0	5
18	17	5	10	0	9	0	2	2	0
28	1	1	10	9	0	0	0	9	15
0	6	0	0	0	0	0	0	1	32
0	8	17	2	2	0	0	0	0	7
20	14	0	0	2	9	1	0	0	18
7	2	0	5	0	15	32	7	18	0

11	18
41	30
24	46
34	38
21	34
38	26
28	26
13	42
41	41
47	21
