0	1	0	1	1	1	0	1	1
1	0	1	0	1	1	0	1	1
0	1	0	1	1	0	1	1	1
1	0	1	0	0	1	1	1	0
1	1	1	0	0	1	0	1	1
1	1	0	1	1	0	1	0	1
0	0	1	1	0	1	0	1	0
1	1	1	1	1	0	1	0	1
1	1	1	0	1	1	0	1	0

0	7	0	35	46	11	0	46	51
7	0	30	0	7	46	0	39	45
0	30	0	43	13	0	25	10	15
35	0	43	0	0	37	47	25	0
46	7	13	0	0	6	0	21	50
11	46	0	37	6	0	12	0	48
0	0	25	47	0	12	0	36	0
46	39	10	25	21	0	36	0	9
51	45	15	0	50	48	0	9	0

0	8	0	7	4	6	0	3	4
8	0	7	0	7	6	0	4	6
0	7	0	10	5	0	7	7	10
7	0	10	0	0	5	9	6	0
4	7	5	0	0	3	0	4	7
6	6	0	5	3	0	8	0	3
0	0	7	9	0	8	0	9	0
3	4	7	6	4	0	9	0	9
4	6	10	0	7	3	0	9	0

0	96	0	100	95	96	0	95	100
96	0	98	0	95	99	0	98	95
0	98	0	100	95	0	100	98	98
100	0	100	0	0	95	99	99	0
95	95	95	0	0	100	0	98	95
96	99	0	95	100	0	99	0	100
0	0	100	99	0	99	0	95	0
95	98	98	99	98	0	95	0	97
100	95	98	0	95	100	0	97	0

0	25	0	17	9	39	0	0	3
25	0	13	0	12	7	0	12	8
0	13	0	12	13	0	10	18	21
17	0	12	0	0	14	5	3	0
9	12	13	0	0	26	0	32	4
39	7	0	14	26	0	7	0	0
0	0	10	5	0	7	0	3	0
0	12	18	3	32	0	3	0	2
3	8	21	0	4	0	0	2	0

33	49
20	19
37	40
45	38
45	13
38	15
22	33
45	13
44	15
