0	1	1	1	1	0	1	1	1
1	0	1	1	0	1	1	1	1
1	1	0	1	0	1	1	1	1
1	1	1	0	1	0	1	1	1
1	0	0	1	0	0	1	1	0
0	1	1	0	0	0	1	1	1
1	1	1	1	1	1	0	1	0
1	1	1	1	1	1	1	0	1
1	1	1	1	0	1	0	1	0

0	55	14	27	53	0	42	20	9
55	0	9	30	0	6	25	25	25
14	9	0	30	0	37	24	18	55
27	30	30	0	43	0	52	44	33
53	0	0	43	0	0	5	53	0
0	6	37	0	0	0	41	31	39
42	25	24	52	5	41	0	43	0
20	25	18	44	53	31	43	0	11
9	25	55	33	0	39	0	11	0

0	3	6	10	3	0	3	7	8
3	0	5	9	0	7	3	4	8
6	5	0	7	0	3	10	4	8
10	9	7	0	10	0	6	4	4
3	0	0	10	0	0	5	5	0
0	7	3	0	0	0	9	9	6
3	3	10	6	5	9	0	6	0
7	4	4	4	5	9	6	0	5
8	8	8	4	0	6	0	5	0

0	99	97	96	96	0	99	98	96
99	0	96	95	0	97	96	95	97
97	96	0	100	0	95	99	98	96
96	95	100	0	97	0	98	97	95
96	0	0	97	0	0	99	99	0
0	97	95	0	0	0	100	96	96
99	96	99	98	99	100	0	95	0
98	95	98	97	99	96	95	0	97
96	97	96	95	0	96	0	97	0

0	0	9	14	0	0	1	33	0
0	0	25	8	0	33	29	5	27
9	25	0	8	0	16	27	30	0
14	8	8	0	2	0	3	9	18
0	0	0	2	0	0	40	0	0
0	33	16	0	0	0	7	12	4
1	29	27	3	40	7	0	0	0
33	5	30	9	0	12	0	0	39
0	27	0	18	0	4	0	39	0

50	39
41	37
20	23
26	39
39	22
10	37
40	48
21	29
18	19
