0	0	1	0	0	1	1	1	1
0	0	1	1	1	1	1	1	1
1	1	0	1	1	1	1	1	1
0	1	1	0	1	0	1	1	1
0	1	1	1	0	1	1	1	0
1	1	1	0	1	0	1	0	1
1	1	1	1	1	1	0	0	0
1	1	1	1	1	0	0	0	0
1	1	1	1	0	1	0	0	0

0	0	27	0	0	10	47	28	42
0	0	27	55	22	14	54	36	25
27	27	0	55	7	14	9	51	5
0	55	55	0	35	0	5	6	50
0	22	7	35	0	16	5	8	0
10	14	14	0	16	0	31	0	15
47	54	9	5	5	31	0	0	0
28	36	51	6	8	0	0	0	0
42	25	5	50	0	15	0	0	0

0	0	3	0	0	9	10	9	6
0	0	5	3	8	8	10	6	6
3	5	0	9	8	9	4	5	5
0	3	9	0	6	0	8	8	7
0	8	8	6	0	8	7	10	0
9	8	9	0	8	0	9	0	10
10	10	4	8	7	9	0	0	0
9	6	5	8	10	0	0	0	0
6	6	5	7	0	10	0	0	0

0	0	96	0	0	95	95	99	99
0	0	99	95	96	99	97	98	95
96	99	0	100	97	96	97	97	95
0	95	100	0	100	0	99	99	99
0	96	97	100	0	97	97	98	0
95	99	96	0	97	0	97	0	97
95	97	97	99	97	97	0	0	0
99	98	97	99	98	0	0	0	0
99	95	95	99	0	97	0	0	0

0	0	1	0	0	2	6	25	6
0	0	1	0	24	13	1	10	24
1	1	0	0	44	32	5	2	46
0	0	0	0	20	0	31	27	3
0	24	44	20	0	13	9	33	0
2	13	32	0	13	0	3	0	34
6	1	5	31	9	3	0	0	0
25	10	2	27	33	0	0	0	0
6	24	46	3	0	34	0	0	0

30	34
16	17
36	26
45	41
41	10
21	47
32	43
15	46
10	29
