0	1	1	0	1	1	0	1	1	1
1	0	0	0	0	1	1	1	0	1
1	0	0	1	0	1	1	1	0	1
0	0	1	0	1	1	1	1	0	1
1	0	0	1	0	1	1	0	1	1
1	1	1	1	1	0	0	1	1	1
0	1	1	1	1	0	0	1	0	1
1	1	1	1	0	1	1	0	1	1
1	0	0	0	1	1	0	1	0	1
1	1	1	1	1	1	1	1	1	0

0	16	12	0	23	25	0	24	26	35
16	0	0	0	0	6	29	51	0	36
12	0	0	5	0	27	7	26	0	7
0	0	5	0	51	45	55	32	0	14
23	0	0	51	0	18	23	0	40	9
25	6	27	45	18	0	0	20	44	46
0	29	7	55	23	0	0	22	0	21
24	51	26	32	0	20	22	0	10	54
26	0	0	0	40	44	0	10	0	47
35	36	7	14	9	46	21	54	47	0

0	4	6	0	10	5	0	3	4	4
4	0	0	0	0	4	10	10	0	7
6	0	0	5	0	3	10	9	0	9
0	0	5	0	6	6	5	7	0	9
10	0	0	6	0	10	5	0	9	5
5	4	3	6	10	0	0	10	4	9
0	10	10	5	5	0	0	3	0	10
3	10	9	7	0	10	3	0	9	3
4	0	0	0	9	4	0	9	0	6
4	7	9	9	5	9	10	3	6	0

0	95	97	0	100	99	0	98	95	96
95	0	0	0	0	97	100	99	0	96
97	0	0	99	0	98	95	97	0	98
0	0	99	0	99	95	99	96	0	97
100	0	0	99	0	96	100	0	97	97
99	97	98	95	96	0	0	98	100	100
0	100	95	99	100	0	0	100	0	100
98	99	97	96	0	98	100	0	98	96
95	0	0	0	97	100	0	98	0	95
96	96	98	97	97	100	100	96	95	0

0	30	0	0	17	2	0	5	14	7
30	0	0	0	0	47	20	0	0	10
0	0	0	5	0	9	28	16	0	20
0	0	5	0	4	2	0	11	0	29
17	0	0	4	0	14	16	0	0	24
2	47	9	2	14	0	0	35	7	5
0	20	28	0	16	0	0	10	0	27
5	0	16	11	0	35	10	0	6	1
14	0	0	0	0	7	0	6	0	0
7	10	20	29	24	5	27	1	0	0

21	34
33	16
48	44
33	45
27	50
20	28
17	46
32	19
31	32
43	20
