0	1	0	1	1	1	1	1	1	1
1	0	1	1	1	0	1	1	1	0
0	1	0	1	0	1	1	1	1	1
1	1	1	0	1	1	0	1	1	1
1	1	0	1	0	1	1	1	1	1
1	0	1	1	1	0	1	1	1	1
1	1	1	0	1	1	0	1	1	1
1	1	1	1	1	1	1	0	1	1
1	1	1	1	1	1	1	1	0	0
1	0	1	1	1	1	1	1	0	0

0	45	0	11	24	30	21	13	35	21
45	0	54	9	46	0	14	24	18	0
0	54	0	52	0	14	13	20	22	37
11	9	52	0	31	16	0	9	16	54
24	46	0	31	0	14	11	42	33	36
30	0	14	16	14	0	33	47	12	41
21	14	13	0	11	33	0	24	23	53
13	24	20	9	42	47	24	0	24	49
35	18	22	16	33	12	23	24	0	0
21	0	37	54	36	41	53	49	0	0

0	6	0	6	4	4	5	6	4	9
6	0	9	7	9	0	3	10	5	0
0	9	0	6	0	10	5	5	10	8
6	7	6	0	7	9	0	10	10	10
4	9	0	7	0	8	4	7	7	5
4	0	10	9	8	0	6	7	8	7
5	3	5	0	4	6	0	7	8	4
6	10	5	10	7	7	7	0	7	10
4	5	10	10	7	8	8	7	0	0
9	0	8	10	5	7	4	10	0	0

0	95	0	97	96	99	99	97	95	95
95	0	98	98	99	0	96	99	100	0
0	98	0	100	0	100	96	98	100	95
97	98	100	0	96	95	0	100	95	98
96	99	0	96	0	99	99	99	100	99
99	0	100	95	99	0	99	99	100	100
99	96	96	0	99	99	0	95	99	96
97	99	98	100	99	99	95	0	99	100
95	100	100	95	100	100	99	99	0	0
95	0	95	98	99	100	96	100	0	0

0	1	0	7	9	13	1	32	16	30
1	0	0	0	0	0	4	26	16	0
0	0	0	0	0	13	17	10	31	12
7	0	0	0	12	32	0	4	15	0
9	0	0	12	0	7	28	10	2	1
13	0	13	32	7	0	17	8	37	1
1	4	17	0	28	17	0	11	10	0
32	26	10	4	10	8	11	0	27	2
16	16	31	15	2	37	10	27	0	0
30	0	12	0	1	1	0	2	0	0

41	32
35	41
19	45
33	12
46	20
44	33
23	27
44	32
48	45
20	50
