0	1	1	0	1	0	1	1	1	1
1	0	1	0	0	0	1	1	1	0
1	1	0	1	0	1	1	1	1	0
0	0	1	0	1	1	0	1	0	1
1	0	0	1	0	1	1	1	1	1
0	0	1	1	1	0	1	1	0	1
1	1	1	0	1	1	0	1	0	1
1	1	1	1	1	1	1	0	1	1
1	1	1	0	1	0	0	1	0	1
1	0	0	1	1	1	1	1	1	0

0	17	18	0	49	0	55	33	51	28
17	0	5	0	0	0	7	13	48	0
18	5	0	6	0	46	54	31	41	0
0	0	6	0	37	18	0	26	0	45
49	0	0	37	0	32	32	25	46	47
0	0	46	18	32	0	26	36	0	11
55	7	54	0	32	26	0	38	0	26
33	13	31	26	25	36	38	0	48	44
51	48	41	0	46	0	0	48	0	11
28	0	0	45	47	11	26	44	11	0

0	10	6	0	3	0	7	8	3	3
10	0	6	0	0	0	8	5	9	0
6	6	0	4	0	9	8	8	5	0
0	0	4	0	3	8	0	4	0	8
3	0	0	3	0	8	10	10	9	9
0	0	9	8	8	0	3	5	0	5
7	8	8	0	10	3	0	8	0	6
8	5	8	4	10	5	8	0	6	4
3	9	5	0	9	0	0	6	0	9
3	0	0	8	9	5	6	4	9	0

0	96	97	0	95	0	100	99	99	95
96	0	99	0	0	0	97	99	98	0
97	99	0	95	0	99	97	100	96	0
0	0	95	0	100	95	0	100	0	98
95	0	0	100	0	99	95	95	97	99
0	0	99	95	99	0	98	96	0	100
100	97	97	0	95	98	0	98	0	99
99	99	100	100	95	96	98	0	97	96
99	98	96	0	97	0	0	97	0	97
95	0	0	98	99	100	99	96	97	0

0	25	18	0	4	0	0	6	0	24
25	0	28	0	0	0	4	38	2	0
18	28	0	46	0	9	1	19	14	0
0	0	46	0	7	7	0	10	0	5
4	0	0	7	0	6	6	25	8	2
0	0	9	7	6	0	17	16	0	14
0	4	1	0	6	17	0	13	0	9
6	38	19	10	25	16	13	0	7	9
0	2	14	0	8	0	0	7	0	8
24	0	0	5	2	14	9	9	8	0

40	34
13	37
18	26
22	27
37	17
33	21
37	14
18	19
37	30
29	21
