0	1	1	1	0	0	1	1	0
1	0	0	1	1	0	1	1	1
1	0	0	1	1	1	1	1	0
1	1	1	0	0	1	0	1	1
0	1	1	0	0	1	0	1	1
0	0	1	1	1	0	0	0	0
1	1	1	0	0	0	0	1	0
1	1	1	1	1	0	1	0	1
0	1	0	1	1	0	0	1	0

0	25	27	48	0	0	24	34	0
25	0	0	40	10	0	16	55	24
27	0	0	38	44	27	28	42	0
48	40	38	0	0	23	0	15	13
0	10	44	0	0	30	0	16	15
0	0	27	23	30	0	0	0	0
24	16	28	0	0	0	0	25	0
34	55	42	15	16	0	25	0	43
0	24	0	13	15	0	0	43	0

0	3	7	8	0	0	4	10	0
3	0	0	10	10	0	4	4	9
7	0	0	9	7	10	3	6	0
8	10	9	0	0	3	0	10	3
0	10	7	0	0	5	0	4	5
0	0	10	3	5	0	0	0	0
4	4	3	0	0	0	0	8	0
10	4	6	10	4	0	8	0	5
0	9	0	3	5	0	0	5	0

0	95	95	98	0	0	97	96	0
95	0	0	97	100	0	95	99	97
95	0	0	96	99	99	100	98	0
98	97	96	0	0	99	0	100	97
0	100	99	0	0	100	0	100	98
0	0	99	99	100	0	0	0	0
97	95	100	0	0	0	0	100	0
96	99	98	100	100	0	100	0	98
0	97	0	97	98	0	0	98	0

0	21	3	1	0	0	3	12	0
21	0	0	12	42	0	1	0	11
3	0	0	16	9	28	27	6	0
1	12	16	0	0	2	0	17	3
0	42	9	0	0	14	0	18	0
0	0	28	2	14	0	0	0	0
3	1	27	0	0	0	0	24	0
12	0	6	17	18	0	24	0	5
0	11	0	3	0	0	0	5	0

22	28
37	50
20	31
18	33
35	48
40	47
42	36
23	39
17	19
