0	1	0	1	1	1	1	1	1	1
1	0	1	1	1	0	1	1	0	0
0	1	0	1	0	0	1	1	1	1
1	1	1	0	1	1	1	1	1	1
1	1	0	1	0	1	0	1	1	0
1	0	0	1	1	0	1	1	0	1
1	1	1	1	0	1	0	0	0	0
1	1	1	1	1	1	0	0	1	0
1	0	1	1	1	0	0	1	0	1
1	0	1	1	0	1	0	0	1	0

0	26	0	30	39	18	52	20	32	36
26	0	6	7	51	0	15	15	0	0
0	6	0	31	0	0	23	12	22	37
30	7	31	0	12	21	41	30	50	28
39	51	0	12	0	26	0	48	37	0
18	0	0	21	26	0	27	28	0	10
52	15	23	41	0	27	0	0	0	0
20	15	12	30	48	28	0	0	21	0
32	0	22	50	37	0	0	21	0	43
36	0	37	28	0	10	0	0	43	0

0	8	0	7	3	5	10	4	6	4
8	0	7	8	3	0	6	3	0	0
0	7	0	7	0	0	3	7	10	4
7	8	7	0	5	8	7	4	8	9
3	3	0	5	0	10	0	3	7	0
5	0	0	8	10	0	8	4	0	5
10	6	3	7	0	8	0	0	0	0
4	3	7	4	3	4	0	0	9	0
6	0	10	8	7	0	0	9	0	5
4	0	4	9	0	5	0	0	5	0

0	95	0	99	96	96	97	98	100	100
95	0	97	96	95	0	98	96	0	0
0	97	0	99	0	0	100	99	99	100
99	96	99	0	98	95	98	96	95	96
96	95	0	98	0	99	0	98	99	0
96	0	0	95	99	0	96	100	0	96
97	98	100	98	0	96	0	0	0	0
98	96	99	96	98	100	0	0	99	0
100	0	99	95	99	0	0	99	0	95
100	0	100	96	0	96	0	0	95	0

0	7	0	15	2	9	2	28	13	0
7	0	35	24	1	0	33	40	0	0
0	35	0	17	0	0	18	37	15	12
15	24	17	0	39	19	14	10	2	10
2	1	0	39	0	13	0	7	18	0
9	0	0	19	13	0	15	25	0	7
2	33	18	14	0	15	0	0	0	0
28	40	37	10	7	25	0	0	8	0
13	0	15	2	18	0	0	8	0	9
0	0	12	10	0	7	0	0	9	0

22	30
11	12
44	12
35	21
21	10
14	45
39	46
47	27
19	37
38	30
