0	0	1	1	0	1	1	0	1	1
0	0	0	0	1	1	0	0	0	1
1	0	0	0	1	0	1	1	1	1
1	0	0	0	0	1	0	1	0	0
0	1	1	0	0	1	0	1	1	0
1	1	0	1	1	0	1	0	1	0
1	0	1	0	0	1	0	1	0	1
0	0	1	1	1	0	1	0	1	1
1	0	1	0	1	1	0	1	0	1
1	1	1	0	0	0	1	1	1	0

0	0	5	15	0	9	53	0	33	30
0	0	0	0	7	43	0	0	0	21
5	0	0	0	7	0	20	33	36	34
15	0	0	0	0	25	0	9	0	0
0	7	7	0	0	47	0	19	32	0
9	43	0	25	47	0	44	0	34	0
53	0	20	0	0	44	0	10	0	50
0	0	33	9	19	0	10	0	10	18
33	0	36	0	32	34	0	10	0	44
30	21	34	0	0	0	50	18	44	0

0	0	4	8	0	5	9	0	8	6
0	0	0	0	9	6	0	0	0	6
4	0	0	0	5	0	4	3	3	8
8	0	0	0	0	4	0	8	0	0
0	9	5	0	0	7	0	4	9	0
5	6	0	4	7	0	3	0	3	0
9	0	4	0	0	3	0	10	0	7
0	0	3	8	4	0	10	0	8	6
8	0	3	0	9	3	0	8	0	3
6	6	8	0	0	0	7	6	3	0

0	0	99	99	0	100	95	0	100	95
0	0	0	0	96	96	0	0	0	99
99	0	0	0	100	0	97	97	99	98
99	0	0	0	0	97	0	95	0	0
0	96	100	0	0	96	0	99	99	0
100	96	0	97	96	0	97	0	96	0
95	0	97	0	0	97	0	98	0	100
0	0	97	95	99	0	98	0	96	95
100	0	99	0	99	96	0	96	0	99
95	99	98	0	0	0	100	95	99	0

0	0	15	20	0	4	2	0	13	6
0	0	0	0	44	2	0	0	0	12
15	0	0	0	18	0	31	12	7	16
20	0	0	0	0	21	0	30	0	0
0	44	18	0	0	4	0	1	20	0
4	2	0	21	4	0	7	0	17	0
2	0	31	0	0	7	0	15	0	4
0	0	12	30	1	0	15	0	9	33
13	0	7	0	20	17	0	9	0	0
6	12	16	0	0	0	4	33	0	0

31	35
35	26
49	23
30	44
38	13
44	48
32	12
11	33
34	48
46	39
