0	1	1	1	1	1	1
1	0	1	1	1	0	1
1	1	0	1	0	0	0
1	1	1	0	1	1	1
1	1	0	1	0	1	1
1	0	0	1	1	0	1
1	1	0	1	1	1	0

0	15	51	12	13	18	11
15	0	53	7	7	0	41
51	53	0	13	0	0	0
12	7	13	0	13	16	16
13	7	0	13	0	29	19
18	0	0	16	29	0	29
11	41	0	16	19	29	0

0	7	7	9	6	7	3
7	0	9	7	4	0	3
7	9	0	4	0	0	0
9	7	4	0	3	5	7
6	4	0	3	0	5	3
7	0	0	5	5	0	6
3	3	0	7	3	6	0

0	99	95	99	100	99	97
99	0	95	96	96	0	96
95	95	0	97	0	0	0
99	96	97	0	95	95	96
100	96	0	95	0	100	100
99	0	0	95	100	0	96
97	96	0	96	100	96	0

0	9	2	13	35	13	16
9	0	2	12	33	0	7
2	2	0	14	0	0	0
13	12	14	0	6	32	10
35	33	0	6	0	5	7
13	0	0	32	5	0	7
16	7	0	10	7	7	0

50	34
14	48
13	14
30	14
35	37
31	46
36	30
