0	1	1	0	0	0	0	0	1
1	0	1	1	1	1	1	1	1
1	1	0	0	0	1	1	1	1
0	1	0	0	1	1	1	1	1
0	1	0	1	0	1	0	0	1
0	1	1	1	1	0	1	0	0
0	1	1	1	0	1	0	1	0
0	1	1	1	0	0	1	0	1
1	1	1	1	1	0	0	1	0

0	5	9	0	0	0	0	0	51
5	0	15	31	34	30	9	33	27
9	15	0	0	0	20	22	6	13
0	31	0	0	42	31	24	11	37
0	34	0	42	0	13	0	0	9
0	30	20	31	13	0	18	0	0
0	9	22	24	0	18	0	46	0
0	33	6	11	0	0	46	0	6
51	27	13	37	9	0	0	6	0

0	5	3	0	0	0	0	0	9
5	0	10	4	10	8	7	8	6
3	10	0	0	0	4	6	5	8
0	4	0	0	10	3	3	5	3
0	10	0	10	0	3	0	0	4
0	8	4	3	3	0	7	0	0
0	7	6	3	0	7	0	10	0
0	8	5	5	0	0	10	0	10
9	6	8	3	4	0	0	10	0

0	95	99	0	0	0	0	0	98
95	0	97	95	98	96	98	95	99
99	97	0	0	0	98	95	100	96
0	95	0	0	95	95	96	98	95
0	98	0	95	0	95	0	0	95
0	96	98	95	95	0	97	0	0
0	98	95	96	0	97	0	100	0
0	95	100	98	0	0	100	0	97
98	99	96	95	95	0	0	97	0

0	24	25	0	0	0	0	0	3
24	0	11	21	8	21	34	4	10
25	11	0	0	0	26	21	27	19
0	21	0	0	11	24	5	43	4
0	8	0	11	0	3	0	0	13
0	21	26	24	3	0	19	0	0
0	34	21	5	0	19	0	3	0
0	4	27	43	0	0	3	0	36
3	10	19	4	13	0	0	36	0

12	23
16	16
21	45
12	24
18	20
15	23
48	33
37	50
38	35
