0	0	1	1	1	1	0
0	0	0	1	1	1	1
1	0	0	0	0	1	1
1	1	0	0	1	0	0
1	1	0	1	0	0	0
1	1	1	0	0	0	0
0	1	1	0	0	0	0

0	0	16	29	29	20	0
0	0	0	44	6	46	18
16	0	0	0	0	32	35
29	44	0	0	44	0	0
29	6	0	44	0	0	0
20	46	32	0	0	0	0
0	18	35	0	0	0	0

0	0	7	3	8	4	0
0	0	0	10	7	4	7
7	0	0	0	0	9	9
3	10	0	0	5	0	0
8	7	0	5	0	0	0
4	4	9	0	0	0	0
0	7	9	0	0	0	0

0	0	95	98	97	98	0
0	0	0	95	95	96	100
95	0	0	0	0	97	99
98	95	0	0	95	0	0
97	95	0	95	0	0	0
98	96	97	0	0	0	0
0	100	99	0	0	0	0

0	0	17	17	15	13	0
0	0	0	1	17	7	21
17	0	0	0	0	3	17
17	1	0	0	1	0	0
15	17	0	1	0	0	0
13	7	3	0	0	0	0
0	21	17	0	0	0	0

39	39
14	41
43	16
33	24
42	28
15	19
31	31
