0	1	0	1	1	1	1	1
1	0	0	0	1	1	1	1
0	0	0	1	1	1	1	1
1	0	1	0	1	1	0	1
1	1	1	1	0	1	1	0
1	1	1	1	1	0	0	1
1	1	1	0	1	0	0	1
1	1	1	1	0	1	1	0

0	48	0	7	15	7	12	17
48	0	0	0	17	41	9	9
0	0	0	15	19	17	50	21
7	0	15	0	40	24	0	5
15	17	19	40	0	22	43	0
7	41	17	24	22	0	0	40
12	9	50	0	43	0	0	23
17	9	21	5	0	40	23	0

0	3	0	6	4	9	7	4
3	0	0	0	10	4	8	6
0	0	0	10	7	7	5	8
6	0	10	0	9	6	0	3
4	10	7	9	0	10	6	0
9	4	7	6	10	0	0	8
7	8	5	0	6	0	0	5
4	6	8	3	0	8	5	0

0	98	0	95	95	98	96	100
98	0	0	0	99	99	100	100
0	0	0	97	95	95	98	97
95	0	97	0	97	98	0	100
95	99	95	97	0	100	96	0
98	99	95	98	100	0	0	96
96	100	98	0	96	0	0	100
100	100	97	100	0	96	100	0

0	4	0	23	31	48	18	14
4	0	0	0	27	12	4	45
0	0	0	20	14	18	3	3
23	0	20	0	8	0	0	36
31	27	14	8	0	25	7	0
48	12	18	0	25	0	0	6
18	4	3	0	7	0	0	10
14	45	3	36	0	6	10	0

14	49
42	46
20	50
14	14
31	42
36	27
13	11
41	36
