0	1	1	1	0	1	1	1	1	0
1	0	1	1	1	1	1	0	0	1
1	1	0	1	0	1	0	1	1	1
1	1	1	0	1	1	1	0	1	1
0	1	0	1	0	1	1	1	0	1
1	1	1	1	1	0	0	0	1	1
1	1	0	1	1	0	0	1	0	1
1	0	1	0	1	0	1	0	0	0
1	0	1	1	0	1	0	0	0	1
0	1	1	1	1	1	1	0	1	0

0	44	23	35	0	33	42	16	49	0
44	0	37	24	34	32	11	0	0	44
23	37	0	38	0	35	0	39	15	36
35	24	38	0	42	52	32	0	41	31
0	34	0	42	0	43	26	34	0	42
33	32	35	52	43	0	0	0	10	26
42	11	0	32	26	0	0	40	0	36
16	0	39	0	34	0	40	0	0	0
49	0	15	41	0	10	0	0	0	38
0	44	36	31	42	26	36	0	38	0

0	3	3	8	0	5	6	6	9	0
3	0	6	4	8	8	5	0	0	3
3	6	0	8	0	7	0	6	8	8
8	4	8	0	10	7	6	0	7	9
0	8	0	10	0	7	8	8	0	9
5	8	7	7	7	0	0	0	7	10
6	5	0	6	8	0	0	4	0	6
6	0	6	0	8	0	4	0	0	0
9	0	8	7	0	7	0	0	0	6
0	3	8	9	9	10	6	0	6	0

0	99	95	98	0	99	96	99	100	0
99	0	98	95	96	97	100	0	0	96
95	98	0	99	0	99	0	95	98	99
98	95	99	0	95	98	96	0	100	95
0	96	0	95	0	98	99	100	0	97
99	97	99	98	98	0	0	0	99	96
96	100	0	96	99	0	0	97	0	97
99	0	95	0	100	0	97	0	0	0
100	0	98	100	0	99	0	0	0	95
0	96	99	95	97	96	97	0	95	0

0	1	17	3	0	18	6	21	4	0
1	0	15	7	4	0	2	0	0	4
17	15	0	15	0	12	0	10	23	15
3	7	15	0	7	0	6	0	2	22
0	4	0	7	0	11	12	11	0	9
18	0	12	0	11	0	0	0	6	16
6	2	0	6	12	0	0	5	0	9
21	0	10	0	11	0	5	0	0	0
4	0	23	2	0	6	0	0	0	16
0	4	15	22	9	16	9	0	16	0

21	28
35	41
17	40
11	15
39	28
30	41
11	38
27	34
17	14
18	35
