0	1	1	0	0	1	0	1	1
1	0	1	1	1	1	1	0	1
1	1	0	0	1	0	1	1	1
0	1	0	0	0	1	0	1	0
0	1	1	0	0	0	1	0	1
1	1	0	1	0	0	1	1	1
0	1	1	0	1	1	0	1	1
1	0	1	1	0	1	1	0	1
1	1	1	0	1	1	1	1	0

0	16	27	0	0	45	0	20	47
16	0	51	43	12	42	30	0	45
27	51	0	0	8	0	18	39	51
0	43	0	0	0	55	0	28	0
0	12	8	0	0	0	55	0	29
45	42	0	55	0	0	7	27	25
0	30	18	0	55	7	0	51	18
20	0	39	28	0	27	51	0	5
47	45	51	0	29	25	18	5	0

0	10	8	0	0	9	0	7	10
10	0	4	4	5	3	6	0	8
8	4	0	0	3	0	7	5	9
0	4	0	0	0	10	0	5	0
0	5	3	0	0	0	4	0	10
9	3	0	10	0	0	7	8	3
0	6	7	0	4	7	0	6	3
7	0	5	5	0	8	6	0	5
10	8	9	0	10	3	3	5	0

0	95	97	0	0	100	0	96	100
95	0	95	99	97	99	97	0	98
97	95	0	0	100	0	96	96	95
0	99	0	0	0	100	0	96	0
0	97	100	0	0	0	99	0	100
100	99	0	100	0	0	96	97	100
0	97	96	0	99	96	0	99	100
96	0	96	96	0	97	99	0	96
100	98	95	0	100	100	100	96	0

0	0	20	0	0	5	0	26	2
0	0	1	2	37	13	10	0	6
20	1	0	0	22	0	5	8	4
0	2	0	0	0	0	0	25	0
0	37	22	0	0	0	0	0	19
5	13	0	0	0	0	20	7	19
0	10	5	0	0	20	0	1	33
26	0	8	25	0	7	1	0	2
2	6	4	0	19	19	33	2	0

41	15
13	19
44	12
28	18
18	42
23	49
30	43
19	50
50	43
