0	1	1	1	1	0	1	0
1	0	1	1	1	0	1	0
1	1	0	0	1	1	1	1
1	1	0	0	1	1	1	1
1	1	1	1	0	0	1	0
0	0	1	1	0	0	1	1
1	1	1	1	1	1	0	1
0	0	1	1	0	1	1	0

0	20	14	28	25	0	33	0
20	0	42	38	10	0	55	0
14	42	0	0	18	16	31	14
28	38	0	0	15	41	41	6
25	10	18	15	0	0	44	0
0	0	16	41	0	0	24	23
33	55	31	41	44	24	0	24
0	0	14	6	0	23	24	0

0	6	6	10	10	0	8	0
6	0	3	8	8	0	5	0
6	3	0	0	3	3	3	4
10	8	0	0	3	5	5	8
10	8	3	3	0	0	3	0
0	0	3	5	0	0	7	3
8	5	3	5	3	7	0	5
0	0	4	8	0	3	5	0

0	95	95	95	97	0	96	0
95	0	96	95	95	0	96	0
95	96	0	0	100	100	97	95
95	95	0	0	97	100	98	99
97	95	100	97	0	0	100	0
0	0	100	100	0	0	96	98
96	96	97	98	100	96	0	95
0	0	95	99	0	98	95	0

0	17	30	8	2	0	0	0
17	0	2	0	7	0	0	0
30	2	0	0	9	2	1	31
8	0	0	0	25	13	8	22
2	7	9	25	0	0	0	0
0	0	2	13	0	0	1	21
0	0	1	8	0	1	0	6
0	0	31	22	0	21	6	0

30	26
25	27
49	18
44	28
27	46
21	30
18	35
31	17
