0	1	0	0	0	1	0	0	0	1
1	0	0	1	1	1	0	0	1	1
0	0	0	1	1	1	0	1	1	0
0	1	1	0	1	0	0	0	1	1
0	1	1	1	0	1	1	1	1	0
1	1	1	0	1	0	0	0	1	1
0	0	0	0	1	0	0	1	0	1
0	0	1	0	1	0	1	0	0	1
0	1	1	1	1	1	0	0	0	0
1	1	0	1	0	1	1	1	0	0

0	19	0	0	0	37	0	0	0	24
19	0	0	26	17	24	0	0	13	19
0	0	0	17	7	25	0	24	48	0
0	26	17	0	13	0	0	0	32	23
0	17	7	13	0	25	20	55	7	0
37	24	25	0	25	0	0	0	53	36
0	0	0	0	20	0	0	42	0	34
0	0	24	0	55	0	42	0	0	44
0	13	48	32	7	53	0	0	0	0
24	19	0	23	0	36	34	44	0	0

0	5	0	0	0	7	0	0	0	8
5	0	0	3	7	6	0	0	4	9
0	0	0	4	5	5	0	4	4	0
0	3	4	0	6	0	0	0	10	8
0	7	5	6	0	6	8	10	3	0
7	6	5	0	6	0	0	0	9	7
0	0	0	0	8	0	0	7	0	3
0	0	4	0	10	0	7	0	0	9
0	4	4	10	3	9	0	0	0	0
8	9	0	8	0	7	3	9	0	0

0	96	0	0	0	98	0	0	0	96
96	0	0	95	100	100	0	0	96	98
0	0	0	96	97	97	0	100	98	0
0	95	96	0	100	0	0	0	100	97
0	100	97	100	0	98	100	96	96	0
98	100	97	0	98	0	0	0	97	99
0	0	0	0	100	0	0	97	0	95
0	0	100	0	96	0	97	0	0	99
0	96	98	100	96	97	0	0	0	0
96	98	0	97	0	99	95	99	0	0

0	5	0	0	0	5	0	0	0	11
5	0	0	17	8	23	0	0	0	24
0	0	0	6	38	2	0	3	2	0
0	17	6	0	38	0	0	0	5	0
0	8	38	38	0	17	12	0	4	0
5	23	2	0	17	0	0	0	2	7
0	0	0	0	12	0	0	13	0	1
0	0	3	0	0	0	13	0	0	10
0	0	2	5	4	2	0	0	0	0
11	24	0	0	0	7	1	10	0	0

44	21
15	49
23	20
32	12
14	20
16	40
32	21
50	41
49	48
25	17
