0	0	0	1	1	0	1	1	1	0
0	0	1	1	1	1	1	1	1	1
0	1	0	0	1	1	1	1	0	1
1	1	0	0	1	1	1	1	1	1
1	1	1	1	0	1	0	0	0	1
0	1	1	1	1	0	1	1	1	1
1	1	1	1	0	1	0	1	1	0
1	1	1	1	0	1	1	0	1	1
1	1	0	1	0	1	1	1	0	1
0	1	1	1	1	1	0	1	1	0

0	0	0	43	30	0	11	16	33	0
0	0	24	5	5	17	50	48	25	23
0	24	0	0	28	8	28	37	0	49
43	5	0	0	32	28	47	51	25	47
30	5	28	32	0	25	0	0	0	9
0	17	8	28	25	0	7	55	44	47
11	50	28	47	0	7	0	42	53	0
16	48	37	51	0	55	42	0	22	16
33	25	0	25	0	44	53	22	0	26
0	23	49	47	9	47	0	16	26	0

0	0	0	10	7	0	8	10	6	0
0	0	5	3	7	3	4	10	3	10
0	5	0	0	6	8	3	3	0	5
10	3	0	0	6	9	3	5	3	8
7	7	6	6	0	9	0	0	0	8
0	3	8	9	9	0	7	8	7	9
8	4	3	3	0	7	0	9	4	0
10	10	3	5	0	8	9	0	3	9
6	3	0	3	0	7	4	3	0	9
0	10	5	8	8	9	0	9	9	0

0	0	0	96	95	0	100	95	99	0
0	0	99	99	97	95	96	96	98	100
0	99	0	0	95	100	100	100	0	95
96	99	0	0	99	100	100	96	96	98
95	97	95	99	0	96	0	0	0	99
0	95	100	100	96	0	96	99	100	95
100	96	100	100	0	96	0	97	98	0
95	96	100	96	0	99	97	0	99	97
99	98	0	96	0	100	98	99	0	98
0	100	95	98	99	95	0	97	98	0

0	0	0	6	9	0	17	38	17	0
0	0	21	44	34	10	5	4	18	11
0	21	0	0	2	41	15	8	0	1
6	44	0	0	20	16	2	2	27	3
9	34	2	20	0	22	0	0	0	14
0	10	41	16	22	0	21	0	2	4
17	5	15	2	0	21	0	7	1	0
38	4	8	2	0	0	7	0	1	19
17	18	0	27	0	2	1	1	0	11
0	11	1	3	14	4	0	19	11	0

50	36
23	49
43	27
42	25
15	17
44	19
49	48
49	36
28	18
33	15
