0	1	0	0	1	1	0
1	0	0	0	0	1	1
0	0	0	0	1	0	1
0	0	0	0	1	1	0
1	0	1	1	0	1	1
1	1	0	1	1	0	0
0	1	1	0	1	0	0

0	30	0	0	44	42	0
30	0	0	0	0	20	42
0	0	0	0	42	0	13
0	0	0	0	45	18	0
44	0	42	45	0	47	36
42	20	0	18	47	0	0
0	42	13	0	36	0	0

0	5	0	0	3	5	0
5	0	0	0	0	7	10
0	0	0	0	7	0	3
0	0	0	0	5	5	0
3	0	7	5	0	9	5
5	7	0	5	9	0	0
0	10	3	0	5	0	0

0	95	0	0	97	100	0
95	0	0	0	0	95	96
0	0	0	0	96	0	98
0	0	0	0	100	95	0
97	0	96	100	0	97	96
100	95	0	95	97	0	0
0	96	98	0	96	0	0

0	7	0	0	11	5	0
7	0	0	0	0	29	7
0	0	0	0	6	0	25
0	0	0	0	7	13	0
11	0	6	7	0	5	3
5	29	0	13	5	0	0
0	7	25	0	3	0	0

13	49
39	38
24	15
11	19
47	13
22	25
32	34
