0	0	0	0	0	0	0	1	1	1
0	0	0	1	0	1	1	0	1	1
0	0	0	1	0	0	1	0	1	1
0	1	1	0	0	0	1	0	0	1
0	0	0	0	0	1	0	1	1	1
0	1	0	0	1	0	1	1	1	0
0	1	1	1	0	1	0	0	1	1
1	0	0	0	1	1	0	0	0	1
1	1	1	0	1	1	1	0	0	1
1	1	1	1	1	0	1	1	1	0

0	0	0	0	0	0	0	13	17	27
0	0	0	16	0	24	28	0	52	33
0	0	0	9	0	0	20	0	54	9
0	16	9	0	0	0	20	0	0	22
0	0	0	0	0	9	0	34	52	47
0	24	0	0	9	0	18	52	27	0
0	28	20	20	0	18	0	0	34	37
13	0	0	0	34	52	0	0	0	40
17	52	54	0	52	27	34	0	0	55
27	33	9	22	47	0	37	40	55	0

0	0	0	0	0	0	0	5	6	10
0	0	0	8	0	10	7	0	4	7
0	0	0	7	0	0	3	0	8	4
0	8	7	0	0	0	6	0	0	8
0	0	0	0	0	9	0	7	9	6
0	10	0	0	9	0	6	6	10	0
0	7	3	6	0	6	0	0	3	3
5	0	0	0	7	6	0	0	0	3
6	4	8	0	9	10	3	0	0	10
10	7	4	8	6	0	3	3	10	0

0	0	0	0	0	0	0	99	97	99
0	0	0	99	0	99	100	0	99	96
0	0	0	100	0	0	100	0	95	99
0	99	100	0	0	0	98	0	0	95
0	0	0	0	0	99	0	98	98	99
0	99	0	0	99	0	99	100	96	0
0	100	100	98	0	99	0	0	99	100
99	0	0	0	98	100	0	0	0	98
97	99	95	0	98	96	99	0	0	95
99	96	99	95	99	0	100	98	95	0

0	0	0	0	0	0	0	0	7	3
0	0	0	13	0	20	18	0	1	12
0	0	0	11	0	0	18	0	0	41
0	13	11	0	0	0	35	0	0	27
0	0	0	0	0	9	0	10	2	1
0	20	0	0	9	0	33	0	6	0
0	18	18	35	0	33	0	0	21	11
0	0	0	0	10	0	0	0	0	3
7	1	0	0	2	6	21	0	0	0
3	12	41	27	1	0	11	3	0	0

27	20
18	43
28	43
44	15
42	12
50	10
10	31
20	39
16	18
15	17
