0	1	1	0	1	1	0	1	0
1	0	1	1	1	0	1	0	0
1	1	0	1	0	1	0	0	0
0	1	1	0	1	1	0	1	0
1	1	0	1	0	1	1	1	1
1	0	1	1	1	0	0	1	1
0	1	0	0	1	0	0	1	0
1	0	0	1	1	1	1	0	1
0	0	0	0	1	1	0	1	0

0	25	30	0	52	48	0	46	0
25	0	48	39	15	0	18	0	0
30	48	0	46	0	26	0	0	0
0	39	46	0	15	13	0	32	0
52	15	0	15	0	36	46	7	16
48	0	26	13	36	0	0	6	40
0	18	0	0	46	0	0	9	0
46	0	0	32	7	6	9	0	34
0	0	0	0	16	40	0	34	0

0	5	6	0	3	6	0	8	0
5	0	5	4	5	0	7	0	0
6	5	0	4	0	8	0	0	0
0	4	4	0	7	6	0	10	0
3	5	0	7	0	6	8	8	6
6	0	8	6	6	0	0	10	5
0	7	0	0	8	0	0	8	0
8	0	0	10	8	10	8	0	3
0	0	0	0	6	5	0	3	0

0	95	100	0	98	96	0	100	0
95	0	98	97	98	0	100	0	0
100	98	0	95	0	96	0	0	0
0	97	95	0	98	100	0	97	0
98	98	0	98	0	100	99	100	100
96	0	96	100	100	0	0	98	98
0	100	0	0	99	0	0	96	0
100	0	0	97	100	98	96	0	95
0	0	0	0	100	98	0	95	0

0	26	16	0	2	2	0	4	0
26	0	0	6	12	0	27	0	0
16	0	0	5	0	24	0	0	0
0	6	5	0	9	12	0	20	0
2	12	0	9	0	13	5	38	2
2	0	24	12	13	0	0	31	11
0	27	0	0	5	0	0	5	0
4	0	0	20	38	31	5	0	11
0	0	0	0	2	11	0	11	0

45	17
49	41
47	29
39	21
16	42
13	14
14	33
45	31
16	40
