0	0	1	1	1	1	0	1
0	0	1	1	1	1	1	1
1	1	0	1	1	1	1	1
1	1	1	0	0	1	1	0
1	1	1	0	0	0	1	1
1	1	1	1	0	0	1	0
0	1	1	1	1	1	0	1
1	1	1	0	1	0	1	0

0	0	28	53	11	12	0	6
0	0	27	30	26	19	8	42
28	27	0	48	27	13	12	28
53	30	48	0	0	45	30	0
11	26	27	0	0	0	22	52
12	19	13	45	0	0	9	0
0	8	12	30	22	9	0	49
6	42	28	0	52	0	49	0

0	0	8	4	10	5	0	3
0	0	7	6	7	10	3	10
8	7	0	7	9	5	10	9
4	6	7	0	0	7	3	0
10	7	9	0	0	0	3	7
5	10	5	7	0	0	9	0
0	3	10	3	3	9	0	7
3	10	9	0	7	0	7	0

0	0	99	99	95	95	0	99
0	0	100	98	97	100	95	99
99	100	0	98	100	96	96	98
99	98	98	0	0	100	96	0
95	97	100	0	0	0	99	98
95	100	96	100	0	0	96	0
0	95	96	96	99	96	0	97
99	99	98	0	98	0	97	0

0	0	16	0	15	40	0	24
0	0	25	4	25	32	10	13
16	25	0	6	22	36	14	17
0	4	6	0	0	6	18	0
15	25	22	0	0	0	31	1
40	32	36	6	0	0	20	0
0	10	14	18	31	20	0	6
24	13	17	0	1	0	6	0

48	48
20	45
38	30
18	31
16	23
38	45
48	45
36	14
