0	1	1	1	1	1	1
1	0	1	1	1	1	1
1	1	0	1	1	0	1
1	1	1	0	1	1	0
1	1	1	1	0	0	1
1	1	0	1	0	0	1
1	1	1	0	1	1	0

0	28	13	8	18	16	43
28	0	13	15	33	18	49
13	13	0	39	17	0	53
8	15	39	0	44	6	0
18	33	17	44	0	0	19
16	18	0	6	0	0	16
43	49	53	0	19	16	0

0	5	3	8	5	8	7
5	0	3	5	7	3	4
3	3	0	6	3	0	8
8	5	6	0	5	5	0
5	7	3	5	0	0	3
8	3	0	5	0	0	8
7	4	8	0	3	8	0

0	98	98	96	96	96	96
98	0	98	100	100	96	98
98	98	0	95	100	0	96
96	100	95	0	100	99	0
96	100	100	100	0	0	98
96	96	0	99	0	0	97
96	98	96	0	98	97	0

0	17	40	12	33	37	2
17	0	4	9	14	8	0
40	4	0	12	21	0	0
12	9	12	0	5	34	0
33	14	21	5	0	0	31
37	8	0	34	0	0	10
2	0	0	0	31	10	0

21	44
35	47
35	27
14	21
22	39
27	10
42	50
