0	1	1	1	0	0	1	0	1
1	0	1	0	1	1	1	0	1
1	1	0	0	1	1	1	0	1
1	0	0	0	1	1	1	1	1
0	1	1	1	0	0	1	0	0
0	1	1	1	0	0	1	1	0
1	1	1	1	1	1	0	1	1
0	0	0	1	0	1	1	0	1
1	1	1	1	0	0	1	1	0

0	15	52	51	0	0	48	0	8
15	0	34	0	45	34	25	0	36
52	34	0	0	9	12	16	0	55
51	0	0	0	14	50	30	9	26
0	45	9	14	0	0	18	0	0
0	34	12	50	0	0	28	26	0
48	25	16	30	18	28	0	21	47
0	0	0	9	0	26	21	0	15
8	36	55	26	0	0	47	15	0

0	8	6	10	0	0	8	0	3
8	0	5	0	8	4	7	0	10
6	5	0	0	10	10	9	0	8
10	0	0	0	8	9	9	3	6
0	8	10	8	0	0	10	0	0
0	4	10	9	0	0	7	7	0
8	7	9	9	10	7	0	7	10
0	0	0	3	0	7	7	0	10
3	10	8	6	0	0	10	10	0

0	100	97	95	0	0	98	0	99
100	0	97	0	100	99	100	0	95
97	97	0	0	99	99	97	0	99
95	0	0	0	96	97	99	99	96
0	100	99	96	0	0	95	0	0
0	99	99	97	0	0	97	100	0
98	100	97	99	95	97	0	98	98
0	0	0	99	0	100	98	0	99
99	95	99	96	0	0	98	99	0

0	1	0	3	0	0	4	0	4
1	0	19	0	7	18	16	0	0
0	19	0	0	38	20	23	0	0
3	0	0	0	36	2	4	14	21
0	7	38	36	0	0	12	0	0
0	18	20	2	0	0	14	19	0
4	16	23	4	12	14	0	32	0
0	0	0	14	0	19	32	0	28
4	0	0	21	0	0	0	28	0

40	48
46	14
30	45
34	39
39	13
44	27
21	49
49	19
21	29
