0	1	1	0	1	0	1
1	0	0	1	1	1	0
1	0	0	1	1	1	1
0	1	1	0	1	1	0
1	1	1	1	0	1	1
0	1	1	1	1	0	0
1	0	1	0	1	0	0

0	33	29	0	22	0	55
33	0	0	17	40	41	0
29	0	0	13	39	50	21
0	17	13	0	44	24	0
22	40	39	44	0	26	6
0	41	50	24	26	0	0
55	0	21	0	6	0	0

0	8	3	0	9	0	8
8	0	0	3	4	4	0
3	0	0	3	7	4	6
0	3	3	0	10	9	0
9	4	7	10	0	6	5
0	4	4	9	6	0	0
8	0	6	0	5	0	0

0	98	100	0	96	0	99
98	0	0	96	96	96	0
100	0	0	99	100	99	95
0	96	99	0	100	100	0
96	96	100	100	0	99	96
0	96	99	100	99	0	0
99	0	95	0	96	0	0

0	7	16	0	10	0	0
7	0	0	13	7	8	0
16	0	0	38	6	3	24
0	13	38	0	2	17	0
10	7	6	2	0	6	36
0	8	3	17	6	0	0
0	0	24	0	36	0	0

15	32
10	35
36	19
41	14
50	18
22	19
47	10
