0	1	1	1	0	0	1	0	1
1	0	1	0	1	1	1	0	1
1	1	0	0	1	1	1	0	1
1	0	0	0	1	1	1	1	1
0	1	1	1	0	0	1	0	0
0	1	1	1	0	0	1	1	0
1	1	1	1	1	1	0	1	1
0	0	0	1	0	1	1	0	1
1	1	1	1	0	0	1	1	0

0	51	23	32	0	0	55	0	16
51	0	28	0	8	11	52	0	10
23	28	0	0	12	55	31	0	36
32	0	0	0	45	51	5	50	17
0	8	12	45	0	0	8	0	0
0	11	55	51	0	0	12	20	0
55	52	31	5	8	12	0	28	39
0	0	0	50	0	20	28	0	46
16	10	36	17	0	0	39	46	0

0	6	3	5	0	0	7	0	5
6	0	3	0	3	3	9	0	6
3	3	0	0	8	7	4	0	5
5	0	0	0	9	10	9	4	5
0	3	8	9	0	0	6	0	0
0	3	7	10	0	0	4	3	0
7	9	4	9	6	4	0	7	7
0	0	0	4	0	3	7	0	7
5	6	5	5	0	0	7	7	0

0	97	99	97	0	0	96	0	97
97	0	96	0	100	96	98	0	97
99	96	0	0	95	99	99	0	97
97	0	0	0	99	96	97	98	96
0	100	95	99	0	0	97	0	0
0	96	99	96	0	0	97	97	0
96	98	99	97	97	97	0	100	97
0	0	0	98	0	97	100	0	97
97	97	97	96	0	0	97	97	0

0	1	20	17	0	0	0	0	23
1	0	24	0	3	44	0	0	31
20	24	0	0	34	0	14	0	4
17	0	0	0	8	2	0	2	1
0	3	34	8	0	0	37	0	0
0	44	0	2	0	0	27	18	0
0	0	14	0	37	27	0	0	7
0	0	0	2	0	18	0	0	7
23	31	4	1	0	0	7	7	0

32	32
34	27
13	35
31	22
13	50
37	15
34	17
36	26
23	19
