0	1	0	0	1	1	0	1	1	1
1	0	1	1	1	1	1	0	0	1
0	1	0	1	0	0	1	1	1	1
0	1	1	0	1	1	0	1	1	1
1	1	0	1	0	1	0	1	0	0
1	1	0	1	1	0	1	0	1	1
0	1	1	0	0	1	0	1	1	0
1	0	1	1	1	0	1	0	1	1
1	0	1	1	0	1	1	1	0	0
1	1	1	1	0	1	0	1	0	0

0	20	0	0	22	21	0	12	15	29
20	0	26	21	35	10	10	0	0	7
0	26	0	21	0	0	41	49	17	5
0	21	21	0	41	18	0	18	34	31
22	35	0	41	0	15	0	18	0	0
21	10	0	18	15	0	13	0	8	8
0	10	41	0	0	13	0	26	15	0
12	0	49	18	18	0	26	0	43	40
15	0	17	34	0	8	15	43	0	0
29	7	5	31	0	8	0	40	0	0

0	10	0	0	8	3	0	7	7	3
10	0	4	9	8	7	10	0	0	6
0	4	0	9	0	0	4	7	7	10
0	9	9	0	4	7	0	4	10	4
8	8	0	4	0	9	0	7	0	0
3	7	0	7	9	0	10	0	9	9
0	10	4	0	0	10	0	5	6	0
7	0	7	4	7	0	5	0	9	5
7	0	7	10	0	9	6	9	0	0
3	6	10	4	0	9	0	5	0	0

0	96	0	0	98	98	0	100	100	98
96	0	96	98	96	96	96	0	0	100
0	96	0	96	0	0	99	97	96	97
0	98	96	0	97	96	0	96	98	96
98	96	0	97	0	100	0	96	0	0
98	96	0	96	100	0	100	0	100	97
0	96	99	0	0	100	0	99	100	0
100	0	97	96	96	0	99	0	95	100
100	0	96	98	0	100	100	95	0	0
98	100	97	96	0	97	0	100	0	0

0	11	0	0	31	31	0	37	7	15
11	0	20	11	7	41	40	0	0	21
0	20	0	7	0	0	4	2	27	49
0	11	7	0	12	15	0	36	0	3
31	7	0	12	0	21	0	22	0	0
31	41	0	15	21	0	3	0	1	15
0	40	4	0	0	3	0	17	18	0
37	0	2	36	22	0	17	0	3	11
7	0	27	0	0	1	18	3	0	0
15	21	49	3	0	15	0	11	0	0

46	39
43	33
35	35
40	11
35	12
19	10
49	46
34	21
46	49
48	12
