0	1	1	0	1	1	1	0
1	0	1	1	0	1	1	1
1	1	0	0	1	0	0	1
0	1	0	0	1	1	1	1
1	0	1	1	0	1	1	1
1	1	0	1	1	0	1	1
1	1	0	1	1	1	0	0
0	1	1	1	1	1	0	0

0	31	23	0	33	20	48	0
31	0	50	9	0	16	23	49
23	50	0	0	38	0	0	27
0	9	0	0	28	47	13	51
33	0	38	28	0	53	5	10
20	16	0	47	53	0	9	35
48	23	0	13	5	9	0	0
0	49	27	51	10	35	0	0

0	5	6	0	9	7	6	0
5	0	9	6	0	9	5	3
6	9	0	0	6	0	0	9
0	6	0	0	4	8	8	10
9	0	6	4	0	4	6	4
7	9	0	8	4	0	4	3
6	5	0	8	6	4	0	0
0	3	9	10	4	3	0	0

0	99	95	0	97	96	96	0
99	0	95	99	0	100	99	100
95	95	0	0	100	0	0	100
0	99	0	0	97	97	100	97
97	0	100	97	0	99	97	98
96	100	0	97	99	0	97	95
96	99	0	100	97	97	0	0
0	100	100	97	98	95	0	0

0	4	25	0	1	10	5	0
4	0	0	8	0	16	11	5
25	0	0	0	14	0	0	24
0	8	0	0	22	5	29	4
1	0	14	22	0	0	44	17
10	16	0	5	0	0	24	17
5	11	0	29	44	24	0	0
0	5	24	4	17	17	0	0

39	49
25	34
13	48
40	42
13	21
46	21
47	19
11	41
