0	1	1	1	0	1	0	0	1
1	0	1	1	0	1	1	1	0
1	1	0	1	1	1	0	1	1
1	1	1	0	0	0	0	1	1
0	0	1	0	0	1	1	1	0
1	1	1	0	1	0	1	1	1
0	1	0	0	1	1	0	1	1
0	1	1	1	1	1	1	0	1
1	0	1	1	0	1	1	1	0

0	29	10	34	0	52	0	0	28
29	0	35	43	0	43	16	20	0
10	35	0	21	17	6	0	51	12
34	43	21	0	0	0	0	35	17
0	0	17	0	0	14	54	13	0
52	43	6	0	14	0	14	16	22
0	16	0	0	54	14	0	49	37
0	20	51	35	13	16	49	0	29
28	0	12	17	0	22	37	29	0

0	4	3	9	0	5	0	0	10
4	0	4	8	0	8	6	8	0
3	4	0	6	6	7	0	5	10
9	8	6	0	0	0	0	9	4
0	0	6	0	0	3	7	10	0
5	8	7	0	3	0	7	6	6
0	6	0	0	7	7	0	4	4
0	8	5	9	10	6	4	0	10
10	0	10	4	0	6	4	10	0

0	98	97	98	0	98	0	0	95
98	0	97	97	0	95	96	96	0
97	97	0	98	99	97	0	96	96
98	97	98	0	0	0	0	99	95
0	0	99	0	0	98	95	97	0
98	95	97	0	98	0	100	98	97
0	96	0	0	95	100	0	97	99
0	96	96	99	97	98	97	0	95
95	0	96	95	0	97	99	95	0

0	2	29	21	0	0	0	0	10
2	0	17	1	0	8	26	27	0
29	17	0	19	13	37	0	0	36
21	1	19	0	0	0	0	19	24
0	0	13	0	0	10	1	11	0
0	8	37	0	10	0	16	1	9
0	26	0	0	1	16	0	2	9
0	27	0	19	11	1	2	0	3
10	0	36	24	0	9	9	3	0

27	12
47	49
49	26
17	44
45	26
41	48
25	43
47	24
31	39
