0	0	0	1	1	1	1
0	0	1	0	1	1	1
0	1	0	1	1	1	1
1	0	1	0	1	1	1
1	1	1	1	0	0	1
1	1	1	1	0	0	1
1	1	1	1	1	1	0

0	0	0	39	47	5	14
0	0	17	0	21	23	20
0	17	0	55	7	26	41
39	0	55	0	22	12	43
47	21	7	22	0	0	48
5	23	26	12	0	0	13
14	20	41	43	48	13	0

0	0	0	4	9	10	9
0	0	6	0	8	3	4
0	6	0	9	4	4	5
4	0	9	0	7	10	4
9	8	4	7	0	0	10
10	3	4	10	0	0	9
9	4	5	4	10	9	0

0	0	0	100	95	95	98
0	0	97	0	97	99	97
0	97	0	98	99	97	100
100	0	98	0	96	98	97
95	97	99	96	0	0	97
95	99	97	98	0	0	98
98	97	100	97	97	98	0

0	0	0	8	0	34	24
0	0	24	0	19	5	25
0	24	0	0	27	16	13
8	0	0	0	18	36	1
0	19	27	18	0	0	7
34	5	16	36	0	0	19
24	25	13	1	7	19	0

43	15
10	11
41	49
39	39
13	47
11	38
42	26
