0	1	1	1	0	0	0	1	0	1
1	0	0	1	1	1	1	0	1	0
1	0	0	1	1	1	1	1	0	1
1	1	1	0	1	1	1	0	1	1
0	1	1	1	0	1	0	1	1	1
0	1	1	1	1	0	1	1	1	1
0	1	1	1	0	1	0	1	1	1
1	0	1	0	1	1	1	0	1	1
0	1	0	1	1	1	1	1	0	0
1	0	1	1	1	1	1	1	0	0

0	26	12	13	0	0	0	36	0	20
26	0	0	15	31	21	32	0	26	0
12	0	0	37	14	10	48	18	0	25
13	15	37	0	38	25	30	0	30	54
0	31	14	38	0	24	0	12	11	17
0	21	10	25	24	0	17	18	16	32
0	32	48	30	0	17	0	19	45	24
36	0	18	0	12	18	19	0	50	32
0	26	0	30	11	16	45	50	0	0
20	0	25	54	17	32	24	32	0	0

0	10	6	7	0	0	0	10	0	7
10	0	0	10	7	8	9	0	5	0
6	0	0	7	7	10	6	9	0	3
7	10	7	0	8	7	9	0	5	5
0	7	7	8	0	4	0	5	10	9
0	8	10	7	4	0	5	3	6	3
0	9	6	9	0	5	0	8	7	6
10	0	9	0	5	3	8	0	9	6
0	5	0	5	10	6	7	9	0	0
7	0	3	5	9	3	6	6	0	0

0	95	100	100	0	0	0	98	0	97
95	0	0	99	97	96	99	0	100	0
100	0	0	98	100	96	99	98	0	96
100	99	98	0	98	99	99	0	99	99
0	97	100	98	0	100	0	99	99	99
0	96	96	99	100	0	100	95	96	96
0	99	99	99	0	100	0	100	98	97
98	0	98	0	99	95	100	0	97	97
0	100	0	99	99	96	98	97	0	0
97	0	96	99	99	96	97	97	0	0

0	24	31	23	0	0	0	19	0	15
24	0	0	25	13	2	21	0	1	0
31	0	0	14	4	5	2	24	0	21
23	25	14	0	13	7	6	0	24	1
0	13	4	13	0	13	0	8	37	35
0	2	5	7	13	0	16	29	23	14
0	21	2	6	0	16	0	11	8	26
19	0	24	0	8	29	11	0	4	10
0	1	0	24	37	23	8	4	0	0
15	0	21	1	35	14	26	10	0	0

12	44
19	46
21	44
17	28
34	45
32	26
47	27
31	23
49	25
23	30
