0	1	1	0	1	0	1	1	1	1
1	0	1	0	1	1	1	0	1	0
1	1	0	0	1	0	1	1	1	0
0	0	0	0	1	0	1	1	1	1
1	1	1	1	0	1	1	0	0	1
0	1	0	0	1	0	1	1	1	1
1	1	1	1	1	1	0	1	0	1
1	0	1	1	0	1	1	0	1	1
1	1	1	1	0	1	0	1	0	0
1	0	0	1	1	1	1	1	0	0

0	6	41	0	30	0	42	5	6	13
6	0	47	0	5	34	37	0	48	0
41	47	0	0	33	0	51	17	36	0
0	0	0	0	8	0	51	36	6	31
30	5	33	8	0	19	54	0	0	43
0	34	0	0	19	0	9	19	45	26
42	37	51	51	54	9	0	50	0	46
5	0	17	36	0	19	50	0	31	7
6	48	36	6	0	45	0	31	0	0
13	0	0	31	43	26	46	7	0	0

0	10	6	0	7	0	6	4	6	4
10	0	10	0	7	5	6	0	6	0
6	10	0	0	8	0	7	5	8	0
0	0	0	0	9	0	9	4	10	4
7	7	8	9	0	9	7	0	0	3
0	5	0	0	9	0	3	8	8	8
6	6	7	9	7	3	0	4	0	6
4	0	5	4	0	8	4	0	10	7
6	6	8	10	0	8	0	10	0	0
4	0	0	4	3	8	6	7	0	0

0	99	100	0	99	0	96	97	97	100
99	0	96	0	97	97	98	0	99	0
100	96	0	0	100	0	100	96	96	0
0	0	0	0	100	0	100	97	99	96
99	97	100	100	0	99	98	0	0	99
0	97	0	0	99	0	95	96	96	98
96	98	100	100	98	95	0	99	0	99
97	0	96	97	0	96	99	0	99	100
97	99	96	99	0	96	0	99	0	0
100	0	0	96	99	98	99	100	0	0

0	13	7	0	15	0	2	9	28	31
13	0	3	0	50	14	12	0	3	0
7	3	0	0	10	0	3	10	9	0
0	0	0	0	5	0	3	8	17	5
15	50	10	5	0	27	0	0	0	8
0	14	0	0	27	0	41	27	10	16
2	12	3	3	0	41	0	4	0	4
9	0	10	8	0	27	4	0	1	26
28	3	9	17	0	10	0	1	0	0
31	0	0	5	8	16	4	26	0	0

44	30
24	11
39	10
34	42
28	19
27	43
39	40
14	35
33	45
19	15
