0	1	1	1	1	1	1
1	0	1	1	1	0	1
1	1	0	1	0	0	0
1	1	1	0	1	1	1
1	1	0	1	0	1	1
1	0	0	1	1	0	1
1	1	0	1	1	1	0

0	36	11	23	19	37	36
36	0	6	20	28	0	18
11	6	0	33	0	0	0
23	20	33	0	30	36	49
19	28	0	30	0	44	39
37	0	0	36	44	0	6
36	18	0	49	39	6	0

0	10	3	8	10	3	8
10	0	4	10	7	0	3
3	4	0	8	0	0	0
8	10	8	0	6	9	10
10	7	0	6	0	9	7
3	0	0	9	9	0	10
8	3	0	10	7	10	0

0	96	98	96	98	98	98
96	0	95	97	96	0	100
98	95	0	100	0	0	0
96	97	100	0	96	97	100
98	96	0	96	0	95	96
98	0	0	97	95	0	99
98	100	0	100	96	99	0

0	18	41	10	9	13	8
18	0	47	29	11	0	22
41	47	0	9	0	0	0
10	29	9	0	22	3	0
9	11	0	22	0	1	16
13	0	0	3	1	0	13
8	22	0	0	16	13	0

35	27
29	39
44	18
37	44
46	43
50	15
18	10
