0	1	1	0	1	1	1	1
1	0	1	1	0	1	1	1
1	1	0	0	1	1	1	0
0	1	0	0	1	1	1	1
1	0	1	1	0	0	0	1
1	1	1	1	0	0	1	0
1	1	1	1	0	1	0	0
1	1	0	1	1	0	0	0

0	9	29	0	49	55	42	42
9	0	15	34	0	13	13	35
29	15	0	0	28	46	7	0
0	34	0	0	32	24	32	31
49	0	28	32	0	0	0	49
55	13	46	24	0	0	37	0
42	13	7	32	0	37	0	0
42	35	0	31	49	0	0	0

0	4	8	0	5	7	3	4
4	0	3	9	0	8	8	9
8	3	0	0	10	4	5	0
0	9	0	0	6	8	5	8
5	0	10	6	0	0	0	7
7	8	4	8	0	0	8	0
3	8	5	5	0	8	0	0
4	9	0	8	7	0	0	0

0	100	99	0	98	95	95	97
100	0	97	98	0	100	98	96
99	97	0	0	95	98	95	0
0	98	0	0	95	95	98	99
98	0	95	95	0	0	0	99
95	100	98	95	0	0	98	0
95	98	95	98	0	98	0	0
97	96	0	99	99	0	0	0

0	37	10	0	6	0	5	12
37	0	0	21	0	3	41	4
10	0	0	0	25	0	45	0
0	21	0	0	19	30	19	10
6	0	25	19	0	0	0	5
0	3	0	30	0	0	9	0
5	41	45	19	0	9	0	0
12	4	0	10	5	0	0	0

15	47
12	27
25	39
23	48
39	19
12	47
11	18
31	13
