0	1	0	1	1	0	1
1	0	1	1	1	1	1
0	1	0	1	1	0	0
1	1	1	0	1	0	1
1	1	1	1	0	0	1
0	1	0	0	0	0	1
1	1	0	1	1	1	0

0	51	0	33	44	0	8
51	0	22	14	42	41	49
0	22	0	31	34	0	0
33	14	31	0	44	0	10
44	42	34	44	0	0	47
0	41	0	0	0	0	21
8	49	0	10	47	21	0

0	3	0	6	7	0	5
3	0	6	9	8	5	5
0	6	0	10	6	0	0
6	9	10	0	8	0	6
7	8	6	8	0	0	8
0	5	0	0	0	0	7
5	5	0	6	8	7	0

0	96	0	97	97	0	96
96	0	99	100	96	99	96
0	99	0	99	100	0	0
97	100	99	0	98	0	98
97	96	100	98	0	0	100
0	99	0	0	0	0	95
96	96	0	98	100	95	0

0	1	0	14	9	0	22
1	0	7	14	8	5	3
0	7	0	13	9	0	0
14	14	13	0	8	0	8
9	8	9	8	0	0	2
0	5	0	0	0	0	34
22	3	0	8	2	34	0

37	50
46	35
17	31
20	30
23	12
15	45
11	26
