0	0	0	1	1	1	1
0	0	1	0	1	1	1
0	1	0	1	1	1	1
1	0	1	0	1	1	1
1	1	1	1	0	0	1
1	1	1	1	0	0	1
1	1	1	1	1	1	0

0	0	0	24	18	53	48
0	0	11	0	50	22	13
0	11	0	32	14	24	44
24	0	32	0	30	23	16
18	50	14	30	0	0	7
53	22	24	23	0	0	38
48	13	44	16	7	38	0

0	0	0	8	4	10	9
0	0	8	0	7	6	7
0	8	0	9	4	10	8
8	0	9	0	6	6	5
4	7	4	6	0	0	10
10	6	10	6	0	0	3
9	7	8	5	10	3	0

0	0	0	97	97	98	100
0	0	99	0	99	98	95
0	99	0	100	98	95	95
97	0	100	0	99	96	100
97	99	98	99	0	0	96
98	98	95	96	0	0	99
100	95	95	100	96	99	0

0	0	0	7	9	2	5
0	0	23	0	5	5	1
0	23	0	13	11	24	1
7	0	13	0	13	25	10
9	5	11	13	0	0	25
2	5	24	25	0	0	5
5	1	1	10	25	5	0

33	47
10	49
32	34
17	23
13	30
23	32
17	49
