0	0	1	0	0	1	1	0	1	1
0	0	1	1	1	1	0	1	0	1
1	1	0	0	1	1	0	1	1	1
0	1	0	0	1	0	1	1	1	0
0	1	1	1	0	1	1	1	0	1
1	1	1	0	1	0	0	0	0	0
1	0	0	1	1	0	0	1	1	1
0	1	1	1	1	0	1	0	1	0
1	0	1	1	0	0	1	1	0	1
1	1	1	0	1	0	1	0	1	0

0	0	32	0	0	9	7	0	54	43
0	0	35	29	31	38	0	22	0	27
32	35	0	0	36	28	0	39	17	27
0	29	0	0	29	0	41	19	23	0
0	31	36	29	0	12	55	15	0	22
9	38	28	0	12	0	0	0	0	0
7	0	0	41	55	0	0	50	43	44
0	22	39	19	15	0	50	0	26	0
54	0	17	23	0	0	43	26	0	18
43	27	27	0	22	0	44	0	18	0

0	0	6	0	0	4	9	0	3	8
0	0	7	9	8	3	0	6	0	5
6	7	0	0	8	9	0	3	9	8
0	9	0	0	8	0	4	8	8	0
0	8	8	8	0	9	6	8	0	8
4	3	9	0	9	0	0	0	0	0
9	0	0	4	6	0	0	3	4	7
0	6	3	8	8	0	3	0	8	0
3	0	9	8	0	0	4	8	0	10
8	5	8	0	8	0	7	0	10	0

0	0	100	0	0	97	98	0	98	96
0	0	95	100	97	97	0	99	0	99
100	95	0	0	100	98	0	100	100	98
0	100	0	0	97	0	97	99	97	0
0	97	100	97	0	96	100	100	0	95
97	97	98	0	96	0	0	0	0	0
98	0	0	97	100	0	0	97	100	96
0	99	100	99	100	0	97	0	97	0
98	0	100	97	0	0	100	97	0	99
96	99	98	0	95	0	96	0	99	0

0	0	2	0	0	14	33	0	0	1
0	0	16	3	20	11	0	24	0	1
2	16	0	0	15	9	0	15	38	10
0	3	0	0	19	0	3	7	24	0
0	20	15	19	0	8	0	6	0	7
14	11	9	0	8	0	0	0	0	0
33	0	0	3	0	0	0	5	3	1
0	24	15	7	6	0	5	0	27	0
0	0	38	24	0	0	3	27	0	36
1	1	10	0	7	0	1	0	36	0

40	36
33	31
35	32
16	33
37	19
20	14
26	50
21	49
19	35
48	44
