0	1	1	0	1	1	1	0	1
1	0	1	1	1	1	1	0	1
1	1	0	1	0	1	1	1	1
0	1	1	0	1	1	1	1	0
1	1	0	1	0	1	0	1	1
1	1	1	1	1	0	1	0	1
1	1	1	1	0	1	0	0	1
0	0	1	1	1	0	0	0	0
1	1	1	0	1	1	1	0	0

0	52	9	0	14	54	45	0	5
52	0	45	33	46	32	55	0	34
9	45	0	22	0	43	9	5	5
0	33	22	0	17	14	52	51	0
14	46	0	17	0	6	0	19	48
54	32	43	14	6	0	39	0	49
45	55	9	52	0	39	0	0	39
0	0	5	51	19	0	0	0	0
5	34	5	0	48	49	39	0	0

0	6	6	0	4	9	10	0	7
6	0	3	4	5	10	4	0	8
6	3	0	7	0	3	4	3	4
0	4	7	0	7	5	10	8	0
4	5	0	7	0	3	0	9	10
9	10	3	5	3	0	7	0	6
10	4	4	10	0	7	0	0	9
0	0	3	8	9	0	0	0	0
7	8	4	0	10	6	9	0	0

0	97	99	0	97	97	97	0	97
97	0	95	99	99	98	97	0	97
99	95	0	100	0	99	95	95	97
0	99	100	0	97	99	99	97	0
97	99	0	97	0	100	0	97	97
97	98	99	99	100	0	98	0	100
97	97	95	99	0	98	0	0	99
0	0	95	97	97	0	0	0	0
97	97	97	0	97	100	99	0	0

0	3	38	0	37	1	1	0	33
3	0	10	2	3	17	0	0	20
38	10	0	15	0	9	34	19	33
0	2	15	0	5	3	1	1	0
37	3	0	5	0	7	0	36	1
1	17	9	3	7	0	5	0	1
1	0	34	1	0	5	0	0	9
0	0	19	1	36	0	0	0	0
33	20	33	0	1	1	9	0	0

20	33
43	14
20	24
48	22
31	15
39	21
22	40
36	14
16	30
