0	0	0	1	1	1	0
0	0	0	1	1	1	1
0	0	0	1	0	1	0
1	1	1	0	0	1	1
1	1	0	0	0	1	1
1	1	1	1	1	0	1
0	1	0	1	1	1	0

0	0	0	8	47	19	0
0	0	0	29	30	45	25
0	0	0	53	0	45	0
8	29	53	0	0	29	17
47	30	0	0	0	5	28
19	45	45	29	5	0	14
0	25	0	17	28	14	0

0	0	0	7	8	10	0
0	0	0	5	10	9	6
0	0	0	10	0	6	0
7	5	10	0	0	3	3
8	10	0	0	0	6	10
10	9	6	3	6	0	8
0	6	0	3	10	8	0

0	0	0	96	100	96	0
0	0	0	100	95	100	97
0	0	0	95	0	95	0
96	100	95	0	0	97	99
100	95	0	0	0	99	100
96	100	95	97	99	0	97
0	97	0	99	100	97	0

0	0	0	12	3	18	0
0	0	0	23	16	7	15
0	0	0	0	0	0	0
12	23	0	0	0	18	10
3	16	0	0	0	21	25
18	7	0	18	21	0	36
0	15	0	10	25	36	0

34	27
26	32
31	47
13	45
15	17
23	10
46	18
