0	1	1	1	0	1	0	1	1
1	0	1	1	1	0	1	1	1
1	1	0	0	1	1	1	1	1
1	1	0	0	1	1	1	1	1
0	1	1	1	0	1	1	0	1
1	0	1	1	1	0	0	1	0
0	1	1	1	1	0	0	1	1
1	1	1	1	0	1	1	0	0
1	1	1	1	1	0	1	0	0

0	45	15	47	0	37	0	42	49
45	0	41	55	8	0	37	48	44
15	41	0	0	25	22	32	42	54
47	55	0	0	34	15	26	35	53
0	8	25	34	0	19	40	0	43
37	0	22	15	19	0	0	41	0
0	37	32	26	40	0	0	40	40
42	48	42	35	0	41	40	0	0
49	44	54	53	43	0	40	0	0

0	5	6	10	0	10	0	7	4
5	0	5	9	7	0	8	10	4
6	5	0	0	5	9	9	10	8
10	9	0	0	7	3	6	8	4
0	7	5	7	0	4	9	0	7
10	0	9	3	4	0	0	8	0
0	8	9	6	9	0	0	9	8
7	10	10	8	0	8	9	0	0
4	4	8	4	7	0	8	0	0

0	97	96	97	0	96	0	95	99
97	0	98	98	97	0	96	98	97
96	98	0	0	96	98	99	97	100
97	98	0	0	95	95	97	99	98
0	97	96	95	0	97	96	0	95
96	0	98	95	97	0	0	100	0
0	96	99	97	96	0	0	96	99
95	98	97	99	0	100	96	0	0
99	97	100	98	95	0	99	0	0

0	8	30	2	0	16	0	10	6
8	0	8	0	11	0	5	2	5
30	8	0	0	17	32	6	10	1
2	0	0	0	19	4	7	13	2
0	11	17	19	0	7	10	0	3
16	0	32	4	7	0	0	0	0
0	5	6	7	10	0	0	15	9
10	2	10	13	0	0	15	0	0
6	5	1	2	3	0	9	0	0

27	28
43	48
11	14
43	49
35	12
19	31
35	34
48	18
43	35
