0	1	1	0	1	1	1	1	1
1	0	1	0	1	1	1	0	1
1	1	0	1	1	0	1	0	1
0	0	1	0	0	1	0	1	0
1	1	1	0	0	1	1	1	1
1	1	0	1	1	0	1	1	1
1	1	1	0	1	1	0	0	1
1	0	0	1	1	1	0	0	0
1	1	1	0	1	1	1	0	0

0	32	7	0	31	18	24	48	52
32	0	16	0	14	9	6	0	36
7	16	0	13	44	0	51	0	30
0	0	13	0	0	52	0	44	0
31	14	44	0	0	21	22	29	38
18	9	0	52	21	0	24	53	20
24	6	51	0	22	24	0	0	6
48	0	0	44	29	53	0	0	0
52	36	30	0	38	20	6	0	0

0	8	4	0	5	9	4	7	7
8	0	5	0	4	4	5	0	6
4	5	0	6	4	0	5	0	5
0	0	6	0	0	8	0	8	0
5	4	4	0	0	5	10	4	8
9	4	0	8	5	0	3	4	10
4	5	5	0	10	3	0	0	10
7	0	0	8	4	4	0	0	0
7	6	5	0	8	10	10	0	0

0	96	96	0	96	100	97	98	99
96	0	99	0	98	96	100	0	98
96	99	0	99	97	0	99	0	99
0	0	99	0	0	98	0	100	0
96	98	97	0	0	100	99	99	96
100	96	0	98	100	0	99	99	100
97	100	99	0	99	99	0	0	98
98	0	0	100	99	99	0	0	0
99	98	99	0	96	100	98	0	0

0	3	1	0	2	15	9	6	3
3	0	28	0	31	39	27	0	16
1	28	0	28	4	0	0	0	25
0	0	28	0	0	2	0	1	0
2	31	4	0	0	27	25	26	12
15	39	0	2	27	0	21	1	10
9	27	0	0	25	21	0	0	9
6	0	0	1	26	1	0	0	0
3	16	25	0	12	10	9	0	0

11	50
27	19
22	47
44	29
27	44
15	41
41	19
17	14
12	17
