0	1	0	1	1	1	1	1	1	1
1	0	1	0	1	0	0	1	0	1
0	1	0	1	1	1	1	1	1	0
1	0	1	0	0	1	1	0	1	1
1	1	1	0	0	1	1	1	1	1
1	0	1	1	1	0	0	1	0	1
1	0	1	1	1	0	0	1	1	1
1	1	1	0	1	1	1	0	0	1
1	0	1	1	1	0	1	0	0	1
1	1	0	1	1	1	1	1	1	0

0	50	0	51	25	13	15	23	28	48
50	0	16	0	38	0	0	39	0	15
0	16	0	18	37	48	29	40	48	0
51	0	18	0	0	46	52	0	21	52
25	38	37	0	0	16	37	15	37	5
13	0	48	46	16	0	0	33	0	30
15	0	29	52	37	0	0	18	8	35
23	39	40	0	15	33	18	0	0	32
28	0	48	21	37	0	8	0	0	18
48	15	0	52	5	30	35	32	18	0

0	8	0	5	5	9	9	6	10	4
8	0	4	0	6	0	0	5	0	9
0	4	0	8	7	6	10	5	3	0
5	0	8	0	0	7	9	0	9	3
5	6	7	0	0	8	9	4	6	3
9	0	6	7	8	0	0	4	0	7
9	0	10	9	9	0	0	4	5	6
6	5	5	0	4	4	4	0	0	4
10	0	3	9	6	0	5	0	0	5
4	9	0	3	3	7	6	4	5	0

0	96	0	95	100	99	99	98	98	100
96	0	97	0	100	0	0	98	0	97
0	97	0	98	100	97	96	98	95	0
95	0	98	0	0	100	100	0	100	98
100	100	100	0	0	98	100	97	95	100
99	0	97	100	98	0	0	96	0	99
99	0	96	100	100	0	0	96	96	99
98	98	98	0	97	96	96	0	0	100
98	0	95	100	95	0	96	0	0	97
100	97	0	98	100	99	99	100	97	0

0	0	0	3	29	10	16	23	15	7
0	0	5	0	16	0	0	16	0	26
0	5	0	0	1	0	18	1	1	0
3	0	0	0	0	2	1	0	33	3
29	16	1	0	0	1	15	16	16	30
10	0	0	2	1	0	0	4	0	9
16	0	18	1	15	0	0	15	46	7
23	16	1	0	16	4	15	0	0	1
15	0	1	33	16	0	46	0	0	19
7	26	0	3	30	9	7	1	19	0

29	48
12	46
20	44
47	44
23	12
44	24
33	42
45	10
20	22
15	44
