0	1	0	1	1	1	0	0
1	0	0	1	0	1	1	1
0	0	0	1	0	1	1	0
1	1	1	0	1	1	0	1
1	0	0	1	0	1	1	1
1	1	1	1	1	0	1	1
0	1	1	0	1	1	0	0
0	1	0	1	1	1	0	0

0	41	0	25	38	53	0	0
41	0	0	42	0	32	19	23
0	0	0	27	0	12	11	0
25	42	27	0	54	24	0	50
38	0	0	54	0	15	23	18
53	32	12	24	15	0	5	55
0	19	11	0	23	5	0	0
0	23	0	50	18	55	0	0

0	6	0	9	9	9	0	0
6	0	0	10	0	8	8	3
0	0	0	8	0	9	4	0
9	10	8	0	4	8	0	8
9	0	0	4	0	6	5	4
9	8	9	8	6	0	8	10
0	8	4	0	5	8	0	0
0	3	0	8	4	10	0	0

0	96	0	95	100	97	0	0
96	0	0	97	0	99	97	99
0	0	0	97	0	97	99	0
95	97	97	0	96	97	0	100
100	0	0	96	0	95	98	100
97	99	97	97	95	0	97	95
0	97	99	0	98	97	0	0
0	99	0	100	100	95	0	0

0	8	0	21	7	0	0	0
8	0	0	6	0	7	27	9
0	0	0	22	0	35	1	0
21	6	22	0	0	27	0	5
7	0	0	0	0	13	8	4
0	7	35	27	13	0	26	0
0	27	1	0	8	26	0	0
0	9	0	5	4	0	0	0

41	34
41	27
37	15
35	33
24	42
22	13
33	13
49	49
