0	1	1	1	0	1	1	1	0	1
1	0	0	1	1	0	1	1	1	1
1	0	0	1	0	1	0	1	1	1
1	1	1	0	0	1	0	1	1	1
0	1	0	0	0	1	1	1	1	1
1	0	1	1	1	0	1	1	1	1
1	1	0	0	1	1	0	1	1	0
1	1	1	1	1	1	1	0	0	1
0	1	1	1	1	1	1	0	0	1
1	1	1	1	1	1	0	1	1	0

0	38	39	44	0	20	9	38	0	50
38	0	0	19	42	0	30	30	14	33
39	0	0	35	0	27	0	17	39	45
44	19	35	0	0	45	0	49	41	32
0	42	0	0	0	34	33	9	53	15
20	0	27	45	34	0	13	53	51	41
9	30	0	0	33	13	0	7	42	0
38	30	17	49	9	53	7	0	0	10
0	14	39	41	53	51	42	0	0	16
50	33	45	32	15	41	0	10	16	0

0	5	8	6	0	8	9	6	0	9
5	0	0	8	7	0	4	6	6	5
8	0	0	5	0	3	0	3	7	6
6	8	5	0	0	5	0	3	3	6
0	7	0	0	0	10	10	3	8	9
8	0	3	5	10	0	7	5	5	5
9	4	0	0	10	7	0	10	3	0
6	6	3	3	3	5	10	0	0	3
0	6	7	3	8	5	3	0	0	6
9	5	6	6	9	5	0	3	6	0

0	96	98	100	0	95	98	96	0	100
96	0	0	100	98	0	97	97	96	95
98	0	0	95	0	97	0	96	98	98
100	100	95	0	0	95	0	99	95	99
0	98	0	0	0	95	97	95	95	96
95	0	97	95	95	0	99	95	97	95
98	97	0	0	97	99	0	98	98	0
96	97	96	99	95	95	98	0	0	97
0	96	98	95	95	97	98	0	0	100
100	95	98	99	96	95	0	97	100	0

0	11	2	3	0	28	46	14	0	3
11	0	0	32	8	0	10	12	30	6
2	0	0	10	0	5	0	0	2	6
3	32	10	0	0	0	0	4	5	5
0	8	0	0	0	6	17	4	0	7
28	0	5	0	6	0	7	0	2	4
46	10	0	0	17	7	0	13	3	0
14	12	0	4	4	0	13	0	0	29
0	30	2	5	0	2	3	0	0	1
3	6	6	5	7	4	0	29	1	0

13	48
37	20
33	42
23	29
43	39
16	30
36	10
30	32
39	18
33	16
