0	1	1	1	0	0	0	1
1	0	0	0	1	1	1	0
1	0	0	1	1	1	0	0
1	0	1	0	1	1	0	1
0	1	1	1	0	1	0	1
0	1	1	1	1	0	1	1
0	1	0	0	0	1	0	1
1	0	0	1	1	1	1	0

0	42	7	49	0	0	0	54
42	0	0	0	45	22	27	0
7	0	0	39	39	6	0	0
49	0	39	0	31	34	0	18
0	45	39	31	0	53	0	5
0	22	6	34	53	0	50	42
0	27	0	0	0	50	0	43
54	0	0	18	5	42	43	0

0	9	10	5	0	0	0	4
9	0	0	0	8	7	9	0
10	0	0	4	9	6	0	0
5	0	4	0	8	10	0	10
0	8	9	8	0	7	0	5
0	7	6	10	7	0	3	4
0	9	0	0	0	3	0	4
4	0	0	10	5	4	4	0

0	99	98	96	0	0	0	96
99	0	0	0	97	100	99	0
98	0	0	100	99	98	0	0
96	0	100	0	95	98	0	96
0	97	99	95	0	97	0	95
0	100	98	98	97	0	96	95
0	99	0	0	0	96	0	100
96	0	0	96	95	95	100	0

0	6	13	6	0	0	0	0
6	0	0	0	6	19	20	0
13	0	0	13	4	7	0	0
6	0	13	0	17	13	0	10
0	6	4	17	0	1	0	17
0	19	7	13	1	0	2	10
0	20	0	0	0	2	0	10
0	0	0	10	17	10	10	0

23	36
46	13
41	16
35	33
13	23
50	12
48	34
45	37
