0	1	0	1	1	0	1	1	0	1
1	0	1	1	1	0	1	1	1	1
0	1	0	1	1	1	1	1	1	0
1	1	1	0	1	0	0	0	1	1
1	1	1	1	0	1	0	0	0	0
0	0	1	0	1	0	1	1	1	1
1	1	1	0	0	1	0	0	1	1
1	1	1	0	0	1	0	0	1	1
0	1	1	1	0	1	1	1	0	1
1	1	0	1	0	1	1	1	1	0

0	39	0	14	39	0	29	13	0	49
39	0	39	8	10	0	42	17	18	24
0	39	0	46	21	47	51	30	29	0
14	8	46	0	32	0	0	0	31	10
39	10	21	32	0	34	0	0	0	0
0	0	47	0	34	0	46	46	33	20
29	42	51	0	0	46	0	0	30	45
13	17	30	0	0	46	0	0	16	11
0	18	29	31	0	33	30	16	0	23
49	24	0	10	0	20	45	11	23	0

0	6	0	9	3	0	6	4	0	10
6	0	9	7	10	0	10	10	3	5
0	9	0	10	7	6	9	7	6	0
9	7	10	0	5	0	0	0	6	3
3	10	7	5	0	7	0	0	0	0
0	0	6	0	7	0	8	10	8	3
6	10	9	0	0	8	0	0	7	4
4	10	7	0	0	10	0	0	8	8
0	3	6	6	0	8	7	8	0	4
10	5	0	3	0	3	4	8	4	0

0	97	0	99	95	0	96	95	0	96
97	0	96	95	98	0	95	99	96	100
0	96	0	99	98	100	96	95	100	0
99	95	99	0	98	0	0	0	97	98
95	98	98	98	0	96	0	0	0	0
0	0	100	0	96	0	96	100	98	96
96	95	96	0	0	96	0	0	100	97
95	99	95	0	0	100	0	0	100	97
0	96	100	97	0	98	100	100	0	98
96	100	0	98	0	96	97	97	98	0

0	13	0	27	14	0	19	21	0	5
13	0	6	0	4	0	13	4	6	14
0	6	0	8	10	5	4	9	26	0
27	0	8	0	9	0	0	0	19	8
14	4	10	9	0	0	0	0	0	0
0	0	5	0	0	0	3	4	14	14
19	13	4	0	0	3	0	0	11	4
21	4	9	0	0	4	0	0	38	12
0	6	26	19	0	14	11	38	0	17
5	14	0	8	0	14	4	12	17	0

42	25
43	20
15	27
29	42
36	21
42	47
35	45
36	16
24	15
39	35
