0	0	1	1	1	0	1
0	0	0	1	1	1	1
1	0	0	1	0	1	0
1	1	1	0	0	1	1
1	1	0	0	0	0	0
0	1	1	1	0	0	1
1	1	0	1	0	1	0

0	0	25	12	28	0	23
0	0	0	13	13	23	40
25	0	0	19	0	6	0
12	13	19	0	0	20	12
28	13	0	0	0	0	0
0	23	6	20	0	0	13
23	40	0	12	0	13	0

0	0	6	4	9	0	9
0	0	0	10	7	7	3
6	0	0	9	0	10	0
4	10	9	0	0	10	4
9	7	0	0	0	0	0
0	7	10	10	0	0	10
9	3	0	4	0	10	0

0	0	95	97	99	0	100
0	0	0	99	99	98	96
95	0	0	97	0	97	0
97	99	97	0	0	97	97
99	99	0	0	0	0	0
0	98	97	97	0	0	95
100	96	0	97	0	95	0

0	0	12	33	6	0	22
0	0	0	2	5	15	10
12	0	0	28	0	42	0
33	2	28	0	0	2	35
6	5	0	0	0	0	0
0	15	42	2	0	0	7
22	10	0	35	0	7	0

22	36
34	19
35	19
18	35
27	19
19	48
23	33
