0	1	1	1	1	1	1	1	1
1	0	1	1	0	1	0	1	0
1	1	0	1	1	1	1	1	0
1	1	1	0	1	1	0	1	0
1	0	1	1	0	0	1	1	1
1	1	1	1	0	0	1	0	0
1	0	1	0	1	1	0	0	0
1	1	1	1	1	0	0	0	1
1	0	0	0	1	0	0	1	0

0	37	45	33	15	9	54	17	35
37	0	28	39	0	38	0	24	0
45	28	0	49	33	45	9	26	0
33	39	49	0	44	10	0	12	0
15	0	33	44	0	0	16	46	22
9	38	45	10	0	0	26	0	0
54	0	9	0	16	26	0	0	0
17	24	26	12	46	0	0	0	48
35	0	0	0	22	0	0	48	0

0	6	3	9	4	7	8	8	3
6	0	8	7	0	9	0	6	0
3	8	0	6	9	8	4	3	0
9	7	6	0	5	10	0	3	0
4	0	9	5	0	0	9	3	7
7	9	8	10	0	0	4	0	0
8	0	4	0	9	4	0	0	0
8	6	3	3	3	0	0	0	8
3	0	0	0	7	0	0	8	0

0	97	98	100	96	100	96	98	97
97	0	100	100	0	95	0	95	0
98	100	0	95	97	100	95	97	0
100	100	95	0	96	99	0	95	0
96	0	97	96	0	0	95	97	100
100	95	100	99	0	0	97	0	0
96	0	95	0	95	97	0	0	0
98	95	97	95	97	0	0	0	96
97	0	0	0	100	0	0	96	0

0	16	2	18	36	20	0	15	2
16	0	9	11	0	8	0	16	0
2	9	0	0	21	2	27	29	0
18	11	0	0	11	12	0	39	0
36	0	21	11	0	0	35	7	23
20	8	2	12	0	0	4	0	0
0	0	27	0	35	4	0	0	0
15	16	29	39	7	0	0	0	5
2	0	0	0	23	0	0	5	0

32	47
46	48
26	24
21	45
24	11
45	48
40	36
24	31
13	24
