0	0	1	0	1	1	0	1	0
0	0	1	1	1	1	1	0	1
1	1	0	1	1	1	1	1	0
0	1	1	0	1	1	1	1	0
1	1	1	1	0	1	1	0	1
1	1	1	1	1	0	1	1	1
0	1	1	1	1	1	0	0	1
1	0	1	1	0	1	0	0	1
0	1	0	0	1	1	1	1	0

0	0	53	0	29	35	0	29	0
0	0	19	53	49	14	41	0	14
53	19	0	5	52	46	16	39	0
0	53	5	0	21	7	25	34	0
29	49	52	21	0	49	27	0	44
35	14	46	7	49	0	36	18	44
0	41	16	25	27	36	0	0	49
29	0	39	34	0	18	0	0	9
0	14	0	0	44	44	49	9	0

0	0	4	0	10	7	0	5	0
0	0	9	7	8	8	5	0	6
4	9	0	3	5	3	8	8	0
0	7	3	0	3	5	4	4	0
10	8	5	3	0	10	5	0	3
7	8	3	5	10	0	5	9	10
0	5	8	4	5	5	0	0	7
5	0	8	4	0	9	0	0	8
0	6	0	0	3	10	7	8	0

0	0	96	0	98	96	0	99	0
0	0	98	98	99	97	97	0	96
96	98	0	96	95	96	96	96	0
0	98	96	0	98	95	95	98	0
98	99	95	98	0	98	96	0	100
96	97	96	95	98	0	96	95	96
0	97	96	95	96	96	0	0	98
99	0	96	98	0	95	0	0	97
0	96	0	0	100	96	98	97	0

0	0	2	0	20	17	0	13	0
0	0	19	1	3	12	6	0	12
2	19	0	50	3	5	23	9	0
0	1	50	0	4	14	6	9	0
20	3	3	4	0	1	7	0	6
17	12	5	14	1	0	3	29	11
0	6	23	6	7	3	0	0	2
13	0	9	9	0	29	0	0	44
0	12	0	0	6	11	2	44	0

50	18
17	50
21	23
17	18
40	15
29	16
27	34
25	39
47	41
