0	0	1	0	1	0	1	1	1	1
0	0	1	1	1	0	1	1	1	0
1	1	0	1	1	1	0	0	0	1
0	1	1	0	1	1	1	1	1	1
1	1	1	1	0	0	1	0	1	1
0	0	1	1	0	0	1	0	1	1
1	1	0	1	1	1	0	0	0	0
1	1	0	1	0	0	0	0	1	1
1	1	0	1	1	1	0	1	0	1
1	0	1	1	1	1	0	1	1	0

0	0	19	0	43	0	24	49	55	37
0	0	11	34	27	0	7	45	53	0
19	11	0	13	14	19	0	0	0	9
0	34	13	0	10	37	49	23	17	54
43	27	14	10	0	0	26	0	28	17
0	0	19	37	0	0	34	0	48	16
24	7	0	49	26	34	0	0	0	0
49	45	0	23	0	0	0	0	52	49
55	53	0	17	28	48	0	52	0	19
37	0	9	54	17	16	0	49	19	0

0	0	7	0	7	0	9	3	10	6
0	0	3	3	6	0	4	9	5	0
7	3	0	3	6	8	0	0	0	7
0	3	3	0	3	5	7	10	3	8
7	6	6	3	0	0	9	0	3	10
0	0	8	5	0	0	10	0	6	3
9	4	0	7	9	10	0	0	0	0
3	9	0	10	0	0	0	0	5	4
10	5	0	3	3	6	0	5	0	5
6	0	7	8	10	3	0	4	5	0

0	0	100	0	99	0	97	99	99	99
0	0	95	95	99	0	100	99	100	0
100	95	0	97	98	95	0	0	0	100
0	95	97	0	96	100	100	97	96	99
99	99	98	96	0	0	99	0	98	95
0	0	95	100	0	0	96	0	96	98
97	100	0	100	99	96	0	0	0	0
99	99	0	97	0	0	0	0	98	95
99	100	0	96	98	96	0	98	0	96
99	0	100	99	95	98	0	95	96	0

0	0	25	0	0	0	20	5	0	18
0	0	32	8	11	0	8	4	2	0
25	32	0	29	16	10	0	0	0	1
0	8	29	0	8	3	3	7	19	0
0	11	16	8	0	0	2	0	20	20
0	0	10	3	0	0	13	0	0	15
20	8	0	3	2	13	0	0	0	0
5	4	0	7	0	0	0	0	1	6
0	2	0	19	20	0	0	1	0	25
18	0	1	0	20	15	0	6	25	0

47	21
13	43
32	19
24	34
12	14
30	11
37	16
30	14
40	17
22	31
