0	1	1	1	0	0	0	1	0
1	0	1	1	1	0	1	0	0
1	1	0	1	1	1	1	1	1
1	1	1	0	1	1	1	1	1
0	1	1	1	0	0	1	0	1
0	0	1	1	0	0	1	1	1
0	1	1	1	1	1	0	1	1
1	0	1	1	0	1	1	0	1
0	0	1	1	1	1	1	1	0

0	23	43	23	0	0	0	52	0
23	0	42	17	30	0	42	0	0
43	42	0	25	22	21	5	21	31
23	17	25	0	15	7	44	14	54
0	30	22	15	0	0	7	0	7
0	0	21	7	0	0	25	26	38
0	42	5	44	7	25	0	19	36
52	0	21	14	0	26	19	0	33
0	0	31	54	7	38	36	33	0

0	4	10	3	0	0	0	10	0
4	0	4	3	5	0	6	0	0
10	4	0	10	8	3	4	5	8
3	3	10	0	5	6	3	9	7
0	5	8	5	0	0	4	0	3
0	0	3	6	0	0	6	4	3
0	6	4	3	4	6	0	9	6
10	0	5	9	0	4	9	0	8
0	0	8	7	3	3	6	8	0

0	97	95	97	0	0	0	95	0
97	0	100	97	100	0	95	0	0
95	100	0	98	98	100	99	99	96
97	97	98	0	99	98	98	98	96
0	100	98	99	0	0	98	0	97
0	0	100	98	0	0	96	100	95
0	95	99	98	98	96	0	98	97
95	0	99	98	0	100	98	0	100
0	0	96	96	97	95	97	100	0

0	19	0	11	0	0	0	2	0
19	0	1	1	9	0	3	0	0
0	1	0	5	9	34	41	28	23
11	1	5	0	24	3	0	35	1
0	9	9	24	0	0	40	0	8
0	0	34	3	0	0	23	20	3
0	3	41	0	40	23	0	18	18
2	0	28	35	0	20	18	0	17
0	0	23	1	8	3	18	17	0

29	40
24	19
23	18
42	17
35	15
45	40
27	25
19	38
38	47
