0	1	1	1	0	0	1	0	1
1	0	1	0	1	1	1	0	1
1	1	0	0	1	1	1	0	1
1	0	0	0	1	1	1	1	1
0	1	1	1	0	0	1	0	0
0	1	1	1	0	0	1	1	0
1	1	1	1	1	1	0	1	1
0	0	0	1	0	1	1	0	1
1	1	1	1	0	0	1	1	0

0	35	48	46	0	0	44	0	46
35	0	6	0	11	25	37	0	49
48	6	0	0	15	12	28	0	41
46	0	0	0	49	9	36	27	22
0	11	15	49	0	0	41	0	0
0	25	12	9	0	0	17	54	0
44	37	28	36	41	17	0	9	37
0	0	0	27	0	54	9	0	54
46	49	41	22	0	0	37	54	0

0	7	10	7	0	0	9	0	9
7	0	6	0	5	10	4	0	7
10	6	0	0	6	8	9	0	4
7	0	0	0	10	3	10	7	9
0	5	6	10	0	0	9	0	0
0	10	8	3	0	0	7	6	0
9	4	9	10	9	7	0	4	3
0	0	0	7	0	6	4	0	10
9	7	4	9	0	0	3	10	0

0	95	95	96	0	0	95	0	99
95	0	98	0	96	98	100	0	99
95	98	0	0	97	99	98	0	97
96	0	0	0	100	95	97	100	98
0	96	97	100	0	0	96	0	0
0	98	99	95	0	0	95	100	0
95	100	98	97	96	95	0	96	97
0	0	0	100	0	100	96	0	99
99	99	97	98	0	0	97	99	0

0	7	2	7	0	0	6	0	2
7	0	45	0	13	19	13	0	3
2	45	0	0	25	35	7	0	14
7	0	0	0	5	14	1	19	17
0	13	25	5	0	0	5	0	0
0	19	35	14	0	0	9	1	0
6	13	7	1	5	9	0	23	11
0	0	0	19	0	1	23	0	0
2	3	14	17	0	0	11	0	0

12	23
15	23
29	18
48	10
32	22
14	22
43	15
12	25
39	49
