0	0	1	1	1	0	1	1	1	0
0	0	0	1	1	1	1	1	1	0
1	0	0	1	0	1	0	1	0	0
1	1	1	0	0	1	1	1	1	1
1	1	0	0	0	1	1	0	0	0
0	1	1	1	1	0	0	1	1	1
1	1	0	1	1	0	0	1	1	0
1	1	1	1	0	1	1	0	1	0
1	1	0	1	0	1	1	1	0	1
0	0	0	1	0	1	0	0	1	0

0	0	44	17	50	0	24	6	52	0
0	0	0	46	28	55	12	35	7	0
44	0	0	11	0	44	0	19	0	0
17	46	11	0	0	51	41	10	5	35
50	28	0	0	0	38	31	0	0	0
0	55	44	51	38	0	0	18	15	18
24	12	0	41	31	0	0	26	13	0
6	35	19	10	0	18	26	0	39	0
52	7	0	5	0	15	13	39	0	9
0	0	0	35	0	18	0	0	9	0

0	0	10	3	9	0	5	3	4	0
0	0	0	10	9	4	5	10	10	0
10	0	0	5	0	10	0	6	0	0
3	10	5	0	0	9	7	9	7	5
9	9	0	0	0	3	10	0	0	0
0	4	10	9	3	0	0	8	8	7
5	5	0	7	10	0	0	9	6	0
3	10	6	9	0	8	9	0	7	0
4	10	0	7	0	8	6	7	0	7
0	0	0	5	0	7	0	0	7	0

0	0	95	97	98	0	98	99	99	0
0	0	0	99	96	96	95	96	96	0
95	0	0	96	0	99	0	100	0	0
97	99	96	0	0	96	100	95	100	100
98	96	0	0	0	98	98	0	0	0
0	96	99	96	98	0	0	95	99	99
98	95	0	100	98	0	0	100	95	0
99	96	100	95	0	95	100	0	95	0
99	96	0	100	0	99	95	95	0	99
0	0	0	100	0	99	0	0	99	0

0	0	10	9	5	0	12	47	0	0
0	0	0	1	3	0	10	5	18	0
10	0	0	9	0	0	0	15	0	0
9	1	9	0	0	1	3	2	19	12
5	3	0	0	0	5	6	0	0	0
0	0	0	1	5	0	0	28	2	25
12	10	0	3	6	0	0	15	0	0
47	5	15	2	0	28	15	0	9	0
0	18	0	19	0	2	0	9	0	44
0	0	0	12	0	25	0	0	44	0

19	17
41	38
22	19
34	49
32	43
43	40
49	45
33	43
40	19
10	41
