0	1	1	1	0	1	0	1	0
1	0	1	1	1	1	1	0	1
1	1	0	1	1	1	0	0	1
1	1	1	0	1	1	1	1	0
0	1	1	1	0	1	1	0	0
1	1	1	1	1	0	1	1	1
0	1	0	1	1	1	0	1	1
1	0	0	1	0	1	1	0	0
0	1	1	0	0	1	1	0	0

0	30	39	31	0	28	0	40	0
30	0	27	9	40	46	49	0	38
39	27	0	46	52	33	0	0	49
31	9	46	0	11	21	17	41	0
0	40	52	11	0	12	51	0	0
28	46	33	21	12	0	10	42	23
0	49	0	17	51	10	0	48	27
40	0	0	41	0	42	48	0	0
0	38	49	0	0	23	27	0	0

0	9	5	8	0	8	0	3	0
9	0	8	10	3	8	6	0	8
5	8	0	9	7	3	0	0	9
8	10	9	0	6	7	10	5	0
0	3	7	6	0	10	7	0	0
8	8	3	7	10	0	5	5	4
0	6	0	10	7	5	0	9	10
3	0	0	5	0	5	9	0	0
0	8	9	0	0	4	10	0	0

0	99	97	96	0	95	0	99	0
99	0	95	95	95	97	97	0	98
97	95	0	98	95	98	0	0	96
96	95	98	0	97	95	97	100	0
0	95	95	97	0	98	95	0	0
95	97	98	95	98	0	98	99	95
0	97	0	97	95	98	0	99	96
99	0	0	100	0	99	99	0	0
0	98	96	0	0	95	96	0	0

0	4	15	0	0	15	0	14	0
4	0	1	42	8	7	5	0	6
15	1	0	0	0	11	0	0	3
0	42	0	0	13	23	6	5	0
0	8	0	13	0	3	3	0	0
15	7	11	23	3	0	20	0	19
0	5	0	6	3	20	0	6	25
14	0	0	5	0	0	6	0	0
0	6	3	0	0	19	25	0	0

19	46
49	38
50	30
46	42
34	14
13	26
26	25
46	28
12	49
