0	1	0	0	1	1	1	0
1	0	0	0	1	1	1	0
0	0	0	1	1	0	1	1
0	0	1	0	0	1	1	1
1	1	1	0	0	0	0	1
1	1	0	1	0	0	0	0
1	1	1	1	0	0	0	0
0	0	1	1	1	0	0	0

0	35	0	0	33	31	33	0
35	0	0	0	10	41	16	0
0	0	0	29	54	0	5	10
0	0	29	0	0	33	25	36
33	10	54	0	0	0	0	49
31	41	0	33	0	0	0	0
33	16	5	25	0	0	0	0
0	0	10	36	49	0	0	0

0	9	0	0	6	5	7	0
9	0	0	0	9	10	7	0
0	0	0	3	4	0	10	8
0	0	3	0	0	9	4	4
6	9	4	0	0	0	0	3
5	10	0	9	0	0	0	0
7	7	10	4	0	0	0	0
0	0	8	4	3	0	0	0

0	99	0	0	99	98	97	0
99	0	0	0	96	100	100	0
0	0	0	98	100	0	95	96
0	0	98	0	0	98	96	97
99	96	100	0	0	0	0	97
98	100	0	98	0	0	0	0
97	100	95	96	0	0	0	0
0	0	96	97	97	0	0	0

0	5	0	0	17	13	8	0
5	0	0	0	45	0	21	0
0	0	0	8	1	0	14	16
0	0	8	0	0	21	20	15
17	45	1	0	0	0	0	1
13	0	0	21	0	0	0	0
8	21	14	20	0	0	0	0
0	0	16	15	1	0	0	0

25	48
32	34
38	24
11	34
35	24
24	42
46	22
25	18
