0	1	1	1	1	1	1	1	1	1
1	0	1	1	1	1	1	0	1	1
1	1	0	1	1	1	1	0	1	1
1	1	1	0	1	0	0	1	1	1
1	1	1	1	0	1	0	0	1	1
1	1	1	0	1	0	1	1	1	1
1	1	1	0	0	1	0	1	0	1
1	0	0	1	0	1	1	0	0	0
1	1	1	1	1	1	0	0	0	1
1	1	1	1	1	1	1	0	1	0

0	32	47	46	6	40	17	46	21	37
32	0	6	52	23	30	52	0	46	55
47	6	0	20	34	13	21	0	49	51
46	52	20	0	36	0	0	34	44	54
6	23	34	36	0	18	0	0	19	28
40	30	13	0	18	0	48	40	53	10
17	52	21	0	0	48	0	10	0	6
46	0	0	34	0	40	10	0	0	0
21	46	49	44	19	53	0	0	0	32
37	55	51	54	28	10	6	0	32	0

0	7	7	5	6	3	3	8	10	7
7	0	5	10	3	7	3	0	3	3
7	5	0	4	8	9	7	0	9	5
5	10	4	0	7	0	0	10	10	6
6	3	8	7	0	4	0	0	10	3
3	7	9	0	4	0	9	7	4	6
3	3	7	0	0	9	0	8	0	4
8	0	0	10	0	7	8	0	0	0
10	3	9	10	10	4	0	0	0	5
7	3	5	6	3	6	4	0	5	0

0	96	100	100	100	99	95	100	95	96
96	0	99	98	99	96	96	0	98	95
100	99	0	95	98	95	96	0	97	96
100	98	95	0	96	0	0	96	98	98
100	99	98	96	0	100	0	0	97	97
99	96	95	0	100	0	97	95	98	100
95	96	96	0	0	97	0	95	0	95
100	0	0	96	0	95	95	0	0	0
95	98	97	98	97	98	0	0	0	97
96	95	96	98	97	100	95	0	97	0

0	5	8	4	9	5	17	7	8	11
5	0	28	2	28	11	1	0	4	0
8	28	0	14	21	4	26	0	4	2
4	2	14	0	17	0	0	14	7	1
9	28	21	17	0	4	0	0	22	20
5	11	4	0	4	0	4	7	0	7
17	1	26	0	0	4	0	0	0	10
7	0	0	14	0	7	0	0	0	0
8	4	4	7	22	0	0	0	0	15
11	0	2	1	20	7	10	0	15	0

33	50
41	11
37	38
24	47
38	48
16	32
21	39
16	40
20	42
14	27
