0	1	1	1	0	0	0
1	0	1	0	0	1	1
1	1	0	0	0	1	1
1	0	0	0	1	0	0
0	0	0	1	0	0	1
0	1	1	0	0	0	0
0	1	1	0	1	0	0

0	23	55	40	0	0	0
23	0	31	0	0	31	43
55	31	0	0	0	48	34
40	0	0	0	43	0	0
0	0	0	43	0	0	50
0	31	48	0	0	0	0
0	43	34	0	50	0	0

0	5	4	6	0	0	0
5	0	3	0	0	5	10
4	3	0	0	0	5	6
6	0	0	0	9	0	0
0	0	0	9	0	0	9
0	5	5	0	0	0	0
0	10	6	0	9	0	0

0	96	100	99	0	0	0
96	0	99	0	0	100	96
100	99	0	0	0	99	100
99	0	0	0	96	0	0
0	0	0	96	0	0	99
0	100	99	0	0	0	0
0	96	100	0	99	0	0

0	22	0	13	0	0	0
22	0	7	0	0	24	3
0	7	0	0	0	7	15
13	0	0	0	0	0	0
0	0	0	0	0	0	2
0	24	7	0	0	0	0
0	3	15	0	2	0	0

14	32
10	16
23	14
36	47
45	30
44	27
11	34
