0	1	0	1	1	1	1	1	0	1
1	0	0	1	1	1	1	0	0	1
0	0	0	1	1	0	0	0	0	0
1	1	1	0	1	1	1	1	1	0
1	1	1	1	0	1	0	1	1	1
1	1	0	1	1	0	1	1	1	1
1	1	0	1	0	1	0	0	1	1
1	0	0	1	1	1	0	0	1	1
0	0	0	1	1	1	1	1	0	1
1	1	0	0	1	1	1	1	1	0

0	5	0	24	42	55	5	50	0	41
5	0	0	16	9	13	6	0	0	33
0	0	0	13	27	0	0	0	0	0
24	16	13	0	22	37	28	34	22	0
42	9	27	22	0	30	0	45	47	39
55	13	0	37	30	0	21	7	36	16
5	6	0	28	0	21	0	0	50	19
50	0	0	34	45	7	0	0	38	23
0	0	0	22	47	36	50	38	0	26
41	33	0	0	39	16	19	23	26	0

0	3	0	8	9	10	8	6	0	3
3	0	0	10	3	6	4	0	0	3
0	0	0	4	9	0	0	0	0	0
8	10	4	0	7	4	4	10	6	0
9	3	9	7	0	4	0	7	8	10
10	6	0	4	4	0	7	8	6	4
8	4	0	4	0	7	0	0	3	10
6	0	0	10	7	8	0	0	7	8
0	0	0	6	8	6	3	7	0	5
3	3	0	0	10	4	10	8	5	0

0	96	0	95	100	98	98	99	0	97
96	0	0	98	96	97	100	0	0	95
0	0	0	99	95	0	0	0	0	0
95	98	99	0	96	95	99	95	96	0
100	96	95	96	0	98	0	96	97	99
98	97	0	95	98	0	100	97	96	95
98	100	0	99	0	100	0	0	97	95
99	0	0	95	96	97	0	0	99	96
0	0	0	96	97	96	97	99	0	100
97	95	0	0	99	95	95	96	100	0

0	35	0	0	9	0	25	4	0	0
35	0	0	19	33	34	46	0	0	8
0	0	0	6	12	0	0	0	0	0
0	19	6	0	13	14	3	19	13	0
9	33	12	13	0	3	0	2	5	13
0	34	0	14	3	0	13	36	15	27
25	46	0	3	0	13	0	0	0	17
4	0	0	19	2	36	0	0	2	1
0	0	0	13	5	15	0	2	0	29
0	8	0	0	13	27	17	1	29	0

21	17
21	29
44	30
13	35
32	50
32	35
32	40
21	39
34	10
13	29
