0	1	1	1	0	1	1	0
1	0	1	0	1	0	1	1
1	1	0	1	1	1	1	1
1	0	1	0	0	0	0	0
0	1	1	0	0	0	0	0
1	0	1	0	0	0	0	1
1	1	1	0	0	0	0	1
0	1	1	0	0	1	1	0

0	49	9	16	0	11	28	0
49	0	6	0	52	0	24	49
9	6	0	41	39	53	34	16
16	0	41	0	0	0	0	0
0	52	39	0	0	0	0	0
11	0	53	0	0	0	0	21
28	24	34	0	0	0	0	43
0	49	16	0	0	21	43	0

0	4	9	10	0	3	9	0
4	0	8	0	8	0	8	5
9	8	0	9	7	3	8	6
10	0	9	0	0	0	0	0
0	8	7	0	0	0	0	0
3	0	3	0	0	0	0	6
9	8	8	0	0	0	0	4
0	5	6	0	0	6	4	0

0	98	96	100	0	98	99	0
98	0	95	0	96	0	97	100
96	95	0	99	99	95	100	98
100	0	99	0	0	0	0	0
0	96	99	0	0	0	0	0
98	0	95	0	0	0	0	95
99	97	100	0	0	0	0	98
0	100	98	0	0	95	98	0

0	2	0	10	0	24	19	0
2	0	45	0	1	0	18	6
0	45	0	8	2	0	19	6
10	0	8	0	0	0	0	0
0	1	2	0	0	0	0	0
24	0	0	0	0	0	0	13
19	18	19	0	0	0	0	8
0	6	6	0	0	13	8	0

21	20
14	31
45	37
40	19
13	14
16	43
41	39
25	49
