0	1	1	0	1	0	1	1	1	1
1	0	1	1	1	1	1	1	0	1
1	1	0	0	0	1	0	1	0	0
0	1	0	0	0	1	0	1	0	1
1	1	0	0	0	1	1	1	1	1
0	1	1	1	1	0	1	1	1	1
1	1	0	0	1	1	0	1	0	0
1	1	1	1	1	1	1	0	1	1
1	0	0	0	1	1	0	1	0	1
1	1	0	1	1	1	0	1	1	0

0	22	7	0	33	0	47	48	33	12
22	0	41	27	28	35	17	8	0	23
7	41	0	0	0	33	0	20	0	0
0	27	0	0	0	6	0	16	0	7
33	28	0	0	0	51	20	39	10	52
0	35	33	6	51	0	50	55	17	23
47	17	0	0	20	50	0	45	0	0
48	8	20	16	39	55	45	0	26	16
33	0	0	0	10	17	0	26	0	8
12	23	0	7	52	23	0	16	8	0

0	7	5	0	7	0	8	5	3	4
7	0	3	7	9	5	7	8	0	4
5	3	0	0	0	9	0	4	0	0
0	7	0	0	0	4	0	8	0	6
7	9	0	0	0	5	4	3	6	6
0	5	9	4	5	0	8	10	3	5
8	7	0	0	4	8	0	9	0	0
5	8	4	8	3	10	9	0	4	5
3	0	0	0	6	3	0	4	0	5
4	4	0	6	6	5	0	5	5	0

0	97	95	0	99	0	95	95	96	97
97	0	96	97	95	95	100	100	0	98
95	96	0	0	0	96	0	97	0	0
0	97	0	0	0	97	0	96	0	98
99	95	0	0	0	100	95	95	99	100
0	95	96	97	100	0	95	99	96	97
95	100	0	0	95	95	0	98	0	0
95	100	97	96	95	99	98	0	100	98
96	0	0	0	99	96	0	100	0	96
97	98	0	98	100	97	0	98	96	0

0	12	19	0	21	0	2	2	20	42
12	0	14	10	12	2	9	44	0	19
19	14	0	0	0	14	0	25	0	0
0	10	0	0	0	8	0	13	0	26
21	12	0	0	0	0	20	13	20	3
0	2	14	8	0	0	0	0	31	30
2	9	0	0	20	0	0	3	0	0
2	44	25	13	13	0	3	0	15	11
20	0	0	0	20	31	0	15	0	28
42	19	0	26	3	30	0	11	28	0

27	21
38	49
17	13
27	40
48	32
14	16
18	46
32	30
20	45
15	44
