0	1	1	0	1	0	1
1	0	0	1	1	1	1
1	0	0	1	1	1	1
0	1	1	0	0	1	1
1	1	1	0	0	1	0
0	1	1	1	1	0	0
1	1	1	1	0	0	0

0	39	9	0	46	0	10
39	0	0	10	34	45	40
9	0	0	47	11	49	28
0	10	47	0	0	42	23
46	34	11	0	0	42	0
0	45	49	42	42	0	0
10	40	28	23	0	0	0

0	7	10	0	5	0	10
7	0	0	4	3	7	4
10	0	0	8	3	3	7
0	4	8	0	0	9	9
5	3	3	0	0	3	0
0	7	3	9	3	0	0
10	4	7	9	0	0	0

0	95	97	0	98	0	96
95	0	0	98	97	96	98
97	0	0	97	96	99	99
0	98	97	0	0	99	98
98	97	96	0	0	100	0
0	96	99	99	100	0	0
96	98	99	98	0	0	0

0	15	42	0	3	0	7
15	0	0	14	16	7	8
42	0	0	8	9	5	6
0	14	8	0	0	0	3
3	16	9	0	0	7	0
0	7	5	0	7	0	0
7	8	6	3	0	0	0

21	20
49	30
38	22
25	27
21	21
45	23
21	42
