0	0	0	1	0	1	0	1	0	1
0	0	1	1	1	1	1	1	1	1
0	1	0	1	0	0	0	0	1	1
1	1	1	0	0	1	0	1	1	1
0	1	0	0	0	1	1	1	1	1
1	1	0	1	1	0	1	1	1	0
0	1	0	0	1	1	0	1	0	1
1	1	0	1	1	1	1	0	1	1
0	1	1	1	1	1	0	1	0	1
1	1	1	1	1	0	1	1	1	0

0	0	0	34	0	36	0	36	0	8
0	0	36	9	40	26	5	12	7	39
0	36	0	15	0	0	0	0	33	14
34	9	15	0	0	52	0	35	52	33
0	40	0	0	0	15	34	26	11	54
36	26	0	52	15	0	53	13	26	0
0	5	0	0	34	53	0	20	0	49
36	12	0	35	26	13	20	0	14	9
0	7	33	52	11	26	0	14	0	23
8	39	14	33	54	0	49	9	23	0

0	0	0	3	0	8	0	5	0	7
0	0	3	9	4	5	9	7	8	7
0	3	0	8	0	0	0	0	8	7
3	9	8	0	0	3	0	7	9	9
0	4	0	0	0	7	4	3	5	4
8	5	0	3	7	0	6	9	3	0
0	9	0	0	4	6	0	6	0	5
5	7	0	7	3	9	6	0	4	5
0	8	8	9	5	3	0	4	0	9
7	7	7	9	4	0	5	5	9	0

0	0	0	96	0	97	0	100	0	100
0	0	95	95	99	95	100	95	99	99
0	95	0	97	0	0	0	0	100	99
96	95	97	0	0	97	0	100	95	96
0	99	0	0	0	99	98	99	95	97
97	95	0	97	99	0	97	95	95	0
0	100	0	0	98	97	0	100	0	96
100	95	0	100	99	95	100	0	97	95
0	99	100	95	95	95	0	97	0	100
100	99	99	96	97	0	96	95	100	0

0	0	0	7	0	17	0	9	0	13
0	0	7	5	12	18	11	36	11	3
0	7	0	21	0	0	0	0	17	2
7	5	21	0	0	1	0	12	2	1
0	12	0	0	0	28	3	13	15	1
17	18	0	1	28	0	1	1	20	0
0	11	0	0	3	1	0	5	0	4
9	36	0	12	13	1	5	0	41	4
0	11	17	2	15	20	0	41	0	3
13	3	2	1	1	0	4	4	3	0

42	49
17	38
11	49
20	31
11	23
10	20
39	30
15	30
10	39
10	43
