0	1	1	1	1	0	0	1	1
1	0	1	1	0	0	0	1	0
1	1	0	1	1	0	1	1	1
1	1	1	0	1	1	0	1	1
1	0	1	1	0	0	0	0	0
0	0	0	1	0	0	0	0	0
0	0	1	0	0	0	0	1	0
1	1	1	1	0	0	1	0	0
1	0	1	1	0	0	0	0	0

0	41	8	23	55	0	0	47	51
41	0	17	36	0	0	0	43	0
8	17	0	9	22	0	20	43	55
23	36	9	0	17	24	0	46	47
55	0	22	17	0	0	0	0	0
0	0	0	24	0	0	0	0	0
0	0	20	0	0	0	0	49	0
47	43	43	46	0	0	49	0	0
51	0	55	47	0	0	0	0	0

0	9	10	5	7	0	0	4	4
9	0	5	7	0	0	0	6	0
10	5	0	3	3	0	9	4	6
5	7	3	0	7	9	0	8	8
7	0	3	7	0	0	0	0	0
0	0	0	9	0	0	0	0	0
0	0	9	0	0	0	0	5	0
4	6	4	8	0	0	5	0	0
4	0	6	8	0	0	0	0	0

0	99	96	98	100	0	0	99	96
99	0	97	97	0	0	0	95	0
96	97	0	97	100	0	97	98	99
98	97	97	0	95	97	0	99	99
100	0	100	95	0	0	0	0	0
0	0	0	97	0	0	0	0	0
0	0	97	0	0	0	0	96	0
99	95	98	99	0	0	96	0	0
96	0	99	99	0	0	0	0	0

0	4	35	0	0	0	0	0	3
4	0	0	10	0	0	0	5	0
35	0	0	22	6	0	2	1	0
0	10	22	0	31	15	0	2	1
0	0	6	31	0	0	0	0	0
0	0	0	15	0	0	0	0	0
0	0	2	0	0	0	0	4	0
0	5	1	2	0	0	4	0	0
3	0	0	1	0	0	0	0	0

42	26
13	26
10	36
14	48
41	33
36	41
42	35
21	42
49	46
