0	1	1	1	0	0	1	1
1	0	0	1	0	1	1	1
1	0	0	1	0	1	0	1
1	1	1	0	0	1	1	1
0	0	0	0	0	0	1	1
0	1	1	1	0	0	0	1
1	1	0	1	1	0	0	1
1	1	1	1	1	1	1	0

0	28	5	14	0	0	50	23
28	0	0	50	0	39	54	43
5	0	0	14	0	23	0	47
14	50	14	0	0	43	5	17
0	0	0	0	0	0	45	9
0	39	23	43	0	0	0	47
50	54	0	5	45	0	0	49
23	43	47	17	9	47	49	0

0	6	4	4	0	0	7	7
6	0	0	9	0	6	4	5
4	0	0	10	0	9	0	3
4	9	10	0	0	7	8	7
0	0	0	0	0	0	6	5
0	6	9	7	0	0	0	8
7	4	0	8	6	0	0	6
7	5	3	7	5	8	6	0

0	100	99	97	0	0	95	99
100	0	0	99	0	100	100	97
99	0	0	96	0	99	0	98
97	99	96	0	0	96	95	98
0	0	0	0	0	0	97	98
0	100	99	96	0	0	0	98
95	100	0	95	97	0	0	96
99	97	98	98	98	98	96	0

0	9	34	14	0	0	2	1
9	0	0	2	0	1	1	10
34	0	0	6	0	5	0	7
14	2	6	0	0	6	27	24
0	0	0	0	0	0	5	43
0	1	5	6	0	0	0	0
2	1	0	27	5	0	0	6
1	10	7	24	43	0	6	0

48	26
34	20
41	31
42	46
35	49
40	36
38	41
44	16
