0	1	1	1	0	0	0	1	0	1
1	0	1	1	0	1	1	1	1	1
1	1	0	1	1	1	1	0	1	1
1	1	1	0	1	1	1	1	0	1
0	0	1	1	0	1	1	1	1	1
0	1	1	1	1	0	1	1	0	1
0	1	1	1	1	1	0	0	1	0
1	1	0	1	1	1	0	0	1	0
0	1	1	0	1	0	1	1	0	1
1	1	1	1	1	1	0	0	1	0

0	13	39	31	0	0	0	10	0	21
13	0	6	7	0	53	29	43	15	36
39	6	0	18	33	7	7	0	25	33
31	7	18	0	49	18	5	52	0	54
0	0	33	49	0	28	37	19	30	11
0	53	7	18	28	0	31	42	0	6
0	29	7	5	37	31	0	0	16	0
10	43	0	52	19	42	0	0	41	0
0	15	25	0	30	0	16	41	0	51
21	36	33	54	11	6	0	0	51	0

0	9	10	4	0	0	0	9	0	3
9	0	7	8	0	5	3	5	10	9
10	7	0	8	3	10	3	0	7	3
4	8	8	0	9	4	6	10	0	9
0	0	3	9	0	6	8	6	6	10
0	5	10	4	6	0	10	6	0	10
0	3	3	6	8	10	0	0	8	0
9	5	0	10	6	6	0	0	5	0
0	10	7	0	6	0	8	5	0	8
3	9	3	9	10	10	0	0	8	0

0	95	96	99	0	0	0	100	0	98
95	0	97	100	0	95	99	100	100	99
96	97	0	97	95	97	96	0	95	97
99	100	97	0	100	99	95	97	0	99
0	0	95	100	0	95	97	97	98	98
0	95	97	99	95	0	97	96	0	100
0	99	96	95	97	97	0	0	100	0
100	100	0	97	97	96	0	0	100	0
0	100	95	0	98	0	100	100	0	95
98	99	97	99	98	100	0	0	95	0

0	32	13	5	0	0	0	31	0	9
32	0	5	1	0	2	3	8	1	7
13	5	0	32	1	42	31	0	27	17
5	1	32	0	6	34	5	3	0	1
0	0	1	6	0	1	4	26	15	44
0	2	42	34	1	0	12	7	0	15
0	3	31	5	4	12	0	0	12	0
31	8	0	3	26	7	0	0	6	0
0	1	27	0	15	0	12	6	0	2
9	7	17	1	44	15	0	0	2	0

25	25
39	41
13	38
36	20
12	22
37	20
40	50
32	12
13	23
21	27
