0	1	1	1	0	1	1	1	1
1	0	1	1	1	1	0	1	0
1	1	0	1	1	1	1	1	1
1	1	1	0	0	0	1	0	1
0	1	1	0	0	1	1	1	0
1	1	1	0	1	0	1	1	1
1	0	1	1	1	1	0	0	1
1	1	1	0	1	1	0	0	1
1	0	1	1	0	1	1	1	0

0	22	51	10	0	44	35	6	21
22	0	51	9	54	24	0	35	0
51	51	0	32	17	9	34	11	45
10	9	32	0	0	0	22	0	33
0	54	17	0	0	41	31	10	0
44	24	9	0	41	0	45	49	51
35	0	34	22	31	45	0	0	18
6	35	11	0	10	49	0	0	39
21	0	45	33	0	51	18	39	0

0	8	7	10	0	5	10	3	8
8	0	8	10	8	5	0	9	0
7	8	0	9	6	8	10	3	5
10	10	9	0	0	0	8	0	10
0	8	6	0	0	8	9	4	0
5	5	8	0	8	0	10	5	8
10	0	10	8	9	10	0	0	6
3	9	3	0	4	5	0	0	3
8	0	5	10	0	8	6	3	0

0	96	95	96	0	95	100	95	95
96	0	100	97	97	98	0	95	0
95	100	0	99	96	97	95	100	98
96	97	99	0	0	0	95	0	96
0	97	96	0	0	97	99	97	0
95	98	97	0	97	0	96	99	97
100	0	95	95	99	96	0	0	95
95	95	100	0	97	99	0	0	97
95	0	98	96	0	97	95	97	0

0	0	3	8	0	0	10	46	0
0	0	3	14	0	4	0	2	0
3	3	0	6	23	46	16	32	6
8	14	6	0	0	0	24	0	4
0	0	23	0	0	6	2	20	0
0	4	46	0	6	0	0	0	4
10	0	16	24	2	0	0	0	33
46	2	32	0	20	0	0	0	8
0	0	6	4	0	4	33	8	0

30	37
49	30
17	47
22	14
35	43
43	23
33	10
13	28
19	18
