0	1	1	1	1	0	0	1	1
1	0	1	1	0	0	0	1	0
1	1	0	1	1	0	1	1	1
1	1	1	0	1	1	0	1	1
1	0	1	1	0	0	0	0	0
0	0	0	1	0	0	0	0	0
0	0	1	0	0	0	0	1	0
1	1	1	1	0	0	1	0	0
1	0	1	1	0	0	0	0	0

0	40	9	23	8	0	0	33	30
40	0	12	24	0	0	0	14	0
9	12	0	19	23	0	21	50	46
23	24	19	0	33	22	0	24	8
8	0	23	33	0	0	0	0	0
0	0	0	22	0	0	0	0	0
0	0	21	0	0	0	0	39	0
33	14	50	24	0	0	39	0	0
30	0	46	8	0	0	0	0	0

0	4	6	3	7	0	0	6	9
4	0	8	10	0	0	0	9	0
6	8	0	8	3	0	9	6	4
3	10	8	0	9	5	0	3	5
7	0	3	9	0	0	0	0	0
0	0	0	5	0	0	0	0	0
0	0	9	0	0	0	0	7	0
6	9	6	3	0	0	7	0	0
9	0	4	5	0	0	0	0	0

0	96	95	99	100	0	0	100	95
96	0	95	96	0	0	0	98	0
95	95	0	100	96	0	96	98	98
99	96	100	0	95	100	0	99	95
100	0	96	95	0	0	0	0	0
0	0	0	100	0	0	0	0	0
0	0	96	0	0	0	0	95	0
100	98	98	99	0	0	95	0	0
95	0	98	95	0	0	0	0	0

0	15	25	31	14	0	0	8	20
15	0	30	13	0	0	0	32	0
25	30	0	36	6	0	8	1	2
31	13	36	0	9	11	0	8	38
14	0	6	9	0	0	0	0	0
0	0	0	11	0	0	0	0	0
0	0	8	0	0	0	0	13	0
8	32	1	8	0	0	13	0	0
20	0	2	38	0	0	0	0	0

50	14
34	33
37	44
48	47
15	47
18	50
29	44
30	11
28	38
