0	0	1	1	1	1	1	0	0
0	0	1	1	1	1	0	1	1
1	1	0	1	0	1	0	1	1
1	1	1	0	1	0	1	1	0
1	1	0	1	0	0	1	0	1
1	1	1	0	0	0	1	1	1
1	0	0	1	1	1	0	0	0
0	1	1	1	0	1	0	0	1
0	1	1	0	1	1	0	1	0

0	0	28	26	20	29	32	0	0
0	0	32	19	24	43	0	26	38
28	32	0	50	0	54	0	50	53
26	19	50	0	26	0	37	55	0
20	24	0	26	0	0	50	0	19
29	43	54	0	0	0	21	28	51
32	0	0	37	50	21	0	0	0
0	26	50	55	0	28	0	0	29
0	38	53	0	19	51	0	29	0

0	0	10	8	9	9	7	0	0
0	0	9	10	8	6	0	5	7
10	9	0	3	0	5	0	6	8
8	10	3	0	7	0	7	7	0
9	8	0	7	0	0	10	0	10
9	6	5	0	0	0	9	5	9
7	0	0	7	10	9	0	0	0
0	5	6	7	0	5	0	0	8
0	7	8	0	10	9	0	8	0

0	0	98	95	100	96	95	0	0
0	0	99	97	97	99	0	99	95
98	99	0	98	0	96	0	95	96
95	97	98	0	97	0	99	95	0
100	97	0	97	0	0	99	0	98
96	99	96	0	0	0	96	96	100
95	0	0	99	99	96	0	0	0
0	99	95	95	0	96	0	0	96
0	95	96	0	98	100	0	96	0

0	0	8	26	14	1	19	0	0
0	0	21	20	3	6	0	17	17
8	21	0	1	0	0	0	0	2
26	20	1	0	7	0	7	0	0
14	3	0	7	0	0	4	0	10
1	6	0	0	0	0	23	27	3
19	0	0	7	4	23	0	0	0
0	17	0	0	0	27	0	0	23
0	17	2	0	10	3	0	23	0

22	32
23	44
37	36
32	50
48	36
17	41
46	29
41	45
39	46
