0	1	0	1	1	1	0	0
1	0	1	0	1	1	1	1
0	1	0	1	1	1	0	1
1	0	1	0	0	1	1	1
1	1	1	0	0	0	0	1
1	1	1	1	0	0	0	1
0	1	0	1	0	0	0	1
0	1	1	1	1	1	1	0

0	48	0	54	12	25	0	0
48	0	39	0	24	32	37	11
0	39	0	54	12	20	0	51
54	0	54	0	0	33	8	16
12	24	12	0	0	0	0	32
25	32	20	33	0	0	0	28
0	37	0	8	0	0	0	15
0	11	51	16	32	28	15	0

0	10	0	10	4	10	0	0
10	0	8	0	9	5	7	5
0	8	0	8	6	10	0	10
10	0	8	0	0	6	8	8
4	9	6	0	0	0	0	3
10	5	10	6	0	0	0	9
0	7	0	8	0	0	0	5
0	5	10	8	3	9	5	0

0	98	0	100	99	97	0	0
98	0	99	0	98	100	95	99
0	99	0	96	96	99	0	99
100	0	96	0	0	99	97	97
99	98	96	0	0	0	0	97
97	100	99	99	0	0	0	97
0	95	0	97	0	0	0	98
0	99	99	97	97	97	98	0

0	6	0	1	32	17	0	0
6	0	5	0	3	13	11	38
0	5	0	0	31	31	0	0
1	0	0	0	0	16	25	15
32	3	31	0	0	0	0	18
17	13	31	16	0	0	0	11
0	11	0	25	0	0	0	8
0	38	0	15	18	11	8	0

28	14
10	46
37	27
17	33
44	15
39	14
37	40
12	41
