0	1	1	0	1	1	0
1	0	1	1	1	1	1
1	1	0	0	1	1	0
0	1	0	0	1	1	0
1	1	1	1	0	1	1
1	1	1	1	1	0	1
0	1	0	0	1	1	0

0	8	29	0	7	35	0
8	0	34	43	17	29	53
29	34	0	0	38	48	0
0	43	0	0	42	46	0
7	17	38	42	0	55	44
35	29	48	46	55	0	19
0	53	0	0	44	19	0

0	9	10	0	9	6	0
9	0	6	7	5	4	9
10	6	0	0	9	10	0
0	7	0	0	10	8	0
9	5	9	10	0	10	10
6	4	10	8	10	0	10
0	9	0	0	10	10	0

0	99	99	0	98	96	0
99	0	99	100	96	95	95
99	99	0	0	99	98	0
0	100	0	0	96	97	0
98	96	99	96	0	97	100
96	95	98	97	97	0	100
0	95	0	0	100	100	0

0	22	24	0	32	9	0
22	0	18	10	25	12	2
24	18	0	0	10	2	0
0	10	0	0	6	4	0
32	25	10	6	0	0	5
9	12	2	4	0	0	25
0	2	0	0	5	25	0

28	38
40	46
23	23
18	39
28	37
19	34
11	41
