0	1	1	1	1	1	1	1	1
1	0	1	1	1	0	1	1	0
1	1	0	1	1	0	1	1	1
1	1	1	0	1	1	1	0	0
1	1	1	1	0	1	0	0	0
1	0	0	1	1	0	1	1	0
1	1	1	1	0	1	0	1	1
1	1	1	0	0	1	1	0	1
1	0	1	0	0	0	1	1	0

0	19	7	21	35	15	40	46	47
19	0	42	27	12	0	12	47	0
7	42	0	20	52	0	6	29	43
21	27	20	0	49	10	23	0	0
35	12	52	49	0	35	0	0	0
15	0	0	10	35	0	53	23	0
40	12	6	23	0	53	0	22	15
46	47	29	0	0	23	22	0	45
47	0	43	0	0	0	15	45	0

0	8	7	4	9	7	7	4	4
8	0	6	6	6	0	4	5	0
7	6	0	4	6	0	3	10	3
4	6	4	0	6	6	10	0	0
9	6	6	6	0	6	0	0	0
7	0	0	6	6	0	4	10	0
7	4	3	10	0	4	0	6	10
4	5	10	0	0	10	6	0	8
4	0	3	0	0	0	10	8	0

0	97	100	97	97	97	99	97	96
97	0	100	99	95	0	97	97	0
100	100	0	100	99	0	97	96	97
97	99	100	0	96	95	96	0	0
97	95	99	96	0	97	0	0	0
97	0	0	95	97	0	96	98	0
99	97	97	96	0	96	0	95	99
97	97	96	0	0	98	95	0	96
96	0	97	0	0	0	99	96	0

0	8	12	34	20	14	9	2	2
8	0	7	16	30	0	28	7	0
12	7	0	10	2	0	11	17	3
34	16	10	0	3	16	29	0	0
20	30	2	3	0	0	0	0	0
14	0	0	16	0	0	2	31	0
9	28	11	29	0	2	0	11	22
2	7	17	0	0	31	11	0	5
2	0	3	0	0	0	22	5	0

46	37
33	32
21	22
21	42
26	24
13	41
34	43
30	44
32	26
