0	1	1	1	1	1	0
1	0	1	0	0	1	1
1	1	0	1	1	1	1
1	0	1	0	1	1	1
1	0	1	1	0	0	1
1	1	1	1	0	0	1
0	1	1	1	1	1	0

0	27	38	44	25	47	0
27	0	21	0	0	8	41
38	21	0	48	15	50	53
44	0	48	0	6	40	48
25	0	15	6	0	0	9
47	8	50	40	0	0	50
0	41	53	48	9	50	0

0	6	6	4	3	3	0
6	0	4	0	0	5	9
6	4	0	5	8	9	4
4	0	5	0	3	5	10
3	0	8	3	0	0	10
3	5	9	5	0	0	3
0	9	4	10	10	3	0

0	100	97	97	95	97	0
100	0	100	0	0	100	96
97	100	0	100	96	97	99
97	0	100	0	98	100	97
95	0	96	98	0	0	99
97	100	97	100	0	0	99
0	96	99	97	99	99	0

0	13	4	8	26	4	0
13	0	30	0	0	14	5
4	30	0	0	37	5	0
8	0	0	0	42	7	7
26	0	37	42	0	0	12
4	14	5	7	0	0	1
0	5	0	7	12	1	0

47	11
28	27
46	13
41	39
47	41
38	21
31	36
