0	0	1	1	1	1	1	0	0
0	0	1	1	1	1	0	1	1
1	1	0	1	0	1	0	1	1
1	1	1	0	1	0	1	1	0
1	1	0	1	0	0	1	0	1
1	1	1	0	0	0	1	1	1
1	0	0	1	1	1	0	0	0
0	1	1	1	0	1	0	0	1
0	1	1	0	1	1	0	1	0

0	0	25	42	30	37	23	0	0
0	0	54	55	19	7	0	36	12
25	54	0	32	0	23	0	9	35
42	55	32	0	41	0	23	9	0
30	19	0	41	0	0	45	0	26
37	7	23	0	0	0	30	24	25
23	0	0	23	45	30	0	0	0
0	36	9	9	0	24	0	0	17
0	12	35	0	26	25	0	17	0

0	0	5	6	10	5	8	0	0
0	0	9	9	4	8	0	7	9
5	9	0	5	0	7	0	8	10
6	9	5	0	4	0	3	4	0
10	4	0	4	0	0	4	0	4
5	8	7	0	0	0	9	5	3
8	0	0	3	4	9	0	0	0
0	7	8	4	0	5	0	0	10
0	9	10	0	4	3	0	10	0

0	0	96	100	99	95	98	0	0
0	0	96	95	100	97	0	99	97
96	96	0	96	0	98	0	98	99
100	95	96	0	95	0	97	95	0
99	100	0	95	0	0	97	0	97
95	97	98	0	0	0	100	99	100
98	0	0	97	97	100	0	0	0
0	99	98	95	0	99	0	0	98
0	97	99	0	97	100	0	98	0

0	0	21	8	14	17	0	0	0
0	0	0	0	33	12	0	3	3
21	0	0	23	0	31	0	39	8
8	0	23	0	6	0	4	33	0
14	33	0	6	0	0	10	0	3
17	12	31	0	0	0	3	29	0
0	0	0	4	10	3	0	0	0
0	3	39	33	0	29	0	0	9
0	3	8	0	3	0	0	9	0

31	50
24	13
40	42
25	42
26	32
31	40
13	27
26	17
30	15
