0	0	1	1	1	1	1	1	0
0	0	1	1	0	0	1	0	0
1	1	0	1	1	1	1	0	0
1	1	1	0	1	0	0	0	1
1	0	1	1	0	1	0	1	0
1	0	1	0	1	0	0	0	0
1	1	1	0	0	0	0	1	0
1	0	0	0	1	0	1	0	1
0	0	0	1	0	0	0	1	0

0	0	37	17	19	13	22	44	0
0	0	7	27	0	0	37	0	0
37	7	0	18	55	14	18	0	0
17	27	18	0	12	0	0	0	54
19	0	55	12	0	32	0	6	0
13	0	14	0	32	0	0	0	0
22	37	18	0	0	0	0	50	0
44	0	0	0	6	0	50	0	5
0	0	0	54	0	0	0	5	0

0	0	10	4	6	10	5	5	0
0	0	8	9	0	0	8	0	0
10	8	0	4	5	7	5	0	0
4	9	4	0	3	0	0	0	6
6	0	5	3	0	8	0	10	0
10	0	7	0	8	0	0	0	0
5	8	5	0	0	0	0	3	0
5	0	0	0	10	0	3	0	6
0	0	0	6	0	0	0	6	0

0	0	98	100	97	100	98	96	0
0	0	95	96	0	0	100	0	0
98	95	0	95	99	98	99	0	0
100	96	95	0	97	0	0	0	98
97	0	99	97	0	99	0	98	0
100	0	98	0	99	0	0	0	0
98	100	99	0	0	0	0	95	0
96	0	0	0	98	0	95	0	98
0	0	0	98	0	0	0	98	0

0	0	5	12	34	30	5	7	0
0	0	28	24	0	0	3	0	0
5	28	0	15	0	31	27	0	0
12	24	15	0	40	0	0	0	0
34	0	0	40	0	1	0	6	0
30	0	31	0	1	0	0	0	0
5	3	27	0	0	0	0	4	0
7	0	0	0	6	0	4	0	45
0	0	0	0	0	0	0	45	0

32	12
18	11
36	17
43	13
46	34
16	36
17	30
35	15
21	39
