0	1	1	1	1	0	1	1	1	0
1	0	0	1	1	0	1	1	0	1
1	0	0	1	1	0	1	1	0	1
1	1	1	0	0	1	0	0	1	0
1	1	1	0	0	1	1	1	0	0
0	0	0	1	1	0	0	1	1	1
1	1	1	0	1	0	0	0	1	0
1	1	1	0	1	1	0	0	1	0
1	0	0	1	0	1	1	1	0	0
0	1	1	0	0	1	0	0	0	0

0	22	47	49	44	0	35	19	40	0
22	0	0	46	24	0	50	50	0	26
47	0	0	33	19	0	22	40	0	45
49	46	33	0	0	6	0	0	18	0
44	24	19	0	0	16	47	27	0	0
0	0	0	6	16	0	0	31	51	51
35	50	22	0	47	0	0	0	36	0
19	50	40	0	27	31	0	0	54	0
40	0	0	18	0	51	36	54	0	0
0	26	45	0	0	51	0	0	0	0

0	10	4	5	10	0	8	10	5	0
10	0	0	9	8	0	10	8	0	9
4	0	0	5	3	0	6	8	0	6
5	9	5	0	0	9	0	0	4	0
10	8	3	0	0	10	10	8	0	0
0	0	0	9	10	0	0	5	9	5
8	10	6	0	10	0	0	0	6	0
10	8	8	0	8	5	0	0	7	0
5	0	0	4	0	9	6	7	0	0
0	9	6	0	0	5	0	0	0	0

0	97	97	97	100	0	96	96	99	0
97	0	0	99	100	0	96	98	0	100
97	0	0	99	100	0	99	99	0	98
97	99	99	0	0	96	0	0	100	0
100	100	100	0	0	98	98	95	0	0
0	0	0	96	98	0	0	99	98	95
96	96	99	0	98	0	0	0	99	0
96	98	99	0	95	99	0	0	99	0
99	0	0	100	0	98	99	99	0	0
0	100	98	0	0	95	0	0	0	0

0	23	0	4	2	0	6	9	0	0
23	0	0	3	2	0	1	2	0	5
0	0	0	18	22	0	10	12	0	10
4	3	18	0	0	11	0	0	31	0
2	2	22	0	0	29	6	0	0	0
0	0	0	11	29	0	0	19	1	0
6	1	10	0	6	0	0	0	10	0
9	2	12	0	0	19	0	0	0	0
0	0	0	31	0	1	10	0	0	0
0	5	10	0	0	0	0	0	0	0

11	16
30	34
24	10
31	40
21	44
47	40
38	18
14	41
42	47
22	18
