0	0	0	1	0	1	1	1	1
0	0	1	0	0	1	1	0	1
0	1	0	1	1	1	1	0	0
1	0	1	0	1	0	1	0	1
0	0	1	1	0	0	1	1	1
1	1	1	0	0	0	0	1	1
1	1	1	1	1	0	0	1	1
1	0	0	0	1	1	1	0	0
1	1	0	1	1	1	1	0	0

0	0	0	17	0	5	48	37	16
0	0	28	0	0	54	21	0	5
0	28	0	13	23	54	19	0	0
17	0	13	0	38	0	33	0	53
0	0	23	38	0	0	16	17	19
5	54	54	0	0	0	0	16	36
48	21	19	33	16	0	0	53	30
37	0	0	0	17	16	53	0	0
16	5	0	53	19	36	30	0	0

0	0	0	3	0	10	5	10	4
0	0	5	0	0	5	5	0	6
0	5	0	8	3	10	5	0	0
3	0	8	0	9	0	7	0	9
0	0	3	9	0	0	3	6	8
10	5	10	0	0	0	0	7	9
5	5	5	7	3	0	0	4	6
10	0	0	0	6	7	4	0	0
4	6	0	9	8	9	6	0	0

0	0	0	97	0	98	98	100	97
0	0	99	0	0	100	99	0	96
0	99	0	97	98	96	99	0	0
97	0	97	0	97	0	98	0	99
0	0	98	97	0	0	97	99	96
98	100	96	0	0	0	0	96	97
98	99	99	98	97	0	0	97	98
100	0	0	0	99	96	97	0	0
97	96	0	99	96	97	98	0	0

0	0	0	26	0	9	0	2	5
0	0	19	0	0	0	33	0	4
0	19	0	41	14	1	14	0	0
26	0	41	0	8	0	13	0	0
0	0	14	8	0	0	30	1	28
9	0	1	0	0	0	0	35	0
0	33	14	13	30	0	0	2	14
2	0	0	0	1	35	2	0	0
5	4	0	0	28	0	14	0	0

11	32
21	27
46	45
21	27
12	33
11	18
35	16
37	35
41	48
