0	1	0	1	1	1	1
1	0	1	1	1	1	0
0	1	0	1	1	0	0
1	1	1	0	0	1	0
1	1	1	0	0	1	1
1	1	0	1	1	0	1
1	0	0	0	1	1	0

0	20	0	44	40	53	18
20	0	19	44	31	31	0
0	19	0	36	53	0	0
44	44	36	0	0	53	0
40	31	53	0	0	19	44
53	31	0	53	19	0	45
18	0	0	0	44	45	0

0	5	0	6	7	10	9
5	0	7	8	8	6	0
0	7	0	4	7	0	0
6	8	4	0	0	3	0
7	8	7	0	0	7	7
10	6	0	3	7	0	7
9	0	0	0	7	7	0

0	95	0	97	95	95	99
95	0	99	99	99	99	0
0	99	0	98	98	0	0
97	99	98	0	0	100	0
95	99	98	0	0	96	96
95	99	0	100	96	0	95
99	0	0	0	96	95	0

0	15	0	2	5	2	34
15	0	9	6	22	13	0
0	9	0	13	1	0	0
2	6	13	0	0	0	0
5	22	1	0	0	17	5
2	13	0	0	17	0	1
34	0	0	0	5	1	0

18	10
29	16
33	24
48	23
46	41
38	16
48	22
