0	0	0	1	1	0	1	1	1	0
0	0	1	1	1	1	1	1	1	1
0	1	0	0	1	1	1	1	0	1
1	1	0	0	1	1	1	1	1	1
1	1	1	1	0	1	0	0	0	1
0	1	1	1	1	0	1	1	1	1
1	1	1	1	0	1	0	1	1	0
1	1	1	1	0	1	1	0	1	1
1	1	0	1	0	1	1	1	0	1
0	1	1	1	1	1	0	1	1	0

0	0	0	17	15	0	38	44	23	0
0	0	53	55	41	12	41	30	13	38
0	53	0	0	21	22	19	44	0	10
17	55	0	0	28	37	34	37	28	12
15	41	21	28	0	7	0	0	0	15
0	12	22	37	7	0	41	9	9	25
38	41	19	34	0	41	0	41	19	0
44	30	44	37	0	9	41	0	22	39
23	13	0	28	0	9	19	22	0	6
0	38	10	12	15	25	0	39	6	0

0	0	0	10	9	0	5	5	10	0
0	0	8	4	10	9	5	4	3	5
0	8	0	0	5	3	10	4	0	8
10	4	0	0	3	10	9	10	5	10
9	10	5	3	0	3	0	0	0	7
0	9	3	10	3	0	9	5	4	10
5	5	10	9	0	9	0	8	7	0
5	4	4	10	0	5	8	0	3	7
10	3	0	5	0	4	7	3	0	9
0	5	8	10	7	10	0	7	9	0

0	0	0	96	97	0	100	95	100	0
0	0	95	96	97	98	97	98	100	98
0	95	0	0	96	96	95	100	0	95
96	96	0	0	95	99	100	95	98	96
97	97	96	95	0	97	0	0	0	98
0	98	96	99	97	0	99	99	95	99
100	97	95	100	0	99	0	96	95	0
95	98	100	95	0	99	96	0	100	98
100	100	0	98	0	95	95	100	0	96
0	98	95	96	98	99	0	98	96	0

0	0	0	16	9	0	1	9	0	0
0	0	1	0	11	25	4	4	29	2
0	1	0	0	34	22	14	3	0	35
16	0	0	0	16	2	7	16	4	21
9	11	34	16	0	43	0	0	0	36
0	25	22	2	43	0	0	17	34	11
1	4	14	7	0	0	0	14	7	0
9	4	3	16	0	17	14	0	16	5
0	29	0	4	0	34	7	16	0	13
0	2	35	21	36	11	0	5	13	0

30	14
46	13
14	15
14	14
41	46
46	40
38	50
37	41
12	49
19	35
