0	1	0	1	0	0	1	1
1	0	1	1	1	1	1	1
0	1	0	1	0	1	0	0
1	1	1	0	1	1	1	0
0	1	0	1	0	0	1	1
0	1	1	1	0	0	0	0
1	1	0	1	1	0	0	1
1	1	0	0	1	0	1	0

0	7	0	52	0	0	32	10
7	0	19	23	29	12	21	47
0	19	0	32	0	33	0	0
52	23	32	0	25	44	22	0
0	29	0	25	0	0	5	55
0	12	33	44	0	0	0	0
32	21	0	22	5	0	0	45
10	47	0	0	55	0	45	0

0	4	0	3	0	0	3	9
4	0	9	10	4	7	6	9
0	9	0	7	0	3	0	0
3	10	7	0	7	6	9	0
0	4	0	7	0	0	9	7
0	7	3	6	0	0	0	0
3	6	0	9	9	0	0	4
9	9	0	0	7	0	4	0

0	99	0	98	0	0	97	98
99	0	100	95	95	96	100	97
0	100	0	95	0	99	0	0
98	95	95	0	100	100	100	0
0	95	0	100	0	0	100	96
0	96	99	100	0	0	0	0
97	100	0	100	100	0	0	96
98	97	0	0	96	0	96	0

0	15	0	1	0	0	3	22
15	0	3	11	6	40	32	2
0	3	0	18	0	19	0	0
1	11	18	0	29	10	3	0
0	6	0	29	0	0	8	0
0	40	19	10	0	0	0	0
3	32	0	3	8	0	0	9
22	2	0	0	0	0	9	0

30	13
10	32
49	30
27	21
36	41
28	42
23	11
40	15
