0	0	1	0	1	1	0	0	0
0	0	1	0	1	1	1	1	1
1	1	0	1	1	1	1	1	1
0	0	1	0	0	0	1	1	1
1	1	1	0	0	1	1	1	1
1	1	1	0	1	0	0	1	1
0	1	1	1	1	0	0	0	1
0	1	1	1	1	1	0	0	1
0	1	1	1	1	1	1	1	0

0	0	16	0	30	31	0	0	0
0	0	33	0	39	22	40	37	30
16	33	0	7	30	16	31	49	45
0	0	7	0	0	0	25	16	54
30	39	30	0	0	13	13	51	28
31	22	16	0	13	0	0	12	53
0	40	31	25	13	0	0	0	37
0	37	49	16	51	12	0	0	45
0	30	45	54	28	53	37	45	0

0	0	10	0	10	9	0	0	0
0	0	10	0	5	9	6	5	5
10	10	0	8	9	7	4	3	4
0	0	8	0	0	0	8	4	9
10	5	9	0	0	5	7	7	6
9	9	7	0	5	0	0	4	6
0	6	4	8	7	0	0	0	8
0	5	3	4	7	4	0	0	6
0	5	4	9	6	6	8	6	0

0	0	99	0	95	99	0	0	0
0	0	100	0	99	97	97	99	98
99	100	0	95	100	96	100	96	98
0	0	95	0	0	0	95	98	99
95	99	100	0	0	95	97	97	96
99	97	96	0	95	0	0	96	99
0	97	100	95	97	0	0	0	95
0	99	96	98	97	96	0	0	96
0	98	98	99	96	99	95	96	0

0	0	17	0	13	5	0	0	0
0	0	19	0	1	0	14	10	8
17	19	0	7	5	3	23	1	3
0	0	7	0	0	0	16	0	1
13	1	5	0	0	3	0	4	10
5	0	3	0	3	0	0	18	1
0	14	23	16	0	0	0	0	0
0	10	1	0	4	18	0	0	10
0	8	3	1	10	1	0	10	0

29	19
26	42
10	36
41	29
41	50
37	21
26	30
48	43
48	26
