0	0	0	1	1	1	1	1	1	1
0	0	1	0	1	1	1	0	1	1
0	1	0	1	1	0	1	1	1	1
1	0	1	0	1	0	1	1	1	1
1	1	1	1	0	1	1	1	1	1
1	1	0	0	1	0	1	0	1	1
1	1	1	1	1	1	0	1	1	1
1	0	1	1	1	0	1	0	1	0
1	1	1	1	1	1	1	1	0	0
1	1	1	1	1	1	1	0	0	0

0	0	0	39	14	15	26	8	46	20
0	0	37	0	43	52	47	0	43	21
0	37	0	6	12	0	31	11	26	53
39	0	6	0	7	0	26	29	47	55
14	43	12	7	0	14	9	13	10	48
15	52	0	0	14	0	5	0	36	16
26	47	31	26	9	5	0	55	9	48
8	0	11	29	13	0	55	0	44	0
46	43	26	47	10	36	9	44	0	0
20	21	53	55	48	16	48	0	0	0

0	0	0	10	5	8	3	7	9	9
0	0	7	0	5	6	10	0	5	5
0	7	0	5	9	0	5	8	8	6
10	0	5	0	8	0	5	3	10	6
5	5	9	8	0	6	10	4	3	8
8	6	0	0	6	0	9	0	7	6
3	10	5	5	10	9	0	6	7	7
7	0	8	3	4	0	6	0	5	0
9	5	8	10	3	7	7	5	0	0
9	5	6	6	8	6	7	0	0	0

0	0	0	100	99	99	95	98	100	96
0	0	95	0	98	98	100	0	95	98
0	95	0	97	97	0	99	96	98	98
100	0	97	0	100	0	96	99	100	97
99	98	97	100	0	98	98	96	97	97
99	98	0	0	98	0	100	0	98	95
95	100	99	96	98	100	0	97	100	96
98	0	96	99	96	0	97	0	99	0
100	95	98	100	97	98	100	99	0	0
96	98	98	97	97	95	96	0	0	0

0	0	0	13	20	38	7	13	5	33
0	0	0	0	11	3	6	0	7	32
0	0	0	13	29	0	4	13	10	0
13	0	13	0	33	0	18	2	7	0
20	11	29	33	0	21	7	24	29	4
38	3	0	0	21	0	47	0	19	24
7	6	4	18	7	47	0	0	21	7
13	0	13	2	24	0	0	0	7	0
5	7	10	7	29	19	21	7	0	0
33	32	0	0	4	24	7	0	0	0

30	25
33	21
21	47
36	43
40	50
35	30
21	48
37	31
40	49
35	31
