0	1	1	1	1	1	0	1
1	0	1	1	1	1	1	1
1	1	0	1	0	1	1	0
1	1	1	0	0	1	0	1
1	1	0	0	0	1	1	0
1	1	1	1	1	0	0	1
0	1	1	0	1	0	0	1
1	1	0	1	0	1	1	0

0	38	28	29	13	14	0	37
38	0	8	53	28	21	24	19
28	8	0	7	0	39	15	0
29	53	7	0	0	48	0	20
13	28	0	0	0	52	50	0
14	21	39	48	52	0	0	46
0	24	15	0	50	0	0	9
37	19	0	20	0	46	9	0

0	10	3	8	5	5	0	9
10	0	5	10	3	9	4	6
3	5	0	4	0	10	5	0
8	10	4	0	0	5	0	4
5	3	0	0	0	9	4	0
5	9	10	5	9	0	0	6
0	4	5	0	4	0	0	3
9	6	0	4	0	6	3	0

0	96	98	95	95	100	0	96
96	0	96	98	97	96	95	97
98	96	0	96	0	98	100	0
95	98	96	0	0	97	0	96
95	97	0	0	0	99	96	0
100	96	98	97	99	0	0	96
0	95	100	0	96	0	0	98
96	97	0	96	0	96	98	0

0	4	15	3	15	37	0	6
4	0	43	2	2	1	30	26
15	43	0	3	0	7	30	0
3	2	3	0	0	4	0	3
15	2	0	0	0	3	5	0
37	1	7	4	3	0	0	2
0	30	30	0	5	0	0	32
6	26	0	3	0	2	32	0

43	50
30	14
26	24
16	49
40	14
26	16
32	41
33	44
