0	0	0	1	0	1	0	1	0	1
0	0	1	0	1	0	1	1	1	0
0	1	0	0	1	1	1	1	1	1
1	0	0	0	1	1	0	1	1	1
0	1	1	1	0	1	1	1	0	0
1	0	1	1	1	0	1	1	1	1
0	1	1	0	1	1	0	1	1	1
1	1	1	1	1	1	1	0	1	1
0	1	1	1	0	1	1	1	0	1
1	0	1	1	0	1	1	1	1	0

0	0	0	6	0	16	0	29	0	36
0	0	12	0	52	0	40	15	10	0
0	12	0	0	8	44	22	53	50	40
6	0	0	0	13	19	0	51	46	24
0	52	8	13	0	52	37	31	0	0
16	0	44	19	52	0	46	52	12	10
0	40	22	0	37	46	0	42	7	21
29	15	53	51	31	52	42	0	14	16
0	10	50	46	0	12	7	14	0	14
36	0	40	24	0	10	21	16	14	0

0	0	0	6	0	4	0	3	0	9
0	0	6	0	7	0	4	5	10	0
0	6	0	0	4	7	4	8	6	4
6	0	0	0	6	7	0	5	5	7
0	7	4	6	0	10	3	8	0	0
4	0	7	7	10	0	8	6	8	5
0	4	4	0	3	8	0	10	7	3
3	5	8	5	8	6	10	0	9	6
0	10	6	5	0	8	7	9	0	10
9	0	4	7	0	5	3	6	10	0

0	0	0	95	0	99	0	99	0	99
0	0	100	0	98	0	99	99	98	0
0	100	0	0	95	100	98	96	100	96
95	0	0	0	98	97	0	100	98	96
0	98	95	98	0	98	100	98	0	0
99	0	100	97	98	0	99	96	95	100
0	99	98	0	100	99	0	99	100	95
99	99	96	100	98	96	99	0	97	97
0	98	100	98	0	95	100	97	0	100
99	0	96	96	0	100	95	97	100	0

0	0	0	2	0	36	0	1	0	18
0	0	19	0	2	0	15	38	5	0
0	19	0	0	15	2	13	0	0	10
2	0	0	0	22	34	0	3	5	30
0	2	15	22	0	0	2	17	0	0
36	0	2	34	0	0	3	3	43	6
0	15	13	0	2	3	0	3	10	19
1	38	0	3	17	3	3	0	4	34
0	5	0	5	0	43	10	4	0	23
18	0	10	30	0	6	19	34	23	0

44	13
29	39
18	39
23	32
47	30
14	46
12	45
30	39
40	11
14	28
