0	0	1	1	1	1	1	0
0	0	1	1	1	1	1	1
1	1	0	0	1	1	0	1
1	1	0	0	1	1	0	1
1	1	1	1	0	1	0	1
1	1	1	1	1	0	1	1
1	1	0	0	0	1	0	1
0	1	1	1	1	1	1	0

0	0	42	10	33	11	20	0
0	0	20	13	34	21	14	52
42	20	0	0	34	10	0	8
10	13	0	0	30	52	0	51
33	34	34	30	0	49	0	18
11	21	10	52	49	0	21	28
20	14	0	0	0	21	0	55
0	52	8	51	18	28	55	0

0	0	8	9	10	4	5	0
0	0	8	7	4	7	5	7
8	8	0	0	10	3	0	3
9	7	0	0	4	6	0	10
10	4	10	4	0	8	0	7
4	7	3	6	8	0	4	8
5	5	0	0	0	4	0	3
0	7	3	10	7	8	3	0

0	0	100	99	99	96	96	0
0	0	99	95	96	96	98	99
100	99	0	0	97	96	0	95
99	95	0	0	98	96	0	100
99	96	97	98	0	100	0	98
96	96	96	96	100	0	99	97
96	98	0	0	0	99	0	95
0	99	95	100	98	97	95	0

0	0	1	33	16	30	33	0
0	0	34	17	1	7	26	0
1	34	0	0	3	45	0	32
33	17	0	0	25	1	0	4
16	1	3	25	0	4	0	25
30	7	45	1	4	0	4	22
33	26	0	0	0	4	0	0
0	0	32	4	25	22	0	0

14	50
11	44
35	35
37	36
19	43
45	18
42	35
20	46
