0	0	0	1	1	0	1	1	0
0	0	1	1	1	0	1	0	1
0	1	0	1	1	0	1	0	1
1	1	1	0	1	1	1	1	1
1	1	1	1	0	1	1	1	0
0	0	0	1	1	0	1	1	1
1	1	1	1	1	1	0	0	0
1	0	0	1	1	1	0	0	0
0	1	1	1	0	1	0	0	0

0	0	0	19	10	0	55	24	0
0	0	42	19	35	0	45	0	54
0	42	0	5	53	0	10	0	7
19	19	5	0	10	20	42	34	37
10	35	53	10	0	8	14	54	0
0	0	0	20	8	0	11	41	11
55	45	10	42	14	11	0	0	0
24	0	0	34	54	41	0	0	0
0	54	7	37	0	11	0	0	0

0	0	0	3	4	0	8	4	0
0	0	6	8	8	0	5	0	4
0	6	0	7	6	0	3	0	10
3	8	7	0	5	4	8	4	10
4	8	6	5	0	5	4	10	0
0	0	0	4	5	0	4	7	5
8	5	3	8	4	4	0	0	0
4	0	0	4	10	7	0	0	0
0	4	10	10	0	5	0	0	0

0	0	0	100	100	0	95	96	0
0	0	97	96	96	0	95	0	100
0	97	0	99	99	0	97	0	96
100	96	99	0	99	98	96	98	99
100	96	99	99	0	96	98	98	0
0	0	0	98	96	0	100	97	100
95	95	97	96	98	100	0	0	0
96	0	0	98	98	97	0	0	0
0	100	96	99	0	100	0	0	0

0	0	0	4	35	0	0	24	0
0	0	11	21	2	0	6	0	1
0	11	0	23	1	0	35	0	0
4	21	23	0	24	21	6	16	8
35	2	1	24	0	22	9	0	0
0	0	0	21	22	0	28	5	28
0	6	35	6	9	28	0	0	0
24	0	0	16	0	5	0	0	0
0	1	0	8	0	28	0	0	0

38	19
10	21
32	48
21	50
40	15
31	36
30	36
21	38
46	23
