0	1	1	1	0	1	1	1
1	0	1	1	0	0	1	0
1	1	0	0	1	1	1	1
1	1	0	0	1	1	1	1
0	0	1	1	0	1	1	0
1	0	1	1	1	0	1	1
1	1	1	1	1	1	0	1
1	0	1	1	0	1	1	0

0	18	14	41	0	31	33	53
18	0	34	32	0	0	36	0
14	34	0	0	50	29	6	31
41	32	0	0	20	9	7	38
0	0	50	20	0	16	54	0
31	0	29	9	16	0	28	25
33	36	6	7	54	28	0	10
53	0	31	38	0	25	10	0

0	7	10	8	0	7	7	9
7	0	8	7	0	0	8	0
10	8	0	0	4	9	10	8
8	7	0	0	3	4	4	5
0	0	4	3	0	6	8	0
7	0	9	4	6	0	7	10
7	8	10	4	8	7	0	9
9	0	8	5	0	10	9	0

0	99	98	95	0	95	95	96
99	0	98	100	0	0	98	0
98	98	0	0	100	100	96	98
95	100	0	0	97	100	97	99
0	0	100	97	0	96	96	0
95	0	100	100	96	0	97	99
95	98	96	97	96	97	0	95
96	0	98	99	0	99	95	0

0	0	13	5	0	15	18	2
0	0	7	15	0	0	12	0
13	7	0	0	4	10	44	2
5	15	0	0	24	22	23	17
0	0	4	24	0	17	1	0
15	0	10	22	17	0	11	7
18	12	44	23	1	11	0	26
2	0	2	17	0	7	26	0

48	38
21	23
28	33
33	17
39	31
27	32
14	26
28	22
