0	0	1	1	1	1	1	0
0	0	1	0	1	1	0	0
1	1	0	0	1	1	1	1
1	0	0	0	0	1	0	0
1	1	1	0	0	0	1	1
1	1	1	1	0	0	1	1
1	0	1	0	1	1	0	1
0	0	1	0	1	1	1	0

0	0	55	9	31	41	16	0
0	0	12	0	23	43	0	0
55	12	0	0	22	36	11	22
9	0	0	0	0	52	0	0
31	23	22	0	0	0	16	21
41	43	36	52	0	0	17	8
16	0	11	0	16	17	0	11
0	0	22	0	21	8	11	0

0	0	4	7	4	4	4	0
0	0	7	0	10	4	0	0
4	7	0	0	5	3	6	9
7	0	0	0	0	9	0	0
4	10	5	0	0	0	3	5
4	4	3	9	0	0	7	10
4	0	6	0	3	7	0	9
0	0	9	0	5	10	9	0

0	0	95	98	95	96	96	0
0	0	99	0	99	96	0	0
95	99	0	0	95	95	95	98
98	0	0	0	0	100	0	0
95	99	95	0	0	0	96	97
96	96	95	100	0	0	95	99
96	0	95	0	96	95	0	95
0	0	98	0	97	99	95	0

0	0	0	24	18	8	38	0
0	0	40	0	9	4	0	0
0	40	0	0	2	0	24	6
24	0	0	0	0	3	0	0
18	9	2	0	0	0	32	1
8	4	0	3	0	0	4	15
38	0	24	0	32	4	0	32
0	0	6	0	1	15	32	0

25	36
20	32
10	30
50	25
27	10
48	34
42	44
16	35
