0	1	1	1	1	1	1	1	1	1
1	0	1	1	0	1	0	1	1	1
1	1	0	1	0	1	1	1	1	1
1	1	1	0	1	1	1	1	1	0
1	0	0	1	0	1	1	0	0	1
1	1	1	1	1	0	0	1	0	1
1	0	1	1	1	0	0	1	0	1
1	1	1	1	0	1	1	0	1	1
1	1	1	1	0	0	0	1	0	0
1	1	1	0	1	1	1	1	0	0

0	19	55	27	45	44	11	48	35	50
19	0	28	10	0	46	0	15	51	30
55	28	0	49	0	50	8	32	45	15
27	10	49	0	15	10	9	14	29	0
45	0	0	15	0	13	39	0	0	22
44	46	50	10	13	0	0	25	0	14
11	0	8	9	39	0	0	18	0	43
48	15	32	14	0	25	18	0	32	46
35	51	45	29	0	0	0	32	0	0
50	30	15	0	22	14	43	46	0	0

0	7	9	5	8	10	10	8	9	10
7	0	8	6	0	5	0	7	3	5
9	8	0	7	0	4	8	6	9	5
5	6	7	0	8	5	5	10	8	0
8	0	0	8	0	3	4	0	0	10
10	5	4	5	3	0	0	6	0	5
10	0	8	5	4	0	0	4	0	9
8	7	6	10	0	6	4	0	3	5
9	3	9	8	0	0	0	3	0	0
10	5	5	0	10	5	9	5	0	0

0	100	95	98	95	96	95	98	98	100
100	0	96	97	0	99	0	99	100	98
95	96	0	95	0	99	98	99	95	99
98	97	95	0	97	96	100	98	95	0
95	0	0	97	0	98	99	0	0	100
96	99	99	96	98	0	0	96	0	99
95	0	98	100	99	0	0	97	0	95
98	99	99	98	0	96	97	0	98	100
98	100	95	95	0	0	0	98	0	0
100	98	99	0	100	99	95	100	0	0

0	5	0	9	10	3	27	4	15	2
5	0	2	2	0	4	0	14	0	8
0	2	0	5	0	5	25	6	6	2
9	2	5	0	34	8	44	38	16	0
10	0	0	34	0	7	6	0	0	8
3	4	5	8	7	0	0	4	0	41
27	0	25	44	6	0	0	30	0	2
4	14	6	38	0	4	30	0	19	1
15	0	6	16	0	0	0	19	0	0
2	8	2	0	8	41	2	1	0	0

19	23
13	15
40	26
34	49
41	46
38	11
15	21
10	29
32	41
39	36
