0	0	0	1	1	1	0	1
0	0	0	0	1	0	1	1
0	0	0	1	1	1	1	1
1	0	1	0	1	1	1	1
1	1	1	1	0	1	1	1
1	0	1	1	1	0	0	1
0	1	1	1	1	0	0	0
1	1	1	1	1	1	0	0

0	0	0	18	43	52	0	8
0	0	0	0	6	0	10	29
0	0	0	10	21	16	45	43
18	0	10	0	51	52	43	51
43	6	21	51	0	39	50	16
52	0	16	52	39	0	0	33
0	10	45	43	50	0	0	0
8	29	43	51	16	33	0	0

0	0	0	7	4	3	0	7
0	0	0	0	7	0	5	3
0	0	0	8	4	10	5	7
7	0	8	0	7	3	6	3
4	7	4	7	0	7	4	7
3	0	10	3	7	0	0	10
0	5	5	6	4	0	0	0
7	3	7	3	7	10	0	0

0	0	0	98	95	96	0	98
0	0	0	0	99	0	96	96
0	0	0	96	96	100	98	100
98	0	96	0	95	98	99	96
95	99	96	95	0	99	100	98
96	0	100	98	99	0	0	98
0	96	98	99	100	0	0	0
98	96	100	96	98	98	0	0

0	0	0	3	9	2	0	31
0	0	0	0	8	0	21	23
0	0	0	33	1	32	3	11
3	0	33	0	2	2	2	2
9	8	1	2	0	7	5	11
2	0	32	2	7	0	0	6
0	21	3	2	5	0	0	0
31	23	11	2	11	6	0	0

26	47
14	40
49	29
10	15
39	35
11	43
44	45
42	44
