0	1	0	1	1	1	1	1	1
1	0	0	1	1	0	0	1	1
0	0	0	0	1	0	1	0	1
1	1	0	0	1	1	0	1	1
1	1	1	1	0	1	0	0	0
1	0	0	1	1	0	0	1	1
1	0	1	0	0	0	0	1	1
1	1	0	1	0	1	1	0	0
1	1	1	1	0	1	1	0	0

0	28	0	38	7	54	22	28	36
28	0	0	23	55	0	0	37	8
0	0	0	0	39	0	22	0	50
38	23	0	0	21	17	0	11	10
7	55	39	21	0	5	0	0	0
54	0	0	17	5	0	0	14	34
22	0	22	0	0	0	0	54	34
28	37	0	11	0	14	54	0	0
36	8	50	10	0	34	34	0	0

0	6	0	9	7	7	10	3	4
6	0	0	9	8	0	0	8	10
0	0	0	0	3	0	9	0	5
9	9	0	0	8	4	0	4	9
7	8	3	8	0	3	0	0	0
7	0	0	4	3	0	0	7	10
10	0	9	0	0	0	0	10	9
3	8	0	4	0	7	10	0	0
4	10	5	9	0	10	9	0	0

0	95	0	100	100	97	97	95	96
95	0	0	98	96	0	0	95	99
0	0	0	0	95	0	100	0	99
100	98	0	0	98	98	0	95	96
100	96	95	98	0	99	0	0	0
97	0	0	98	99	0	0	100	99
97	0	100	0	0	0	0	100	95
95	95	0	95	0	100	100	0	0
96	99	99	96	0	99	95	0	0

0	13	0	9	16	0	18	8	13
13	0	0	2	0	0	0	7	11
0	0	0	0	2	0	23	0	2
9	2	0	0	2	15	0	43	33
16	0	2	2	0	0	0	0	0
0	0	0	15	0	0	0	30	15
18	0	23	0	0	0	0	0	15
8	7	0	43	0	30	0	0	0
13	11	2	33	0	15	15	0	0

46	37
39	15
39	14
32	31
25	21
14	17
33	20
43	38
36	21
