0	0	0	0	1	1	1	0	1
0	0	1	1	1	1	1	1	1
0	1	0	0	1	1	1	1	1
0	1	0	0	1	0	1	0	1
1	1	1	1	0	0	1	0	1
1	1	1	0	0	0	1	1	0
1	1	1	1	1	1	0	1	1
0	1	1	0	0	1	1	0	1
1	1	1	1	1	0	1	1	0

0	0	0	0	27	13	6	0	6
0	0	49	50	38	12	10	30	46
0	49	0	0	24	50	36	43	50
0	50	0	0	21	0	52	0	39
27	38	24	21	0	0	41	0	51
13	12	50	0	0	0	45	33	0
6	10	36	52	41	45	0	50	25
0	30	43	0	0	33	50	0	40
6	46	50	39	51	0	25	40	0

0	0	0	0	3	10	4	0	8
0	0	7	7	9	8	6	5	5
0	7	0	0	10	5	7	3	4
0	7	0	0	5	0	4	0	8
3	9	10	5	0	0	10	0	4
10	8	5	0	0	0	8	3	0
4	6	7	4	10	8	0	5	8
0	5	3	0	0	3	5	0	10
8	5	4	8	4	0	8	10	0

0	0	0	0	97	99	98	0	95
0	0	97	99	95	100	96	95	96
0	97	0	0	99	98	96	100	96
0	99	0	0	100	0	96	0	98
97	95	99	100	0	0	99	0	95
99	100	98	0	0	0	99	99	0
98	96	96	96	99	99	0	99	99
0	95	100	0	0	99	99	0	100
95	96	96	98	95	0	99	100	0

0	0	0	0	14	28	42	0	47
0	0	4	5	16	28	5	21	7
0	4	0	0	21	2	9	6	5
0	5	0	0	23	0	1	0	2
14	16	21	23	0	0	14	0	3
28	28	2	0	0	0	4	20	0
42	5	9	1	14	4	0	3	13
0	21	6	0	0	20	3	0	12
47	7	5	2	3	0	13	12	0

40	29
11	37
31	31
45	29
43	38
20	32
19	13
40	50
21	44
