0	1	0	1	1	1	1	1
1	0	0	0	1	1	1	1
0	0	0	1	1	1	1	1
1	0	1	0	1	1	0	1
1	1	1	1	0	1	1	0
1	1	1	1	1	0	0	1
1	1	1	0	1	0	0	1
1	1	1	1	0	1	1	0

0	10	0	48	40	40	48	29
10	0	0	0	11	28	8	32
0	0	0	37	11	48	36	8
48	0	37	0	31	12	0	53
40	11	11	31	0	17	28	0
40	28	48	12	17	0	0	5
48	8	36	0	28	0	0	13
29	32	8	53	0	5	13	0

0	9	0	5	6	9	7	6
9	0	0	0	6	7	4	7
0	0	0	4	3	7	9	10
5	0	4	0	7	3	0	5
6	6	3	7	0	6	7	0
9	7	7	3	6	0	0	4
7	4	9	0	7	0	0	5
6	7	10	5	0	4	5	0

0	99	0	100	99	99	96	98
99	0	0	0	95	95	98	96
0	0	0	98	98	100	98	95
100	0	98	0	97	100	0	98
99	95	98	97	0	100	95	0
99	95	100	100	100	0	0	95
96	98	98	0	95	0	0	95
98	96	95	98	0	95	95	0

0	23	0	2	4	11	5	26
23	0	0	0	37	22	16	19
0	0	0	6	14	2	7	47
2	0	6	0	15	43	0	0
4	37	14	15	0	12	20	0
11	22	2	43	12	0	0	1
5	16	7	0	20	0	0	42
26	19	47	0	0	1	42	0

14	26
28	41
16	19
14	18
29	46
46	38
29	22
18	49
