0	1	0	1	1	1	1	1	1
1	0	1	1	1	0	1	1	0
0	1	0	1	0	1	0	1	1
1	1	1	0	1	1	1	0	1
1	1	0	1	0	1	1	1	0
1	0	1	1	1	0	1	1	1
1	1	0	1	1	1	0	1	1
1	1	1	0	1	1	1	0	1
1	0	1	1	0	1	1	1	0

0	16	0	17	13	50	44	46	47
16	0	33	49	14	0	16	32	0
0	33	0	27	0	36	0	36	45
17	49	27	0	15	41	44	0	37
13	14	0	15	0	9	41	22	0
50	0	36	41	9	0	37	24	9
44	16	0	44	41	37	0	51	34
46	32	36	0	22	24	51	0	23
47	0	45	37	0	9	34	23	0

0	5	0	10	9	8	5	8	9
5	0	6	8	7	0	8	9	0
0	6	0	5	0	4	0	9	8
10	8	5	0	8	4	7	0	8
9	7	0	8	0	3	7	8	0
8	0	4	4	3	0	6	10	4
5	8	0	7	7	6	0	6	9
8	9	9	0	8	10	6	0	3
9	0	8	8	0	4	9	3	0

0	96	0	100	95	96	100	96	97
96	0	97	100	100	0	97	100	0
0	97	0	99	0	97	0	98	100
100	100	99	0	97	95	100	0	98
95	100	0	97	0	100	98	95	0
96	0	97	95	100	0	99	96	100
100	97	0	100	98	99	0	97	95
96	100	98	0	95	96	97	0	99
97	0	100	98	0	100	95	99	0

0	13	0	3	7	4	7	6	1
13	0	17	5	41	0	24	20	0
0	17	0	0	0	4	0	5	5
3	5	0	0	24	7	6	0	2
7	41	0	24	0	25	3	31	0
4	0	4	7	25	0	15	29	4
7	24	0	6	3	15	0	4	17
6	20	5	0	31	29	4	0	31
1	0	5	2	0	4	17	31	0

24	11
42	23
26	48
44	20
50	31
20	38
37	48
31	44
25	11
