0	0	1	0	0	1	1	1	1
0	0	1	0	1	1	1	1	1
1	1	0	1	0	0	1	1	1
0	0	1	0	1	1	0	1	0
0	1	0	1	0	1	1	1	1
1	1	0	1	1	0	0	1	1
1	1	1	0	1	0	0	1	0
1	1	1	1	1	1	1	0	1
1	1	1	0	1	1	0	1	0

0	0	40	0	0	53	32	46	14
0	0	42	0	53	11	7	30	22
40	42	0	55	0	0	21	47	13
0	0	55	0	53	25	0	34	0
0	53	0	53	0	15	33	6	38
53	11	0	25	15	0	0	10	39
32	7	21	0	33	0	0	20	0
46	30	47	34	6	10	20	0	43
14	22	13	0	38	39	0	43	0

0	0	7	0	0	10	5	4	8
0	0	10	0	10	10	9	3	4
7	10	0	6	0	0	3	9	6
0	0	6	0	8	8	0	7	0
0	10	0	8	0	10	10	5	9
10	10	0	8	10	0	0	5	5
5	9	3	0	10	0	0	9	0
4	3	9	7	5	5	9	0	10
8	4	6	0	9	5	0	10	0

0	0	96	0	0	100	100	96	98
0	0	99	0	95	95	95	97	96
96	99	0	99	0	0	95	98	99
0	0	99	0	96	99	0	99	0
0	95	0	96	0	100	97	97	97
100	95	0	99	100	0	0	97	98
100	95	95	0	97	0	0	97	0
96	97	98	99	97	97	97	0	96
98	96	99	0	97	98	0	96	0

0	0	13	0	0	2	0	5	16
0	0	8	0	0	30	0	23	30
13	8	0	0	0	0	8	2	4
0	0	0	0	1	2	0	4	0
0	0	0	1	0	2	22	36	7
2	30	0	2	2	0	0	5	4
0	0	8	0	22	0	0	31	0
5	23	2	4	36	5	31	0	10
16	30	4	0	7	4	0	10	0

19	24
20	35
36	19
39	44
26	14
44	20
31	43
42	20
14	32
