0	0	0	1	1	0	0	1	0
0	0	1	1	1	1	1	1	0
0	1	0	0	1	1	1	0	0
1	1	0	0	0	1	1	1	1
1	1	1	0	0	1	1	1	1
0	1	1	1	1	0	1	1	1
0	1	1	1	1	1	0	0	0
1	1	0	1	1	1	0	0	1
0	0	0	1	1	1	0	1	0

0	0	0	48	46	0	0	55	0
0	0	15	51	40	36	39	39	0
0	15	0	0	32	38	29	0	0
48	51	0	0	0	6	46	19	31
46	40	32	0	0	7	25	36	28
0	36	38	6	7	0	12	49	6
0	39	29	46	25	12	0	0	0
55	39	0	19	36	49	0	0	33
0	0	0	31	28	6	0	33	0

0	0	0	3	9	0	0	3	0
0	0	8	6	6	7	9	9	0
0	8	0	0	8	3	10	0	0
3	6	0	0	0	9	10	6	3
9	6	8	0	0	5	7	6	3
0	7	3	9	5	0	8	9	7
0	9	10	10	7	8	0	0	0
3	9	0	6	6	9	0	0	5
0	0	0	3	3	7	0	5	0

0	0	0	99	95	0	0	96	0
0	0	97	100	98	98	99	99	0
0	97	0	0	95	96	100	0	0
99	100	0	0	0	98	100	100	97
95	98	95	0	0	95	97	95	95
0	98	96	98	95	0	96	98	99
0	99	100	100	97	96	0	0	0
96	99	0	100	95	98	0	0	100
0	0	0	97	95	99	0	100	0

0	0	0	2	6	0	0	0	0
0	0	21	2	1	7	12	14	0
0	21	0	0	15	15	23	0	0
2	2	0	0	0	24	9	30	10
6	1	15	0	0	19	19	17	4
0	7	15	24	19	0	38	6	34
0	12	23	9	19	38	0	0	0
0	14	0	30	17	6	0	0	6
0	0	0	10	4	34	0	6	0

26	45
16	17
30	26
49	30
36	48
34	14
14	34
11	36
49	16
