0	0	1	1	1	0	1
0	0	1	0	1	1	0
1	1	0	0	1	0	1
1	0	0	0	1	1	1
1	1	1	1	0	1	1
0	1	0	1	1	0	0
1	0	1	1	1	0	0

0	0	28	39	30	0	31
0	0	18	0	54	42	0
28	18	0	0	17	0	18
39	0	0	0	23	5	15
30	54	17	23	0	47	40
0	42	0	5	47	0	0
31	0	18	15	40	0	0

0	0	5	6	3	0	4
0	0	5	0	4	9	0
5	5	0	0	4	0	5
6	0	0	0	6	9	4
3	4	4	6	0	4	8
0	9	0	9	4	0	0
4	0	5	4	8	0	0

0	0	98	99	96	0	95
0	0	96	0	98	96	0
98	96	0	0	98	0	97
99	0	0	0	97	97	96
96	98	98	97	0	96	98
0	96	0	97	96	0	0
95	0	97	96	98	0	0

0	0	10	4	18	0	8
0	0	8	0	1	9	0
10	8	0	0	3	0	34
4	0	0	0	10	48	3
18	1	3	10	0	2	13
0	9	0	48	2	0	0
8	0	34	3	13	0	0

42	33
19	38
47	45
37	29
40	22
31	49
17	43
