0	1	1	1	1	1	1	1	1	1
1	0	1	1	0	1	0	1	1	1
1	1	0	1	0	1	1	1	1	1
1	1	1	0	1	1	1	1	1	0
1	0	0	1	0	1	1	0	0	1
1	1	1	1	1	0	0	1	0	1
1	0	1	1	1	0	0	1	0	1
1	1	1	1	0	1	1	0	1	1
1	1	1	1	0	0	0	1	0	0
1	1	1	0	1	1	1	1	0	0

0	8	34	17	52	49	52	39	44	25
8	0	19	29	0	53	0	35	38	42
34	19	0	13	0	31	14	55	13	31
17	29	13	0	37	44	42	54	33	0
52	0	0	37	0	33	28	0	0	20
49	53	31	44	33	0	0	20	0	42
52	0	14	42	28	0	0	27	0	34
39	35	55	54	0	20	27	0	16	14
44	38	13	33	0	0	0	16	0	0
25	42	31	0	20	42	34	14	0	0

0	5	6	8	6	7	7	6	8	4
5	0	4	10	0	5	0	4	8	6
6	4	0	7	0	6	8	6	8	6
8	10	7	0	10	5	9	7	9	0
6	0	0	10	0	6	9	0	0	9
7	5	6	5	6	0	0	8	0	3
7	0	8	9	9	0	0	10	0	3
6	4	6	7	0	8	10	0	7	3
8	8	8	9	0	0	0	7	0	0
4	6	6	0	9	3	3	3	0	0

0	97	96	99	98	96	96	97	96	97
97	0	97	97	0	95	0	99	98	95
96	97	0	96	0	98	100	98	97	97
99	97	96	0	99	97	100	97	96	0
98	0	0	99	0	98	100	0	0	95
96	95	98	97	98	0	0	96	0	100
96	0	100	100	100	0	0	97	0	97
97	99	98	97	0	96	97	0	99	98
96	98	97	96	0	0	0	99	0	0
97	95	97	0	95	100	97	98	0	0

0	12	5	12	0	3	3	3	11	1
12	0	29	4	0	1	0	20	6	9
5	29	0	26	0	13	4	0	2	21
12	4	26	0	3	10	13	1	14	0
0	0	0	3	0	11	3	0	0	31
3	1	13	10	11	0	0	30	0	0
3	0	4	13	3	0	0	15	0	11
3	20	0	1	0	30	15	0	1	40
11	6	2	14	0	0	0	1	0	0
1	9	21	0	31	0	11	40	0	0

21	19
24	21
36	26
46	38
45	39
13	14
11	16
25	22
40	43
50	39
