0	1	1	0	1	1	1	0
1	0	1	1	1	0	1	0
1	1	0	1	0	0	0	1
0	1	1	0	1	0	1	1
1	1	0	1	0	1	1	1
1	0	0	0	1	0	1	1
1	1	0	1	1	1	0	1
0	0	1	1	1	1	1	0

0	16	10	0	36	20	41	0
16	0	28	31	26	0	32	0
10	28	0	44	0	0	0	34
0	31	44	0	18	0	38	13
36	26	0	18	0	23	15	51
20	0	0	0	23	0	8	39
41	32	0	38	15	8	0	49
0	0	34	13	51	39	49	0

0	5	10	0	6	4	3	0
5	0	6	3	10	0	8	0
10	6	0	10	0	0	0	7
0	3	10	0	5	0	6	6
6	10	0	5	0	6	4	6
4	0	0	0	6	0	8	3
3	8	0	6	4	8	0	3
0	0	7	6	6	3	3	0

0	96	99	0	96	98	100	0
96	0	98	100	98	0	95	0
99	98	0	95	0	0	0	95
0	100	95	0	97	0	95	97
96	98	0	97	0	95	100	96
98	0	0	0	95	0	99	97
100	95	0	95	100	99	0	96
0	0	95	97	96	97	96	0

0	29	10	0	19	10	0	0
29	0	16	20	6	0	10	0
10	16	0	7	0	0	0	18
0	20	7	0	8	0	11	8
19	6	0	8	0	26	38	3
10	0	0	0	26	0	43	16
0	10	0	11	38	43	0	0
0	0	18	8	3	16	0	0

43	18
42	12
14	49
29	10
14	45
33	10
33	11
43	17
