0	0	1	0	1	1	0	0
0	0	1	0	0	1	1	1
1	1	0	1	0	1	0	1
0	0	1	0	1	0	1	1
1	0	0	1	0	0	1	1
1	1	1	0	0	0	1	0
0	1	0	1	1	1	0	0
0	1	1	1	1	0	0	0

0	0	11	0	24	23	0	0
0	0	5	0	0	30	62	44
11	5	0	74	0	53	0	69
0	0	74	0	37	0	13	7
24	0	0	37	0	0	28	35
23	30	53	0	0	0	22	0
0	62	0	13	28	22	0	0
0	44	69	7	35	0	0	0

0	0	7	0	10	6	0	0
0	0	7	0	0	5	9	4
7	7	0	5	0	6	0	8
0	0	5	0	7	0	4	6
10	0	0	7	0	0	9	4
6	5	6	0	0	0	3	0
0	9	0	4	9	3	0	0
0	4	8	6	4	0	0	0

0	0	95	0	98	96	0	0
0	0	99	0	0	100	97	98
95	99	0	97	0	99	0	97
0	0	97	0	100	0	96	96
98	0	0	100	0	0	98	98
96	100	99	0	0	0	98	0
0	97	0	96	98	98	0	0
0	98	97	96	98	0	0	0

0	0	11	0	23	62	0	0
0	0	74	0	0	41	23	21
11	74	0	22	0	47	0	27
0	0	22	0	34	0	46	55
23	0	0	34	0	0	57	31
62	41	47	0	0	0	46	0
0	23	0	46	57	46	0	0
0	21	27	55	31	0	0	0

48	21
49	16
11	34
27	45
35	42
28	29
22	47
32	16
