0	0	0	1	0	0	0	1	0
0	0	1	1	1	1	1	1	0
0	1	0	1	0	1	1	0	1
1	1	1	0	0	0	1	0	0
0	1	0	0	0	1	0	1	1
0	1	1	0	1	0	1	0	1
0	1	1	1	0	1	0	1	1
1	1	0	0	1	0	1	0	1
0	0	1	0	1	1	1	1	0

0	0	0	66	0	0	0	66	0
0	0	50	23	7	28	33	6	0
0	50	0	60	0	60	53	0	22
66	23	60	0	0	0	10	0	0
0	7	0	0	0	72	0	53	46
0	28	60	0	72	0	33	0	48
0	33	53	10	0	33	0	11	74
66	6	0	0	53	0	11	0	62
0	0	22	0	46	48	74	62	0

0	0	0	9	0	0	0	9	0
0	0	7	9	10	9	8	9	0
0	7	0	9	0	10	8	0	6
9	9	9	0	0	0	3	0	0
0	10	0	0	0	10	0	9	3
0	9	10	0	10	0	9	0	5
0	8	8	3	0	9	0	9	4
9	9	0	0	9	0	9	0	5
0	0	6	0	3	5	4	5	0

0	0	0	100	0	0	0	100	0
0	0	99	100	100	97	99	98	0
0	99	0	99	0	98	99	0	97
100	100	99	0	0	0	99	0	0
0	100	0	0	0	96	0	96	97
0	97	98	0	96	0	99	0	100
0	99	99	99	0	99	0	98	95
100	98	0	0	96	0	98	0	100
0	0	97	0	97	100	95	100	0

0	0	0	9	0	0	0	30	0
0	0	49	52	49	6	20	85	0
0	49	0	10	0	30	33	0	67
9	52	10	0	0	0	90	0	0
0	49	0	0	0	10	0	41	36
0	6	30	0	10	0	25	0	10
0	20	33	90	0	25	0	4	16
30	85	0	0	41	0	4	0	26
0	0	67	0	36	10	16	26	0

34	19
36	48
27	50
37	50
38	33
49	18
20	25
28	46
10	41
