0	0	1	1	1	1	1	1	0	1
0	0	1	0	1	0	0	1	0	1
1	1	0	1	0	0	1	0	1	1
1	0	1	0	1	1	0	1	0	1
1	1	0	1	0	1	1	1	1	0
1	0	0	1	1	0	0	1	1	1
1	0	1	0	1	0	0	1	1	1
1	1	0	1	1	1	1	0	1	1
0	0	1	0	1	1	1	1	0	1
1	1	1	1	0	1	1	1	1	0

0	0	20	18	47	9	8	42	0	67
0	0	35	0	71	0	0	20	0	41
20	35	0	5	0	0	24	0	15	62
18	0	5	0	53	61	0	13	0	15
47	71	0	53	0	12	41	19	25	0
9	0	0	61	12	0	0	54	17	62
8	0	24	0	41	0	0	39	42	41
42	20	0	13	19	54	39	0	45	36
0	0	15	0	25	17	42	45	0	51
67	41	62	15	0	62	41	36	51	0

0	0	4	8	3	5	10	8	0	7
0	0	3	0	4	0	0	10	0	7
4	3	0	5	0	0	4	0	6	7
8	0	5	0	5	5	0	3	0	7
3	4	0	5	0	5	6	10	8	0
5	0	0	5	5	0	0	10	10	6
10	0	4	0	6	0	0	7	3	3
8	10	0	3	10	10	7	0	3	7
0	0	6	0	8	10	3	3	0	8
7	7	7	7	0	6	3	7	8	0

0	0	100	97	95	97	100	99	0	95
0	0	98	0	98	0	0	97	0	96
100	98	0	98	0	0	100	0	95	99
97	0	98	0	99	100	0	97	0	99
95	98	0	99	0	99	95	100	95	0
97	0	0	100	99	0	0	100	98	95
100	0	100	0	95	0	0	96	96	100
99	97	0	97	100	100	96	0	100	96
0	0	95	0	95	98	96	100	0	97
95	96	99	99	0	95	100	96	97	0

0	0	47	63	33	66	36	55	0	10
0	0	40	0	8	0	0	6	0	17
47	40	0	46	0	0	57	0	50	30
63	0	46	0	7	5	0	78	0	57
33	8	0	7	0	72	42	7	50	0
66	0	0	5	72	0	0	15	46	5
36	0	57	0	42	0	0	17	22	31
55	6	0	78	7	15	17	0	31	39
0	0	50	0	50	46	22	31	0	42
10	17	30	57	0	5	31	39	42	0

50	27
39	37
14	48
26	34
13	27
34	16
15	16
29	27
28	46
46	35
