0	0	1	1	1	0	1	0	0	1
0	0	0	1	1	0	1	1	1	1
1	0	0	1	0	1	1	0	1	1
1	1	1	0	0	1	1	1	1	0
1	1	0	0	0	1	0	1	1	0
0	0	1	1	1	0	1	1	1	1
1	1	1	1	0	1	0	1	1	0
0	1	0	1	1	1	1	0	1	1
0	1	1	1	1	1	1	1	0	1
1	1	1	0	0	1	0	1	1	0

0	0	35	32	35	0	71	0	0	60
0	0	0	28	22	0	33	52	16	66
35	0	0	45	0	19	23	0	42	40
32	28	45	0	0	45	46	5	48	0
35	22	0	0	0	65	0	32	60	0
0	0	19	45	65	0	71	40	69	71
71	33	23	46	0	71	0	6	56	0
0	52	0	5	32	40	6	0	42	72
0	16	42	48	60	69	56	42	0	41
60	66	40	0	0	71	0	72	41	0

0	0	5	6	7	0	10	0	0	7
0	0	0	8	6	0	9	9	3	6
5	0	0	6	0	10	3	0	6	8
6	8	6	0	0	5	4	10	8	0
7	6	0	0	0	8	0	6	5	0
0	0	10	5	8	0	7	6	6	3
10	9	3	4	0	7	0	3	8	0
0	9	0	10	6	6	3	0	6	4
0	3	6	8	5	6	8	6	0	5
7	6	8	0	0	3	0	4	5	0

0	0	100	97	95	0	99	0	0	100
0	0	0	96	95	0	96	98	100	99
100	0	0	98	0	100	99	0	100	95
97	96	98	0	0	96	95	96	100	0
95	95	0	0	0	95	0	100	98	0
0	0	100	96	95	0	98	100	98	96
99	96	99	95	0	98	0	98	98	0
0	98	0	96	100	100	98	0	100	98
0	100	100	100	98	98	98	100	0	96
100	99	95	0	0	96	0	98	96	0

0	0	17	59	11	0	16	0	0	5
0	0	0	15	77	0	62	37	0	16
17	0	0	44	0	69	25	0	0	3
59	15	44	0	0	16	12	89	36	0
11	77	0	0	0	20	0	50	7	0
0	0	69	16	20	0	7	44	26	20
16	62	25	12	0	7	0	8	21	0
0	37	0	89	50	44	8	0	24	11
0	0	0	36	7	26	21	24	0	12
5	16	3	0	0	20	0	11	12	0

14	36
41	36
13	10
31	37
48	46
37	10
41	40
47	29
46	15
17	17
