0	1	1	1	1	0	1	0
1	0	1	1	1	0	1	0
1	1	0	0	1	1	1	1
1	1	0	0	1	1	1	1
1	1	1	1	0	0	1	0
0	0	1	1	0	0	1	1
1	1	1	1	1	1	0	1
0	0	1	1	0	1	1	0

0	45	29	64	56	0	7	0
45	0	25	66	35	0	39	0
29	25	0	0	18	51	25	52
64	66	0	0	9	5	11	73
56	35	18	9	0	0	54	0
0	0	51	5	0	0	10	69
7	39	25	11	54	10	0	41
0	0	52	73	0	69	41	0

0	3	6	10	8	0	7	0
3	0	10	10	3	0	8	0
6	10	0	0	8	7	8	5
10	10	0	0	3	8	6	8
8	3	8	3	0	0	6	0
0	0	7	8	0	0	10	10
7	8	8	6	6	10	0	5
0	0	5	8	0	10	5	0

0	95	99	99	98	0	96	0
95	0	95	97	100	0	100	0
99	95	0	0	100	100	96	97
99	97	0	0	99	98	97	98
98	100	100	99	0	0	97	0
0	0	100	98	0	0	95	97
96	100	96	97	97	95	0	96
0	0	97	98	0	97	96	0

0	26	11	20	44	0	59	0
26	0	73	32	1	0	24	0
11	73	0	0	43	8	75	47
20	32	0	0	84	76	27	18
44	1	43	84	0	0	26	0
0	0	8	76	0	0	1	31
59	24	75	27	26	1	0	20
0	0	47	18	0	31	20	0

39	14
45	25
46	30
26	47
15	29
12	50
45	12
25	45
