0	1	0	1	0	1	1	1	1
1	0	1	1	1	1	1	1	1
0	1	0	1	1	0	1	0	1
1	1	1	0	1	0	1	1	1
0	1	1	1	0	1	1	1	0
1	1	0	0	1	0	1	1	1
1	1	1	1	1	1	0	1	1
1	1	0	1	1	1	1	0	1
1	1	1	1	0	1	1	1	0

0	52	0	49	0	50	70	53	57
52	0	64	29	12	71	54	71	11
0	64	0	19	21	0	9	0	19
49	29	19	0	43	0	70	68	42
0	12	21	43	0	73	12	48	0
50	71	0	0	73	0	27	8	13
70	54	9	70	12	27	0	11	33
53	71	0	68	48	8	11	0	67
57	11	19	42	0	13	33	67	0

0	9	0	3	0	8	4	3	6
9	0	5	9	9	6	5	10	8
0	5	0	10	4	0	9	0	8
3	9	10	0	3	0	10	10	3
0	9	4	3	0	9	10	5	0
8	6	0	0	9	0	8	8	4
4	5	9	10	10	8	0	7	4
3	10	0	10	5	8	7	0	8
6	8	8	3	0	4	4	8	0

0	99	0	97	0	99	97	98	98
99	0	96	99	98	95	96	97	99
0	96	0	97	99	0	100	0	98
97	99	97	0	95	0	99	99	100
0	98	99	95	0	97	98	98	0
99	95	0	0	97	0	99	99	99
97	96	100	99	98	99	0	98	95
98	97	0	99	98	99	98	0	97
98	99	98	100	0	99	95	97	0

0	23	0	40	0	13	9	37	11
23	0	18	44	55	10	28	11	9
0	18	0	1	67	0	31	0	33
40	44	1	0	3	0	15	29	19
0	55	67	3	0	24	34	39	0
13	10	0	0	24	0	68	44	63
9	28	31	15	34	68	0	40	3
37	11	0	29	39	44	40	0	25
11	9	33	19	0	63	3	25	0

50	39
41	16
49	20
46	23
37	19
40	37
33	20
38	39
26	47
