0	1	1	1	0	1	1
1	0	1	0	0	1	1
1	1	0	0	1	1	0
1	0	0	0	1	1	1
0	0	1	1	0	1	1
1	1	1	1	1	0	0
1	1	0	1	1	0	0

0	32	33	43	0	49	38
32	0	36	0	0	45	5
33	36	0	0	19	27	0
43	0	0	0	48	22	69
0	0	19	48	0	22	24
49	45	27	22	22	0	0
38	5	0	69	24	0	0

0	9	5	5	0	3	4
9	0	5	0	0	5	7
5	5	0	0	3	10	0
5	0	0	0	3	4	10
0	0	3	3	0	9	4
3	5	10	4	9	0	0
4	7	0	10	4	0	0

0	99	96	99	0	97	98
99	0	97	0	0	98	100
96	97	0	0	100	100	0
99	0	0	0	98	100	99
0	0	100	98	0	100	96
97	98	100	100	100	0	0
98	100	0	99	96	0	0

0	3	66	20	0	50	13
3	0	26	0	0	19	7
66	26	0	0	71	3	0
20	0	0	0	3	60	11
0	0	71	3	0	51	33
50	19	3	60	51	0	0
13	7	0	11	33	0	0

48	24
36	48
31	45
33	42
41	32
15	18
36	12
