0	1	1	1	1	1	1	1	1	1
1	0	1	1	1	1	0	1	1	1
1	1	0	1	0	1	0	1	0	1
1	1	1	0	1	1	1	1	1	0
1	1	0	1	0	1	1	0	0	0
1	1	1	1	1	0	0	1	1	1
1	0	0	1	1	0	0	0	1	0
1	1	1	1	0	1	0	0	1	0
1	1	0	1	0	1	1	1	0	1
1	1	1	0	0	1	0	0	1	0

0	42	53	9	19	67	44	10	17	6
42	0	70	64	68	34	0	47	29	19
53	70	0	61	0	68	0	61	0	8
9	64	61	0	40	7	53	54	42	0
19	68	0	40	0	53	7	0	0	0
67	34	68	7	53	0	0	25	10	60
44	0	0	53	7	0	0	0	10	0
10	47	61	54	0	25	0	0	32	0
17	29	0	42	0	10	10	32	0	48
6	19	8	0	0	60	0	0	48	0

0	9	9	10	6	8	4	3	3	9
9	0	9	8	3	3	0	8	9	7
9	9	0	8	0	9	0	6	0	9
10	8	8	0	10	6	10	4	7	0
6	3	0	10	0	8	4	0	0	0
8	3	9	6	8	0	0	10	5	8
4	0	0	10	4	0	0	0	3	0
3	8	6	4	0	10	0	0	9	0
3	9	0	7	0	5	3	9	0	6
9	7	9	0	0	8	0	0	6	0

0	95	97	99	98	95	95	97	96	99
95	0	95	100	100	99	0	97	96	98
97	95	0	98	0	100	0	97	0	97
99	100	98	0	100	98	100	98	97	0
98	100	0	100	0	96	95	0	0	0
95	99	100	98	96	0	0	98	96	99
95	0	0	100	95	0	0	0	97	0
97	97	97	98	0	98	0	0	95	0
96	96	0	97	0	96	97	95	0	99
99	98	97	0	0	99	0	0	99	0

0	45	30	42	81	15	5	4	63	48
45	0	1	17	14	20	0	43	20	70
30	1	0	8	0	15	0	36	0	53
42	17	8	0	16	18	11	20	31	0
81	14	0	16	0	17	22	0	0	0
15	20	15	18	17	0	0	17	67	6
5	0	0	11	22	0	0	0	82	0
4	43	36	20	0	17	0	0	36	0
63	20	0	31	0	67	82	36	0	6
48	70	53	0	0	6	0	0	6	0

26	43
45	29
15	47
32	47
46	27
47	10
28	11
12	44
35	44
43	30
