0	0	1	1	0	1	0	1
0	0	1	1	0	1	0	1
1	1	0	0	1	0	1	0
1	1	0	0	1	1	0	0
0	0	1	1	0	0	1	1
1	1	0	1	0	0	0	1
0	0	1	0	1	0	0	1
1	1	0	0	1	1	1	0

0	0	61	53	0	7	0	5
0	0	31	26	0	7	0	48
61	31	0	0	68	0	7	0
53	26	0	0	71	53	0	0
0	0	68	71	0	0	64	44
7	7	0	53	0	0	0	21
0	0	7	0	64	0	0	66
5	48	0	0	44	21	66	0

0	0	5	10	0	5	0	9
0	0	6	10	0	9	0	4
5	6	0	0	3	0	4	0
10	10	0	0	6	4	0	0
0	0	3	6	0	0	9	3
5	9	0	4	0	0	0	3
0	0	4	0	9	0	0	9
9	4	0	0	3	3	9	0

0	0	96	95	0	99	0	100
0	0	96	95	0	99	0	95
96	96	0	0	99	0	99	0
95	95	0	0	96	96	0	0
0	0	99	96	0	0	99	97
99	99	0	96	0	0	0	96
0	0	99	0	99	0	0	95
100	95	0	0	97	96	95	0

0	0	4	37	0	39	0	79
0	0	11	58	0	37	0	5
4	11	0	0	29	0	41	0
37	58	0	0	24	47	0	0
0	0	29	24	0	0	24	7
39	37	0	47	0	0	0	21
0	0	41	0	24	0	0	5
79	5	0	0	7	21	5	0

44	36
29	10
19	29
32	28
10	35
39	47
45	35
33	14
