0	1	0	0	0	1	1	1	1
1	0	0	1	1	1	1	1	0
0	0	0	1	0	1	1	1	1
0	1	1	0	1	1	1	1	1
0	1	0	1	0	0	1	0	1
1	1	1	1	0	0	0	1	1
1	1	1	1	1	0	0	1	1
1	1	1	1	0	1	1	0	1
1	0	1	1	1	1	1	1	0

0	63	0	0	0	62	69	22	64
63	0	0	61	34	34	11	5	0
0	0	0	61	0	52	70	27	68
0	61	61	0	53	69	53	40	7
0	34	0	53	0	0	74	0	52
62	34	52	69	0	0	0	41	21
69	11	70	53	74	0	0	29	66
22	5	27	40	0	41	29	0	68
64	0	68	7	52	21	66	68	0

0	10	0	0	0	7	4	8	3
10	0	0	4	8	5	6	8	0
0	0	0	3	0	7	7	10	3
0	4	3	0	9	6	7	5	9
0	8	0	9	0	0	4	0	10
7	5	7	6	0	0	0	9	4
4	6	7	7	4	0	0	10	9
8	8	10	5	0	9	10	0	6
3	0	3	9	10	4	9	6	0

0	98	0	0	0	96	98	97	97
98	0	0	97	95	96	96	99	0
0	0	0	95	0	95	98	99	100
0	97	95	0	99	99	96	98	95
0	95	0	99	0	0	100	0	100
96	96	95	99	0	0	0	99	95
98	96	98	96	100	0	0	95	98
97	99	99	98	0	99	95	0	99
97	0	100	95	100	95	98	99	0

0	32	0	0	0	35	3	56	5
32	0	0	28	49	26	60	72	0
0	0	0	15	0	30	6	10	12
0	28	15	0	47	30	44	46	36
0	49	0	47	0	0	4	0	20
35	26	30	30	0	0	0	1	72
3	60	6	44	4	0	0	62	13
56	72	10	46	0	1	62	0	26
5	0	12	36	20	72	13	26	0

21	45
49	42
24	35
19	36
41	22
35	30
42	21
25	44
27	25
