0	1	0	1	1	1	0	0
1	0	0	1	0	1	1	1
0	0	0	1	0	1	1	0
1	1	1	0	1	1	0	1
1	0	0	1	0	1	1	1
1	1	1	1	1	0	1	1
0	1	1	0	1	1	0	0
0	1	0	1	1	1	0	0

0	31	0	65	12	59	0	0
31	0	0	29	0	71	17	14
0	0	0	17	0	34	7	0
65	29	17	0	5	26	0	55
12	0	0	5	0	41	69	72
59	71	34	26	41	0	72	42
0	17	7	0	69	72	0	0
0	14	0	55	72	42	0	0

0	7	0	6	9	7	0	0
7	0	0	7	0	5	4	6
0	0	0	3	0	4	8	0
6	7	3	0	5	6	0	8
9	0	0	5	0	10	5	7
7	5	4	6	10	0	6	3
0	4	8	0	5	6	0	0
0	6	0	8	7	3	0	0

0	98	0	96	97	99	0	0
98	0	0	98	0	100	97	99
0	0	0	96	0	99	99	0
96	98	96	0	97	96	0	95
97	0	0	97	0	95	100	100
99	100	99	96	95	0	97	100
0	97	99	0	100	97	0	0
0	99	0	95	100	100	0	0

0	5	0	0	42	29	0	0
5	0	0	14	0	8	50	38
0	0	0	22	0	49	31	0
0	14	22	0	47	1	0	21
42	0	0	47	0	31	21	15
29	8	49	1	31	0	23	15
0	50	31	0	21	23	0	0
0	38	0	21	15	15	0	0

23	38
41	20
25	19
18	18
35	13
50	28
41	30
42	31
