0	1	0	0	1	0	1	1
1	0	1	0	1	0	0	1
0	1	0	0	1	1	1	1
0	0	0	0	1	1	0	1
1	1	1	1	0	1	1	0
0	0	1	1	1	0	0	0
1	0	1	0	1	0	0	0
1	1	1	1	0	0	0	0

0	21	0	0	51	0	62	72
21	0	20	0	17	0	0	13
0	20	0	0	18	57	22	26
0	0	0	0	41	69	0	5
51	17	18	41	0	71	65	0
0	0	57	69	71	0	0	0
62	0	22	0	65	0	0	0
72	13	26	5	0	0	0	0

0	10	0	0	6	0	10	8
10	0	3	0	9	0	0	6
0	3	0	0	6	5	4	5
0	0	0	0	3	4	0	7
6	9	6	3	0	4	8	0
0	0	5	4	4	0	0	0
10	0	4	0	8	0	0	0
8	6	5	7	0	0	0	0

0	95	0	0	99	0	98	96
95	0	97	0	97	0	0	98
0	97	0	0	96	100	96	99
0	0	0	0	96	95	0	95
99	97	96	96	0	96	96	0
0	0	100	95	96	0	0	0
98	0	96	0	96	0	0	0
96	98	99	95	0	0	0	0

0	42	0	0	13	0	12	1
42	0	39	0	51	0	0	60
0	39	0	0	72	41	27	38
0	0	0	0	4	11	0	44
13	51	72	4	0	14	18	0
0	0	41	11	14	0	0	0
12	0	27	0	18	0	0	0
1	60	38	44	0	0	0	0

15	28
29	33
23	22
25	45
17	22
25	22
13	11
12	14
