0	1	1	1	1	1	1	1	1	1
1	0	1	1	1	1	1	0	1	1
1	1	0	1	1	1	1	0	1	1
1	1	1	0	1	0	0	1	1	1
1	1	1	1	0	1	0	0	1	1
1	1	1	0	1	0	1	1	1	1
1	1	1	0	0	1	0	1	0	1
1	0	0	1	0	1	1	0	0	0
1	1	1	1	1	1	0	0	0	1
1	1	1	1	1	1	1	0	1	0

0	47	71	68	61	42	36	68	12	5
47	0	66	47	51	69	30	0	57	46
71	66	0	52	62	35	5	0	68	33
68	47	52	0	62	0	0	47	31	46
61	51	62	62	0	68	0	0	68	21
42	69	35	0	68	0	61	19	36	59
36	30	5	0	0	61	0	42	0	57
68	0	0	47	0	19	42	0	0	0
12	57	68	31	68	36	0	0	0	41
5	46	33	46	21	59	57	0	41	0

0	5	5	5	4	7	3	5	4	5
5	0	3	4	3	10	3	0	6	5
5	3	0	9	5	10	7	0	7	3
5	4	9	0	6	0	0	3	5	5
4	3	5	6	0	9	0	0	5	5
7	10	10	0	9	0	4	5	10	6
3	3	7	0	0	4	0	4	0	10
5	0	0	3	0	5	4	0	0	0
4	6	7	5	5	10	0	0	0	8
5	5	3	5	5	6	10	0	8	0

0	99	98	96	97	98	99	95	100	95
99	0	99	98	98	98	96	0	97	100
98	99	0	96	96	97	96	0	100	97
96	98	96	0	97	0	0	100	95	95
97	98	96	97	0	97	0	0	100	98
98	98	97	0	97	0	100	96	98	100
99	96	96	0	0	100	0	96	0	96
95	0	0	100	0	96	96	0	0	0
100	97	100	95	100	98	0	0	0	96
95	100	97	95	98	100	96	0	96	0

0	21	3	4	37	32	38	14	14	50
21	0	15	47	40	25	43	0	6	19
3	15	0	1	33	40	48	0	9	4
4	47	1	0	21	0	0	15	11	37
37	40	33	21	0	29	0	0	2	72
32	25	40	0	29	0	34	19	32	24
38	43	48	0	0	34	0	6	0	20
14	0	0	15	0	19	6	0	0	0
14	6	9	11	2	32	0	0	0	58
50	19	4	37	72	24	20	0	58	0

30	38
17	16
40	35
39	40
23	48
37	49
31	35
39	40
39	44
24	35
