0	1	1	1	1	1	1	1
1	0	1	1	1	1	1	0
1	1	0	0	0	1	1	1
1	1	0	0	1	1	1	1
1	1	0	1	0	1	1	1
1	1	1	1	1	0	1	1
1	1	1	1	1	1	0	0
1	0	1	1	1	1	0	0

0	51	15	27	28	53	5	11
51	0	19	15	62	33	6	0
15	19	0	0	0	71	66	5
27	15	0	0	44	33	70	53
28	62	0	44	0	24	41	53
53	33	71	33	24	0	70	48
5	6	66	70	41	70	0	0
11	0	5	53	53	48	0	0

0	9	8	7	4	10	4	9
9	0	6	8	10	5	8	0
8	6	0	0	0	4	6	10
7	8	0	0	4	10	8	5
4	10	0	4	0	6	10	10
10	5	4	10	6	0	10	4
4	8	6	8	10	10	0	0
9	0	10	5	10	4	0	0

0	99	97	96	100	99	100	95
99	0	95	100	96	95	99	0
97	95	0	0	0	96	96	95
96	100	0	0	95	100	96	97
100	96	0	95	0	97	98	98
99	95	96	100	97	0	96	100
100	99	96	96	98	96	0	0
95	0	95	97	98	100	0	0

0	22	20	63	18	10	29	25
22	0	9	11	1	11	21	0
20	9	0	0	0	11	15	46
63	11	0	0	44	67	29	10
18	1	0	44	0	18	27	16
10	11	11	67	18	0	29	7
29	21	15	29	27	29	0	0
25	0	46	10	16	7	0	0

14	26
31	30
14	35
23	10
39	46
20	25
35	35
50	22
