0	0	1	1	1	1	0
0	0	1	1	1	1	0
1	1	0	1	0	1	0
1	1	1	0	1	1	1
1	1	0	1	0	0	0
1	1	1	1	0	0	1
0	0	0	1	0	1	0

0	0	6	48	43	47	0
0	0	71	32	61	30	0
6	71	0	7	0	73	0
48	32	7	0	62	32	47
43	61	0	62	0	0	0
47	30	73	32	0	0	5
0	0	0	47	0	5	0

0	0	9	7	5	6	0
0	0	9	9	4	5	0
9	9	0	4	0	3	0
7	9	4	0	7	8	8
5	4	0	7	0	0	0
6	5	3	8	0	0	10
0	0	0	8	0	10	0

0	0	97	97	98	96	0
0	0	100	95	97	96	0
97	100	0	100	0	97	0
97	95	100	0	96	100	96
98	97	0	96	0	0	0
96	96	97	100	0	0	100
0	0	0	96	0	100	0

0	0	22	40	0	41	0
0	0	0	19	31	49	0
22	0	0	64	0	16	0
40	19	64	0	9	30	36
0	31	0	9	0	0	0
41	49	16	30	0	0	90
0	0	0	36	0	90	0

21	26
24	12
32	20
23	46
47	30
36	11
38	33
