0	1	0	1	1	1	1
1	0	0	0	0	0	0
0	0	0	1	0	0	1
1	0	1	0	1	1	1
1	0	0	1	0	0	1
1	0	0	1	0	0	1
1	0	1	1	1	1	0

0	11	0	62	53	60	57
11	0	0	0	0	0	0
0	0	0	42	0	0	23
62	0	42	0	14	65	49
53	0	0	14	0	0	8
60	0	0	65	0	0	53
57	0	23	49	8	53	0

0	10	0	5	7	6	4
10	0	0	0	0	0	0
0	0	0	6	0	0	9
5	0	6	0	8	10	9
7	0	0	8	0	0	10
6	0	0	10	0	0	6
4	0	9	9	10	6	0

0	99	0	95	95	98	98
99	0	0	0	0	0	0
0	0	0	98	0	0	97
95	0	98	0	96	95	100
95	0	0	96	0	0	99
98	0	0	95	0	0	99
98	0	97	100	99	99	0

0	7	0	17	37	6	32
7	0	0	0	0	0	0
0	0	0	14	0	0	64
17	0	14	0	14	17	31
37	0	0	14	0	0	34
6	0	0	17	0	0	33
32	0	64	31	34	33	0

44	20
19	41
11	46
30	22
37	37
46	27
15	10
