0	1	1	0	1	1	0	0	1
1	0	0	1	0	1	1	1	0
1	0	0	1	1	1	1	1	1
0	1	1	0	1	1	1	1	1
1	0	1	1	0	1	1	0	1
1	1	1	1	1	0	0	1	1
0	1	1	1	1	0	0	0	1
0	1	1	1	0	1	0	0	0
1	0	1	1	1	1	1	0	0

0	44	45	0	48	41	0	0	26
44	0	0	32	0	46	24	62	0
45	0	0	47	12	61	42	57	66
0	32	47	0	13	75	23	58	18
48	0	12	13	0	15	15	0	52
41	46	61	75	15	0	0	62	45
0	24	42	23	15	0	0	0	29
0	62	57	58	0	62	0	0	0
26	0	66	18	52	45	29	0	0

0	4	10	0	3	8	0	0	9
4	0	0	3	0	4	7	6	0
10	0	0	3	10	6	4	6	6
0	3	3	0	4	9	8	7	10
3	0	10	4	0	3	6	0	3
8	4	6	9	3	0	0	9	3
0	7	4	8	6	0	0	0	9
0	6	6	7	0	9	0	0	0
9	0	6	10	3	3	9	0	0

0	97	97	0	95	98	0	0	99
97	0	0	99	0	98	96	97	0
97	0	0	97	97	99	96	98	97
0	99	97	0	96	100	96	100	99
95	0	97	96	0	95	99	0	95
98	98	99	100	95	0	0	100	96
0	96	96	96	99	0	0	0	96
0	97	98	100	0	100	0	0	0
99	0	97	99	95	96	96	0	0

0	8	43	0	11	12	0	0	67
8	0	0	13	0	16	51	30	0
43	0	0	50	16	35	48	5	28
0	13	50	0	61	11	5	34	45
11	0	16	61	0	33	74	0	39
12	16	35	11	33	0	0	24	9
0	51	48	5	74	0	0	0	4
0	30	5	34	0	24	0	0	0
67	0	28	45	39	9	4	0	0

46	40
17	17
24	27
28	31
31	50
14	49
37	49
21	13
44	34
