0	1	1	1	1	0	0	1	1
1	0	1	1	0	0	0	1	0
1	1	0	1	1	0	1	1	1
1	1	1	0	1	1	0	1	1
1	0	1	1	0	0	0	0	0
0	0	0	1	0	0	0	0	0
0	0	1	0	0	0	0	1	0
1	1	1	1	0	0	1	0	0
1	0	1	1	0	0	0	0	0

0	28	71	54	43	0	0	21	63
28	0	16	68	0	0	0	68	0
71	16	0	7	52	0	16	75	13
54	68	7	0	8	7	0	24	28
43	0	52	8	0	0	0	0	0
0	0	0	7	0	0	0	0	0
0	0	16	0	0	0	0	64	0
21	68	75	24	0	0	64	0	0
63	0	13	28	0	0	0	0	0

0	5	10	3	4	0	0	10	3
5	0	5	4	0	0	0	3	0
10	5	0	3	7	0	4	8	10
3	4	3	0	4	10	0	3	9
4	0	7	4	0	0	0	0	0
0	0	0	10	0	0	0	0	0
0	0	4	0	0	0	0	5	0
10	3	8	3	0	0	5	0	0
3	0	10	9	0	0	0	0	0

0	95	100	100	100	0	0	98	100
95	0	98	97	0	0	0	100	0
100	98	0	99	95	0	96	98	99
100	97	99	0	97	96	0	96	100
100	0	95	97	0	0	0	0	0
0	0	0	96	0	0	0	0	0
0	0	96	0	0	0	0	96	0
98	100	98	96	0	0	96	0	0
100	0	99	100	0	0	0	0	0

0	51	15	30	40	0	0	49	18
51	0	71	5	0	0	0	19	0
15	71	0	56	0	0	53	25	26
30	5	56	0	68	14	0	52	37
40	0	0	68	0	0	0	0	0
0	0	0	14	0	0	0	0	0
0	0	53	0	0	0	0	28	0
49	19	25	52	0	0	28	0	0
18	0	26	37	0	0	0	0	0

49	50
12	32
31	17
26	25
11	39
22	15
27	16
19	16
32	29
