0	1	0	1	1	1	1	1
1	0	0	0	1	1	1	1
0	0	0	1	1	1	1	1
1	0	1	0	1	1	0	1
1	1	1	1	0	1	1	0
1	1	1	1	1	0	0	1
1	1	1	0	1	0	0	1
1	1	1	1	0	1	1	0

0	57	0	42	15	44	30	24
57	0	0	0	42	7	46	47
0	0	0	61	68	59	42	65
42	0	61	0	38	26	0	37
15	42	68	38	0	14	65	0
44	7	59	26	14	0	0	53
30	46	42	0	65	0	0	60
24	47	65	37	0	53	60	0

0	6	0	3	7	5	7	9
6	0	0	0	4	7	6	4
0	0	0	7	7	9	5	8
3	0	7	0	7	4	0	4
7	4	7	7	0	5	4	0
5	7	9	4	5	0	0	5
7	6	5	0	4	0	0	3
9	4	8	4	0	5	3	0

0	96	0	95	98	96	98	98
96	0	0	0	97	100	95	98
0	0	0	99	98	98	99	100
95	0	99	0	99	96	0	97
98	97	98	99	0	97	98	0
96	100	98	96	97	0	0	97
98	95	99	0	98	0	0	95
98	98	100	97	0	97	95	0

0	42	0	29	69	9	53	25
42	0	0	0	54	8	39	20
0	0	0	9	15	2	27	32
29	0	9	0	60	4	0	25
69	54	15	60	0	33	0	0
9	8	2	4	33	0	0	42
53	39	27	0	0	0	0	17
25	20	32	25	0	42	17	0

36	45
45	44
29	12
39	37
42	37
37	14
40	49
20	23
