0	1	0	1	1	1	1	1	1	1
1	0	1	1	1	0	1	1	1	0
0	1	0	1	0	1	1	1	1	1
1	1	1	0	1	1	0	1	1	1
1	1	0	1	0	1	1	1	1	1
1	0	1	1	1	0	1	1	1	1
1	1	1	0	1	1	0	1	1	1
1	1	1	1	1	1	1	0	1	1
1	1	1	1	1	1	1	1	0	0
1	0	1	1	1	1	1	1	0	0

0	54	0	32	71	16	48	68	25	70
54	0	13	36	75	0	53	8	36	0
0	13	0	19	0	10	73	59	66	32
32	36	19	0	32	55	0	17	43	53
71	75	0	32	0	33	65	68	48	19
16	0	10	55	33	0	32	67	49	19
48	53	73	0	65	32	0	69	17	47
68	8	59	17	68	67	69	0	33	35
25	36	66	43	48	49	17	33	0	0
70	0	32	53	19	19	47	35	0	0

0	9	0	8	3	8	4	8	5	10
9	0	10	8	3	0	6	4	9	0
0	10	0	9	0	3	4	8	4	9
8	8	9	0	10	6	0	4	5	8
3	3	0	10	0	10	8	7	4	9
8	0	3	6	10	0	4	6	4	7
4	6	4	0	8	4	0	3	4	8
8	4	8	4	7	6	3	0	4	6
5	9	4	5	4	4	4	4	0	0
10	0	9	8	9	7	8	6	0	0

0	95	0	100	99	98	95	96	96	98
95	0	98	99	100	0	100	99	96	0
0	98	0	99	0	98	98	97	95	99
100	99	99	0	98	96	0	100	95	96
99	100	0	98	0	96	100	99	99	96
98	0	98	96	96	0	99	98	96	98
95	100	98	0	100	99	0	100	98	99
96	99	97	100	99	98	100	0	99	95
96	96	95	95	99	96	98	99	0	0
98	0	99	96	96	98	99	95	0	0

0	12	0	50	3	82	34	1	13	0
12	0	45	0	7	0	20	78	50	0
0	45	0	10	0	82	6	9	2	41
50	0	10	0	32	40	0	60	9	7
3	7	0	32	0	61	8	10	33	18
82	0	82	40	61	0	57	2	49	0
34	20	6	0	8	57	0	12	24	20
1	78	9	60	10	2	12	0	22	54
13	50	2	9	33	49	24	22	0	0
0	0	41	7	18	0	20	54	0	0

48	37
19	31
45	39
34	16
35	10
12	14
46	42
49	31
50	29
17	18
