0	0	0	0	1	1	0	1
0	0	1	1	1	1	1	1
0	1	0	1	1	1	0	0
0	1	1	0	1	1	1	1
1	1	1	1	0	0	1	1
1	1	1	1	0	0	0	1
0	1	0	1	1	0	0	1
1	1	0	1	1	1	1	0

0	0	0	0	34	63	0	37
0	0	47	61	63	12	59	15
0	47	0	19	54	14	0	0
0	61	19	0	66	41	31	68
34	63	54	66	0	0	70	40
63	12	14	41	0	0	0	73
0	59	0	31	70	0	0	61
37	15	0	68	40	73	61	0

0	0	0	0	9	9	0	4
0	0	4	8	6	4	9	4
0	4	0	4	6	5	0	0
0	8	4	0	9	4	10	9
9	6	6	9	0	0	3	9
9	4	5	4	0	0	0	5
0	9	0	10	3	0	0	4
4	4	0	9	9	5	4	0

0	0	0	0	97	99	0	95
0	0	99	98	97	99	95	99
0	99	0	99	99	95	0	0
0	98	99	0	96	96	97	97
97	97	99	96	0	0	97	100
99	99	95	96	0	0	0	98
0	95	0	97	97	0	0	95
95	99	0	97	100	98	95	0

0	0	0	0	41	22	0	18
0	0	29	28	23	66	0	14
0	29	0	48	7	21	0	0
0	28	48	0	13	3	18	12
41	23	7	13	0	0	18	0
22	66	21	3	0	0	0	4
0	0	0	18	18	0	0	12
18	14	0	12	0	4	12	0

29	23
49	42
49	24
21	31
46	31
26	33
24	37
32	31
