0	1	1	1	0	1	0	1	1
1	0	1	1	1	0	1	1	1
1	1	0	0	1	1	1	1	1
1	1	0	0	1	1	1	1	1
0	1	1	1	0	1	1	0	1
1	0	1	1	1	0	0	1	0
0	1	1	1	1	0	0	1	1
1	1	1	1	0	1	1	0	0
1	1	1	1	1	0	1	0	0

0	51	51	51	0	75	0	49	7
51	0	28	69	47	0	31	11	62
51	28	0	0	34	64	67	55	32
51	69	0	0	43	18	13	21	16
0	47	34	43	0	7	13	0	10
75	0	64	18	7	0	0	74	0
0	31	67	13	13	0	0	43	32
49	11	55	21	0	74	43	0	0
7	62	32	16	10	0	32	0	0

0	5	7	9	0	4	0	3	5
5	0	3	10	4	0	10	8	8
7	3	0	0	8	9	8	7	5
9	10	0	0	7	7	4	10	10
0	4	8	7	0	8	5	0	8
4	0	9	7	8	0	0	6	0
0	10	8	4	5	0	0	5	6
3	8	7	10	0	6	5	0	0
5	8	5	10	8	0	6	0	0

0	97	95	100	0	97	0	95	98
97	0	96	97	95	0	100	99	96
95	96	0	0	95	95	95	96	100
100	97	0	0	100	98	97	96	95
0	95	95	100	0	97	95	0	99
97	0	95	98	97	0	0	100	0
0	100	95	97	95	0	0	96	95
95	99	96	96	0	100	96	0	0
98	96	100	95	99	0	95	0	0

0	19	8	7	0	9	0	13	14
19	0	71	31	22	0	2	76	15
8	71	0	0	35	3	12	25	34
7	31	0	0	33	1	73	70	19
0	22	35	33	0	92	74	0	88
9	0	3	1	92	0	0	24	0
0	2	12	73	74	0	0	5	2
13	76	25	70	0	24	5	0	0
14	15	34	19	88	0	2	0	0

43	22
25	30
26	46
35	14
22	25
11	21
48	30
46	43
45	45
