0	0	0	1	1	1	0	1
0	0	0	0	1	0	1	1
0	0	0	1	1	1	1	1
1	0	1	0	1	1	1	1
1	1	1	1	0	1	1	1
1	0	1	1	1	0	0	1
0	1	1	1	1	0	0	0
1	1	1	1	1	1	0	0

0	0	0	11	23	55	0	47
0	0	0	0	15	0	75	31
0	0	0	66	11	73	58	72
11	0	66	0	44	55	16	27
23	15	11	44	0	52	74	44
55	0	73	55	52	0	0	39
0	75	58	16	74	0	0	0
47	31	72	27	44	39	0	0

0	0	0	10	6	7	0	10
0	0	0	0	10	0	4	9
0	0	0	7	7	4	6	7
10	0	7	0	5	5	6	9
6	10	7	5	0	7	8	6
7	0	4	5	7	0	0	5
0	4	6	6	8	0	0	0
10	9	7	9	6	5	0	0

0	0	0	100	96	95	0	100
0	0	0	0	95	0	97	100
0	0	0	95	97	99	95	98
100	0	95	0	97	99	100	95
96	95	97	97	0	100	96	96
95	0	99	99	100	0	0	95
0	97	95	100	96	0	0	0
100	100	98	95	96	95	0	0

0	0	0	48	2	40	0	44
0	0	0	0	8	0	18	28
0	0	0	15	54	10	27	1
48	0	15	0	13	34	31	63
2	8	54	13	0	31	5	9
40	0	10	34	31	0	0	51
0	18	27	31	5	0	0	0
44	28	1	63	9	51	0	0

35	10
35	41
35	42
30	34
16	13
23	44
32	14
33	11
