0	1	1	1	1	1	0	1	1
1	0	1	1	1	1	1	1	1
1	1	0	1	0	0	1	1	1
1	1	1	0	1	1	1	0	1
1	1	0	1	0	0	1	1	0
1	1	0	1	0	0	1	1	0
0	1	1	1	1	1	0	0	1
1	1	1	0	1	1	0	0	1
1	1	1	1	0	0	1	1	0

0	13	6	14	5	11	0	14	15
13	0	5	6	15	7	10	8	13
6	5	0	14	0	0	7	14	10
14	6	14	0	13	12	14	0	8
5	15	0	13	0	0	6	13	0
11	7	0	12	0	0	14	6	0
0	10	7	14	6	14	0	0	11
14	8	14	0	13	6	0	0	13
15	13	10	8	0	0	11	13	0

0	1	5	2	3	1	0	5	3
1	0	2	2	1	5	3	4	3
5	2	0	1	0	0	4	2	1
2	2	1	0	4	2	3	0	3
3	1	0	4	0	0	5	2	0
1	5	0	2	0	0	5	5	0
0	3	4	3	5	5	0	0	3
5	4	2	0	2	5	0	0	1
3	3	1	3	0	0	3	1	0

0	97	95	96	95	99	0	99	99
97	0	99	96	98	99	95	96	99
95	99	0	97	0	0	97	98	95
96	96	97	0	99	98	97	0	96
95	98	0	99	0	0	96	97	0
99	99	0	98	0	0	100	95	0
0	95	97	97	96	100	0	0	95
99	96	98	0	97	95	0	0	98
99	99	95	96	0	0	95	98	0

0	21	13	27	11	30	0	32	17
21	0	49	11	23	3	7	43	0
13	49	0	13	0	0	39	41	7
27	11	13	0	7	28	22	0	35
11	23	0	7	0	0	45	0	0
30	3	0	28	0	0	16	49	0
0	7	39	22	45	16	0	0	4
32	43	41	0	0	49	0	0	18
17	0	7	35	0	0	4	18	0

32	34
28	37
13	23
36	26
11	21
25	32
21	26
25	41
16	41
