0	1	1	0	0	1	1
1	0	0	1	0	1	0
1	0	0	0	1	1	1
0	1	0	0	0	1	0
0	0	1	0	0	0	0
1	1	1	1	0	0	0
1	0	1	0	0	0	0

0	14	11	0	0	11	14
14	0	0	15	0	13	0
11	0	0	0	10	5	6
0	15	0	0	0	6	0
0	0	10	0	0	0	0
11	13	5	6	0	0	0
14	0	6	0	0	0	0

0	1	3	0	0	2	5
1	0	0	5	0	4	0
3	0	0	0	1	2	3
0	5	0	0	0	4	0
0	0	1	0	0	0	0
2	4	2	4	0	0	0
5	0	3	0	0	0	0

0	97	100	0	0	96	99
97	0	0	100	0	96	0
100	0	0	0	95	99	98
0	100	0	0	0	99	0
0	0	95	0	0	0	0
96	96	99	99	0	0	0
99	0	98	0	0	0	0

0	15	36	0	0	7	30
15	0	0	30	0	18	0
36	0	0	0	12	8	7
0	30	0	0	0	17	0
0	0	12	0	0	0	0
7	18	8	17	0	0	0
30	0	7	0	0	0	0

50	24
21	42
26	14
28	50
37	17
44	25
20	37
