0	1	0	0	1	1	1	0	1	1
1	0	1	1	0	1	1	1	0	1
0	1	0	1	1	1	1	1	1	1
0	1	1	0	1	1	0	0	1	0
1	0	1	1	0	1	0	0	0	1
1	1	1	1	1	0	1	1	1	1
1	1	1	0	0	1	0	0	1	1
0	1	1	0	0	1	0	0	1	1
1	0	1	1	0	1	1	1	0	0
1	1	1	0	1	1	1	1	0	0

0	12	0	0	11	7	13	0	15	8
12	0	9	9	0	7	13	15	0	9
0	9	0	8	8	6	7	6	9	7
0	9	8	0	15	5	0	0	5	0
11	0	8	15	0	5	0	0	0	10
7	7	6	5	5	0	11	8	9	15
13	13	7	0	0	11	0	0	7	13
0	15	6	0	0	8	0	0	6	15
15	0	9	5	0	9	7	6	0	0
8	9	7	0	10	15	13	15	0	0

0	3	0	0	2	2	2	0	4	3
3	0	3	1	0	4	5	2	0	4
0	3	0	4	1	5	5	4	1	1
0	1	4	0	2	5	0	0	4	0
2	0	1	2	0	3	0	0	0	2
2	4	5	5	3	0	4	1	2	2
2	5	5	0	0	4	0	0	4	1
0	2	4	0	0	1	0	0	4	1
4	0	1	4	0	2	4	4	0	0
3	4	1	0	2	2	1	1	0	0

0	99	0	0	100	98	95	0	98	95
99	0	97	97	0	98	97	98	0	98
0	97	0	98	95	98	95	96	96	96
0	97	98	0	99	95	0	0	97	0
100	0	95	99	0	96	0	0	0	97
98	98	98	95	96	0	96	96	99	97
95	97	95	0	0	96	0	0	98	97
0	98	96	0	0	96	0	0	100	98
98	0	96	97	0	99	98	100	0	0
95	98	96	0	97	97	97	98	0	0

0	10	0	0	2	1	25	0	11	0
10	0	1	26	0	39	2	25	0	19
0	1	0	17	23	26	40	10	38	3
0	26	17	0	38	12	0	0	39	0
2	0	23	38	0	43	0	0	0	6
1	39	26	12	43	0	7	30	41	14
25	2	40	0	0	7	0	0	22	33
0	25	10	0	0	30	0	0	28	34
11	0	38	39	0	41	22	28	0	0
0	19	3	0	6	14	33	34	0	0

21	14
32	12
50	22
39	13
23	35
20	21
23	41
26	11
31	35
10	26
