0	1	1	1	0	1	0
1	0	0	1	1	0	1
1	0	0	0	1	1	0
1	1	0	0	1	1	1
0	1	1	1	0	1	1
1	0	1	1	1	0	1
0	1	0	1	1	1	0

0	11	7	6	0	11	0
11	0	0	5	12	0	11
7	0	0	0	10	10	0
6	5	0	0	13	8	9
0	12	10	13	0	5	12
11	0	10	8	5	0	8
0	11	0	9	12	8	0

0	1	3	5	0	1	0
1	0	0	1	1	0	4
3	0	0	0	2	5	0
5	1	0	0	5	3	3
0	1	2	5	0	2	5
1	0	5	3	2	0	2
0	4	0	3	5	2	0

0	96	98	98	0	95	0
96	0	0	99	95	0	97
98	0	0	0	95	100	0
98	99	0	0	97	99	98
0	95	95	97	0	95	100
95	0	100	99	95	0	98
0	97	0	98	100	98	0

0	9	24	28	0	9	0
9	0	0	12	30	0	32
24	0	0	0	14	10	0
28	12	0	0	0	19	22
0	30	14	0	0	43	17
9	0	10	19	43	0	26
0	32	0	22	17	26	0

42	44
39	32
49	50
47	38
35	33
41	29
28	21
