0	1	1	1	1	0	1	0
1	0	1	1	1	1	1	1
1	1	0	0	1	0	0	1
1	1	0	0	1	1	1	1
1	1	1	1	0	1	1	1
0	1	0	1	1	0	0	1
1	1	0	1	1	0	0	0
0	1	1	1	1	1	0	0

0	5	5	14	15	0	6	0
5	0	10	11	11	8	12	8
5	10	0	0	5	0	0	6
14	11	0	0	11	9	11	10
15	11	5	11	0	7	13	13
0	8	0	9	7	0	0	5
6	12	0	11	13	0	0	0
0	8	6	10	13	5	0	0

0	4	1	2	5	0	2	0
4	0	1	4	2	5	1	4
1	1	0	0	1	0	0	5
2	4	0	0	4	5	2	1
5	2	1	4	0	4	4	1
0	5	0	5	4	0	0	1
2	1	0	2	4	0	0	0
0	4	5	1	1	1	0	0

0	99	98	95	100	0	100	0
99	0	98	98	95	100	98	99
98	98	0	0	100	0	0	95
95	98	0	0	95	100	99	100
100	95	100	95	0	99	96	95
0	100	0	100	99	0	0	99
100	98	0	99	96	0	0	0
0	99	95	100	95	99	0	0

0	0	42	22	39	0	31	0
0	0	16	26	27	40	4	36
42	16	0	0	1	0	0	35
22	26	0	0	6	32	29	20
39	27	1	6	0	47	8	13
0	40	0	32	47	0	0	28
31	4	0	29	8	0	0	0
0	36	35	20	13	28	0	0

42	29
46	23
11	26
30	34
41	16
41	40
47	35
11	11
