0	1	0	0	1	0	0	1	0
1	0	1	1	1	1	0	1	1
0	1	0	1	1	1	1	1	1
0	1	1	0	0	0	1	1	0
1	1	1	0	0	1	1	1	0
0	1	1	0	1	0	1	0	1
0	0	1	1	1	1	0	1	1
1	1	1	1	1	0	1	0	1
0	1	1	0	0	1	1	1	0

0	11	0	0	9	0	0	6	0
11	0	10	14	7	12	0	7	6
0	10	0	14	5	5	8	13	6
0	14	14	0	0	0	15	9	0
9	7	5	0	0	9	10	13	0
0	12	5	0	9	0	6	0	15
0	0	8	15	10	6	0	13	14
6	7	13	9	13	0	13	0	11
0	6	6	0	0	15	14	11	0

0	1	0	0	1	0	0	3	0
1	0	2	1	4	5	0	4	4
0	2	0	5	5	5	3	5	4
0	1	5	0	0	0	3	3	0
1	4	5	0	0	4	1	4	0
0	5	5	0	4	0	3	0	1
0	0	3	3	1	3	0	4	3
3	4	5	3	4	0	4	0	3
0	4	4	0	0	1	3	3	0

0	98	0	0	97	0	0	96	0
98	0	96	100	100	99	0	95	100
0	96	0	98	97	96	98	100	97
0	100	98	0	0	0	98	97	0
97	100	97	0	0	99	96	97	0
0	99	96	0	99	0	99	0	96
0	0	98	98	96	99	0	99	96
96	95	100	97	97	0	99	0	98
0	100	97	0	0	96	96	98	0

0	35	0	0	25	0	0	18	0
35	0	23	2	10	4	0	40	5
0	23	0	25	21	31	40	0	7
0	2	25	0	0	0	23	44	0
25	10	21	0	0	4	28	8	0
0	4	31	0	4	0	27	0	13
0	0	40	23	28	27	0	4	38
18	40	0	44	8	0	4	0	35
0	5	7	0	0	13	38	35	0

24	16
30	15
27	30
24	28
28	34
17	41
43	32
39	11
44	20
