0	1	1	0	1	0	1
1	0	1	1	1	0	1
1	1	0	1	1	1	1
0	1	1	0	0	1	1
1	1	1	0	0	1	1
0	0	1	1	1	0	0
1	1	1	1	1	0	0

0	5	13	0	15	0	14
5	0	11	7	9	0	5
13	11	0	12	6	13	10
0	7	12	0	0	15	11
15	9	6	0	0	14	5
0	0	13	15	14	0	0
14	5	10	11	5	0	0

0	5	2	0	2	0	2
5	0	3	5	4	0	2
2	3	0	4	4	1	2
0	5	4	0	0	3	2
2	4	4	0	0	2	3
0	0	1	3	2	0	0
2	2	2	2	3	0	0

0	98	95	0	98	0	96
98	0	97	96	96	0	96
95	97	0	96	98	98	100
0	96	96	0	0	95	99
98	96	98	0	0	97	95
0	0	98	95	97	0	0
96	96	100	99	95	0	0

0	17	31	0	31	0	3
17	0	10	1	31	0	19
31	10	0	18	46	29	28
0	1	18	0	0	17	25
31	31	46	0	0	35	8
0	0	29	17	35	0	0
3	19	28	25	8	0	0

11	16
31	12
31	38
16	29
42	12
45	22
11	37
