0	1	1	0	1	0	1	1	1	1
1	0	1	0	1	1	1	0	1	0
1	1	0	0	1	0	1	1	1	0
0	0	0	0	1	0	1	1	1	1
1	1	1	1	0	1	1	0	0	1
0	1	0	0	1	0	1	1	1	1
1	1	1	1	1	1	0	1	0	1
1	0	1	1	0	1	1	0	1	1
1	1	1	1	0	1	0	1	0	0
1	0	0	1	1	1	1	1	0	0

0	11	5	0	7	0	10	11	14	6
11	0	9	0	5	6	10	0	11	0
5	9	0	0	9	0	15	14	14	0
0	0	0	0	9	0	15	9	11	9
7	5	9	9	0	8	15	0	0	11
0	6	0	0	8	0	5	10	10	8
10	10	15	15	15	5	0	8	0	13
11	0	14	9	0	10	8	0	6	6
14	11	14	11	0	10	0	6	0	0
6	0	0	9	11	8	13	6	0	0

0	1	3	0	2	0	3	2	5	1
1	0	2	0	1	1	2	0	4	0
3	2	0	0	4	0	5	4	1	0
0	0	0	0	1	0	4	4	3	2
2	1	4	1	0	3	5	0	0	5
0	1	0	0	3	0	1	5	1	4
3	2	5	4	5	1	0	3	0	4
2	0	4	4	0	5	3	0	3	3
5	4	1	3	0	1	0	3	0	0
1	0	0	2	5	4	4	3	0	0

0	97	99	0	98	0	96	98	95	99
97	0	96	0	98	97	95	0	100	0
99	96	0	0	100	0	96	97	95	0
0	0	0	0	100	0	98	96	100	95
98	98	100	100	0	100	99	0	0	99
0	97	0	0	100	0	100	100	96	96
96	95	96	98	99	100	0	99	0	98
98	0	97	96	0	100	99	0	96	99
95	100	95	100	0	96	0	96	0	0
99	0	0	95	99	96	98	99	0	0

0	15	15	0	38	0	38	31	6	2
15	0	15	0	30	49	45	0	32	0
15	15	0	0	25	0	34	13	17	0
0	0	0	0	33	0	8	26	6	45
38	30	25	33	0	35	37	0	0	10
0	49	0	0	35	0	17	4	36	8
38	45	34	8	37	17	0	15	0	18
31	0	13	26	0	4	15	0	26	10
6	32	17	6	0	36	0	26	0	0
2	0	0	45	10	8	18	10	0	0

34	15
46	26
38	35
46	12
37	36
15	25
29	40
11	13
33	44
18	27
