0	1	1	1	0	1	1	0
1	0	1	1	0	1	1	1
1	1	0	0	0	1	1	0
1	1	0	0	1	1	0	0
0	0	0	1	0	1	0	0
1	1	1	1	1	0	0	0
1	1	1	0	0	0	0	0
0	1	0	0	0	0	0	0

0	14	8	13	0	8	9	0
14	0	8	15	0	6	13	15
8	8	0	0	0	15	12	0
13	15	0	0	9	9	0	0
0	0	0	9	0	7	0	0
8	6	15	9	7	0	0	0
9	13	12	0	0	0	0	0
0	15	0	0	0	0	0	0

0	2	4	3	0	3	2	0
2	0	3	3	0	3	5	1
4	3	0	0	0	5	5	0
3	3	0	0	1	5	0	0
0	0	0	1	0	2	0	0
3	3	5	5	2	0	0	0
2	5	5	0	0	0	0	0
0	1	0	0	0	0	0	0

0	100	100	95	0	100	100	0
100	0	95	100	0	99	100	97
100	95	0	0	0	97	98	0
95	100	0	0	97	99	0	0
0	0	0	97	0	95	0	0
100	99	97	99	95	0	0	0
100	100	98	0	0	0	0	0
0	97	0	0	0	0	0	0

0	39	25	32	0	13	0	0
39	0	27	1	0	24	25	33
25	27	0	0	0	27	3	0
32	1	0	0	5	4	0	0
0	0	0	5	0	47	0	0
13	24	27	4	47	0	0	0
0	25	3	0	0	0	0	0
0	33	0	0	0	0	0	0

22	44
18	32
27	24
40	39
24	13
50	33
31	48
39	40
