0	0	1	1	1	0	1
0	0	0	1	1	1	1
1	0	0	1	0	1	0
1	1	1	0	0	1	1
1	1	0	0	0	0	0
0	1	1	1	0	0	1
1	1	0	1	0	1	0

0	0	5	6	15	0	5
0	0	0	15	13	12	13
5	0	0	6	0	13	0
6	15	6	0	0	6	6
15	13	0	0	0	0	0
0	12	13	6	0	0	12
5	13	0	6	0	12	0

0	0	4	5	4	0	5
0	0	0	2	2	4	2
4	0	0	2	0	1	0
5	2	2	0	0	4	5
4	2	0	0	0	0	0
0	4	1	4	0	0	1
5	2	0	5	0	1	0

0	0	95	99	95	0	98
0	0	0	97	96	100	95
95	0	0	99	0	97	0
99	97	99	0	0	100	100
95	96	0	0	0	0	0
0	100	97	100	0	0	97
98	95	0	100	0	97	0

0	0	28	29	12	0	28
0	0	0	37	6	25	7
28	0	0	35	0	19	0
29	37	35	0	0	25	38
12	6	0	0	0	0	0
0	25	19	25	0	0	28
28	7	0	38	0	28	0

45	18
27	14
20	25
34	21
32	44
18	17
41	50
