0	0	1	1	1	1	1	1	0
0	0	1	1	1	1	1	0	0
1	1	0	0	1	0	1	1	0
1	1	0	0	0	0	1	1	0
1	1	1	0	0	0	0	0	0
1	1	0	0	0	0	1	1	0
1	1	1	1	0	1	0	1	1
1	0	1	1	0	1	1	0	1
0	0	0	0	0	0	1	1	0

0	0	7	5	10	12	5	11	0
0	0	7	14	5	14	14	0	0
7	7	0	0	7	0	8	6	0
5	14	0	0	0	0	9	14	0
10	5	7	0	0	0	0	0	0
12	14	0	0	0	0	8	14	0
5	14	8	9	0	8	0	6	13
11	0	6	14	0	14	6	0	11
0	0	0	0	0	0	13	11	0

0	0	5	2	4	3	2	1	0
0	0	2	5	4	4	3	0	0
5	2	0	0	2	0	5	2	0
2	5	0	0	0	0	2	5	0
4	4	2	0	0	0	0	0	0
3	4	0	0	0	0	1	1	0
2	3	5	2	0	1	0	4	2
1	0	2	5	0	1	4	0	1
0	0	0	0	0	0	2	1	0

0	0	98	99	100	100	96	99	0
0	0	98	98	99	99	98	0	0
98	98	0	0	98	0	98	97	0
99	98	0	0	0	0	97	95	0
100	99	98	0	0	0	0	0	0
100	99	0	0	0	0	96	98	0
96	98	98	97	0	96	0	95	96
99	0	97	95	0	98	95	0	96
0	0	0	0	0	0	96	96	0

0	0	9	22	30	22	36	39	0
0	0	14	20	25	32	32	0	0
9	14	0	0	10	0	17	47	0
22	20	0	0	0	0	0	10	0
30	25	10	0	0	0	0	0	0
22	32	0	0	0	0	18	29	0
36	32	17	0	0	18	0	38	8
39	0	47	10	0	29	38	0	8
0	0	0	0	0	0	8	8	0

18	30
20	29
44	49
21	42
34	27
18	18
20	32
38	36
20	32
