0	1	1	0	1	0	1	1	0	1
1	0	1	1	0	0	1	0	0	1
1	1	0	0	1	1	0	0	0	1
0	1	0	0	0	0	0	0	1	1
1	0	1	0	0	1	1	1	1	0
0	0	1	0	1	0	1	1	1	1
1	1	0	0	1	1	0	1	1	0
1	0	0	0	1	1	1	0	0	0
0	0	0	1	1	1	1	0	0	1
1	1	1	1	0	1	0	0	1	0

0	15	7	0	6	0	9	11	0	12
15	0	9	11	0	0	5	0	0	5
7	9	0	0	15	13	0	0	0	5
0	11	0	0	0	0	0	0	6	12
6	0	15	0	0	8	14	12	13	0
0	0	13	0	8	0	6	13	14	7
9	5	0	0	14	6	0	6	11	0
11	0	0	0	12	13	6	0	0	0
0	0	0	6	13	14	11	0	0	13
12	5	5	12	0	7	0	0	13	0

0	4	1	0	5	0	3	5	0	5
4	0	1	5	0	0	3	0	0	3
1	1	0	0	5	4	0	0	0	5
0	5	0	0	0	0	0	0	3	5
5	0	5	0	0	2	1	1	4	0
0	0	4	0	2	0	5	3	4	1
3	3	0	0	1	5	0	5	2	0
5	0	0	0	1	3	5	0	0	0
0	0	0	3	4	4	2	0	0	4
5	3	5	5	0	1	0	0	4	0

0	100	99	0	99	0	96	100	0	99
100	0	96	95	0	0	96	0	0	96
99	96	0	0	99	95	0	0	0	96
0	95	0	0	0	0	0	0	99	95
99	0	99	0	0	99	99	99	100	0
0	0	95	0	99	0	95	96	96	96
96	96	0	0	99	95	0	95	97	0
100	0	0	0	99	96	95	0	0	0
0	0	0	99	100	96	97	0	0	100
99	96	96	95	0	96	0	0	100	0

0	36	31	0	13	0	36	16	0	12
36	0	8	41	0	0	9	0	0	39
31	8	0	0	11	8	0	0	0	24
0	41	0	0	0	0	0	0	26	2
13	0	11	0	0	47	17	16	1	0
0	0	8	0	47	0	35	0	11	7
36	9	0	0	17	35	0	18	18	0
16	0	0	0	16	0	18	0	0	0
0	0	0	26	1	11	18	0	0	41
12	39	24	2	0	7	0	0	41	0

40	10
13	48
17	16
44	40
43	19
49	15
36	11
14	46
49	21
49	28
