0	1	1	1	1	1	1
1	0	1	1	1	0	0
1	1	0	1	0	1	1
1	1	1	0	0	1	0
1	1	0	0	0	0	1
1	0	1	1	0	0	1
1	0	1	0	1	1	0

0	7	13	14	10	15	7
7	0	5	9	15	0	0
13	5	0	10	0	13	9
14	9	10	0	0	11	0
10	15	0	0	0	0	11
15	0	13	11	0	0	14
7	0	9	0	11	14	0

0	4	5	3	2	1	5
4	0	3	1	3	0	0
5	3	0	3	0	5	5
3	1	3	0	0	1	0
2	3	0	0	0	0	3
1	0	5	1	0	0	2
5	0	5	0	3	2	0

0	100	99	96	100	98	98
100	0	95	97	98	0	0
99	95	0	99	0	97	99
96	97	99	0	0	95	0
100	98	0	0	0	0	96
98	0	97	95	0	0	95
98	0	99	0	96	95	0

0	46	17	41	23	31	3
46	0	36	32	22	0	0
17	36	0	13	0	5	43
41	32	13	0	0	19	0
23	22	0	0	0	0	32
31	0	5	19	0	0	10
3	0	43	0	32	10	0

42	39
35	27
25	20
41	31
29	15
37	24
35	21
