0	1	1	1	1	1	0	1
1	0	1	1	1	0	1	1
1	1	0	0	0	1	1	1
1	1	0	0	0	1	1	1
1	1	0	0	0	1	1	0
1	0	1	1	1	0	1	1
0	1	1	1	1	1	0	0
1	1	1	1	0	1	0	0

0	5	14	11	8	13	0	6
5	0	11	5	6	0	12	10
14	11	0	0	0	12	10	8
11	5	0	0	0	8	8	10
8	6	0	0	0	13	6	0
13	0	12	8	13	0	6	12
0	12	10	8	6	6	0	0
6	10	8	10	0	12	0	0

0	1	3	5	2	2	0	5
1	0	3	1	5	0	5	5
3	3	0	0	0	4	3	5
5	1	0	0	0	5	4	1
2	5	0	0	0	2	2	0
2	0	4	5	2	0	4	4
0	5	3	4	2	4	0	0
5	5	5	1	0	4	0	0

0	97	96	96	99	97	0	97
97	0	100	97	100	0	97	98
96	100	0	0	0	98	99	96
96	97	0	0	0	97	97	99
99	100	0	0	0	95	95	0
97	0	98	97	95	0	98	98
0	97	99	97	95	98	0	0
97	98	96	99	0	98	0	0

0	0	23	13	22	21	0	34
0	0	6	23	35	0	18	9
23	6	0	0	0	7	22	7
13	23	0	0	0	10	44	38
22	35	0	0	0	38	14	0
21	0	7	10	38	0	23	36
0	18	22	44	14	23	0	0
34	9	7	38	0	36	0	0

21	35
18	37
36	29
39	27
40	44
41	37
39	21
47	35
