0	0	1	1	1	1	1	0	1	1
0	0	1	1	1	0	0	0	1	1
1	1	0	0	1	1	1	1	1	1
1	1	0	0	0	0	1	1	1	1
1	1	1	0	0	1	1	1	1	1
1	0	1	0	1	0	1	1	1	1
1	0	1	1	1	1	0	1	1	1
0	0	1	1	1	1	1	0	1	0
1	1	1	1	1	1	1	1	0	0
1	1	1	1	1	1	1	0	0	0

0	0	13	6	6	6	14	0	14	12
0	0	8	9	12	0	0	0	5	10
13	8	0	0	8	13	12	12	8	14
6	9	0	0	0	0	14	8	15	15
6	12	8	0	0	11	7	10	12	13
6	0	13	0	11	0	8	15	5	12
14	0	12	14	7	8	0	11	11	5
0	0	12	8	10	15	11	0	8	0
14	5	8	15	12	5	11	8	0	0
12	10	14	15	13	12	5	0	0	0

0	0	2	5	4	2	4	0	3	3
0	0	5	5	5	0	0	0	3	5
2	5	0	0	5	3	4	3	1	4
5	5	0	0	0	0	3	3	4	5
4	5	5	0	0	3	5	2	2	2
2	0	3	0	3	0	4	2	2	3
4	0	4	3	5	4	0	3	2	2
0	0	3	3	2	2	3	0	2	0
3	3	1	4	2	2	2	2	0	0
3	5	4	5	2	3	2	0	0	0

0	0	95	98	100	97	98	0	97	98
0	0	95	99	99	0	0	0	96	95
95	95	0	0	99	98	97	98	97	99
98	99	0	0	0	0	96	97	100	95
100	99	99	0	0	97	96	99	95	95
97	0	98	0	97	0	98	100	100	95
98	0	97	96	96	98	0	99	100	99
0	0	98	97	99	100	99	0	100	0
97	96	97	100	95	100	100	100	0	0
98	95	99	95	95	95	99	0	0	0

0	0	33	17	46	5	20	0	23	29
0	0	25	44	43	0	0	0	22	0
33	25	0	0	36	7	25	29	12	21
17	44	0	0	0	0	40	12	5	38
46	43	36	0	0	1	27	21	39	21
5	0	7	0	1	0	17	18	10	16
20	0	25	40	27	17	0	18	28	20
0	0	29	12	21	18	18	0	26	0
23	22	12	5	39	10	28	26	0	0
29	0	21	38	21	16	20	0	0	0

38	34
13	45
21	28
37	29
33	27
41	29
18	50
16	28
48	34
25	32
