0	1	0	0	0	1	0	1	1	1
1	0	1	0	1	1	0	0	0	1
0	1	0	0	1	1	1	0	0	1
0	0	0	0	1	1	1	1	0	1
0	1	1	1	0	1	1	0	1	1
1	1	1	1	1	0	0	1	1	1
0	0	1	1	1	0	0	1	1	0
1	0	0	1	0	1	1	0	1	1
1	0	0	0	1	1	1	1	0	1
1	1	1	1	1	1	0	1	1	0

0	11	0	0	0	15	0	12	9	6
11	0	11	0	5	10	0	0	0	13
0	11	0	0	12	11	15	0	0	11
0	0	0	0	8	6	15	9	0	9
0	5	12	8	0	7	7	0	14	7
15	10	11	6	7	0	0	10	6	15
0	0	15	15	7	0	0	12	6	0
12	0	0	9	0	10	12	0	7	14
9	0	0	0	14	6	6	7	0	9
6	13	11	9	7	15	0	14	9	0

0	3	0	0	0	2	0	3	2	5
3	0	5	0	2	3	0	0	0	2
0	5	0	0	1	4	5	0	0	4
0	0	0	0	1	4	1	4	0	4
0	2	1	1	0	3	4	0	5	3
2	3	4	4	3	0	0	2	5	2
0	0	5	1	4	0	0	3	2	0
3	0	0	4	0	2	3	0	2	3
2	0	0	0	5	5	2	2	0	3
5	2	4	4	3	2	0	3	3	0

0	96	0	0	0	100	0	97	99	97
96	0	95	0	97	96	0	0	0	99
0	95	0	0	95	98	98	0	0	99
0	0	0	0	96	100	95	100	0	95
0	97	95	96	0	98	96	0	99	98
100	96	98	100	98	0	0	96	96	96
0	0	98	95	96	0	0	95	95	0
97	0	0	100	0	96	95	0	99	96
99	0	0	0	99	96	95	99	0	95
97	99	99	95	98	96	0	96	95	0

0	11	0	0	0	34	0	20	21	6
11	0	24	0	41	36	0	0	0	41
0	24	0	0	12	5	20	0	0	22
0	0	0	0	14	48	31	13	0	46
0	41	12	14	0	0	10	0	34	16
34	36	5	48	0	0	0	27	22	28
0	0	20	31	10	0	0	6	28	0
20	0	0	13	0	27	6	0	35	10
21	0	0	0	34	22	28	35	0	23
6	41	22	46	16	28	0	10	23	0

16	44
31	25
29	26
26	41
14	45
12	11
38	24
15	50
37	14
35	39
