0	1	0	1	1	1	1	0
1	0	1	1	1	1	1	0
0	1	0	0	0	1	1	0
1	1	0	0	1	0	1	0
1	1	0	1	0	0	0	1
1	1	1	0	0	0	1	1
1	1	1	1	0	1	0	0
0	0	0	0	1	1	0	0

0	8	0	13	6	11	13	0
8	0	14	10	5	11	9	0
0	14	0	0	0	11	13	0
13	10	0	0	7	0	10	0
6	5	0	7	0	0	0	11
11	11	11	0	0	0	5	5
13	9	13	10	0	5	0	0
0	0	0	0	11	5	0	0

0	1	0	1	1	4	4	0
1	0	5	4	3	5	2	0
0	5	0	0	0	1	1	0
1	4	0	0	4	0	2	0
1	3	0	4	0	0	0	5
4	5	1	0	0	0	1	4
4	2	1	2	0	1	0	0
0	0	0	0	5	4	0	0

0	97	0	96	95	96	97	0
97	0	95	99	95	96	95	0
0	95	0	0	0	99	95	0
96	99	0	0	100	0	99	0
95	95	0	100	0	0	0	96
96	96	99	0	0	0	97	96
97	95	95	99	0	97	0	0
0	0	0	0	96	96	0	0

0	23	0	10	14	21	22	0
23	0	41	1	15	6	18	0
0	41	0	0	0	40	35	0
10	1	0	0	23	0	13	0
14	15	0	23	0	0	0	33
21	6	40	0	0	0	48	37
22	18	35	13	0	48	0	0
0	0	0	0	33	37	0	0

48	11
33	40
15	12
48	42
47	41
27	43
43	17
30	17
