0	1	1	0	1	1	1	1
1	0	0	0	1	1	0	0
1	0	0	0	1	1	0	1
0	0	0	0	1	0	1	1
1	1	1	1	0	1	0	1
1	1	1	0	1	0	1	1
1	0	0	1	0	1	0	1
1	0	1	1	1	1	1	0

0	8	6	0	6	12	12	11
8	0	0	0	7	15	0	0
6	0	0	0	15	10	0	5
0	0	0	0	6	0	8	13
6	7	15	6	0	15	0	6
12	15	10	0	15	0	9	8
12	0	0	8	0	9	0	13
11	0	5	13	6	8	13	0

0	2	1	0	3	1	4	5
2	0	0	0	5	3	0	0
1	0	0	0	5	5	0	2
0	0	0	0	5	0	1	4
3	5	5	5	0	4	0	4
1	3	5	0	4	0	4	2
4	0	0	1	0	4	0	5
5	0	2	4	4	2	5	0

0	100	100	0	97	96	100	96
100	0	0	0	95	100	0	0
100	0	0	0	99	98	0	99
0	0	0	0	98	0	95	96
97	95	99	98	0	100	0	96
96	100	98	0	100	0	97	95
100	0	0	95	0	97	0	97
96	0	99	96	96	95	97	0

0	28	25	0	3	3	13	29
28	0	0	0	13	10	0	0
25	0	0	0	26	45	0	2
0	0	0	0	46	0	45	33
3	13	26	46	0	7	0	8
3	10	45	0	7	0	1	40
13	0	0	45	0	1	0	4
29	0	2	33	8	40	4	0

14	48
10	45
31	10
13	35
50	27
32	49
21	46
39	29
