0	1	1	1	1	1	1	1	1
1	0	1	1	0	1	0	1	0
1	1	0	1	1	1	1	1	0
1	1	1	0	1	1	0	1	0
1	0	1	1	0	0	1	1	1
1	1	1	1	0	0	1	0	0
1	0	1	0	1	1	0	0	0
1	1	1	1	1	0	0	0	1
1	0	0	0	1	0	0	1	0

0	12	12	13	9	14	10	6	6
12	0	11	8	0	6	0	6	0
12	11	0	10	11	8	7	6	0
13	8	10	0	14	12	0	8	0
9	0	11	14	0	0	14	6	14
14	6	8	12	0	0	8	0	0
10	0	7	0	14	8	0	0	0
6	6	6	8	6	0	0	0	5
6	0	0	0	14	0	0	5	0

0	3	1	2	3	2	4	4	1
3	0	4	4	0	3	0	3	0
1	4	0	2	1	3	4	4	0
2	4	2	0	4	5	0	3	0
3	0	1	4	0	0	4	3	5
2	3	3	5	0	0	1	0	0
4	0	4	0	4	1	0	0	0
4	3	4	3	3	0	0	0	1
1	0	0	0	5	0	0	1	0

0	95	100	95	99	97	97	95	97
95	0	96	95	0	99	0	95	0
100	96	0	97	95	99	96	99	0
95	95	97	0	100	99	0	96	0
99	0	95	100	0	0	97	100	100
97	99	99	99	0	0	98	0	0
97	0	96	0	97	98	0	0	0
95	95	99	96	100	0	0	0	97
97	0	0	0	100	0	0	97	0

0	14	29	27	24	15	17	11	4
14	0	24	4	0	34	0	1	0
29	24	0	16	17	38	25	19	0
27	4	16	0	6	10	0	28	0
24	0	17	6	0	0	20	9	27
15	34	38	10	0	0	17	0	0
17	0	25	0	20	17	0	0	0
11	1	19	28	9	0	0	0	9
4	0	0	0	27	0	0	9	0

46	15
21	36
10	23
42	40
38	17
16	39
26	15
25	37
35	26
