0	0	0	1	1	1	1	1	1
0	0	1	1	1	1	1	0	1
0	1	0	1	0	1	0	1	1
1	1	1	0	1	0	1	1	1
1	1	0	1	0	1	1	1	0
1	1	1	0	1	0	0	0	1
1	1	0	1	1	0	0	1	1
1	0	1	1	1	0	1	0	0
1	1	1	1	0	1	1	0	0

0	0	0	6	11	11	12	11	10
0	0	5	6	12	11	14	0	6
0	5	0	7	0	7	0	13	7
6	6	7	0	9	0	12	10	12
11	12	0	9	0	7	7	9	0
11	11	7	0	7	0	0	0	8
12	14	0	12	7	0	0	8	13
11	0	13	10	9	0	8	0	0
10	6	7	12	0	8	13	0	0

0	0	0	1	5	5	4	4	4
0	0	2	1	1	2	2	0	4
0	2	0	4	0	1	0	5	4
1	1	4	0	2	0	4	4	5
5	1	0	2	0	2	4	5	0
5	2	1	0	2	0	0	0	1
4	2	0	4	4	0	0	3	1
4	0	5	4	5	0	3	0	0
4	4	4	5	0	1	1	0	0

0	0	0	98	95	97	98	97	96
0	0	99	97	100	99	99	0	96
0	99	0	95	0	99	0	98	99
98	97	95	0	98	0	95	98	97
95	100	0	98	0	100	95	97	0
97	99	99	0	100	0	0	0	99
98	99	0	95	95	0	0	99	100
97	0	98	98	97	0	99	0	0
96	96	99	97	0	99	100	0	0

0	0	0	15	7	44	13	33	11
0	0	39	4	34	13	31	0	34
0	39	0	35	0	1	0	33	43
15	4	35	0	14	0	30	26	14
7	34	0	14	0	42	3	29	0
44	13	1	0	42	0	0	0	11
13	31	0	30	3	0	0	21	23
33	0	33	26	29	0	21	0	0
11	34	43	14	0	11	23	0	0

19	20
23	37
49	11
28	46
34	47
28	33
48	36
21	34
49	31
