0	0	1	1	1	1	0
0	0	0	1	1	1	1
1	0	0	0	0	1	1
1	1	0	0	1	0	0
1	1	0	1	0	0	0
1	1	1	0	0	0	0
0	1	1	0	0	0	0

0	0	5	12	5	10	0
0	0	0	14	7	11	15
5	0	0	0	0	7	7
12	14	0	0	11	0	0
5	7	0	11	0	0	0
10	11	7	0	0	0	0
0	15	7	0	0	0	0

0	0	4	5	5	3	0
0	0	0	3	2	5	2
4	0	0	0	0	3	1
5	3	0	0	1	0	0
5	2	0	1	0	0	0
3	5	3	0	0	0	0
0	2	1	0	0	0	0

0	0	100	100	97	99	0
0	0	0	95	99	96	97
100	0	0	0	0	100	95
100	95	0	0	96	0	0
97	99	0	96	0	0	0
99	96	100	0	0	0	0
0	97	95	0	0	0	0

0	0	36	41	43	1	0
0	0	0	34	5	9	39
36	0	0	0	0	8	34
41	34	0	0	29	0	0
43	5	0	29	0	0	0
1	9	8	0	0	0	0
0	39	34	0	0	0	0

20	21
41	21
27	18
11	44
23	19
10	23
17	31
