0	1	1	1	1	0	0	1	1
1	0	1	1	0	0	0	1	0
1	1	0	1	1	0	1	1	1
1	1	1	0	1	1	0	1	1
1	0	1	1	0	0	0	0	0
0	0	0	1	0	0	0	0	0
0	0	1	0	0	0	0	1	0
1	1	1	1	0	0	1	0	0
1	0	1	1	0	0	0	0	0

0	12	5	10	7	0	0	11	9
12	0	14	13	0	0	0	14	0
5	14	0	8	13	0	15	8	8
10	13	8	0	9	14	0	9	11
7	0	13	9	0	0	0	0	0
0	0	0	14	0	0	0	0	0
0	0	15	0	0	0	0	12	0
11	14	8	9	0	0	12	0	0
9	0	8	11	0	0	0	0	0

0	5	2	3	5	0	0	3	1
5	0	2	5	0	0	0	4	0
2	2	0	2	3	0	1	1	1
3	5	2	0	5	4	0	2	3
5	0	3	5	0	0	0	0	0
0	0	0	4	0	0	0	0	0
0	0	1	0	0	0	0	4	0
3	4	1	2	0	0	4	0	0
1	0	1	3	0	0	0	0	0

0	99	95	95	100	0	0	99	99
99	0	99	100	0	0	0	100	0
95	99	0	97	99	0	97	99	99
95	100	97	0	97	99	0	100	96
100	0	99	97	0	0	0	0	0
0	0	0	99	0	0	0	0	0
0	0	97	0	0	0	0	97	0
99	100	99	100	0	0	97	0	0
99	0	99	96	0	0	0	0	0

0	0	33	15	26	0	0	39	46
0	0	26	15	0	0	0	17	0
33	26	0	39	34	0	36	25	43
15	15	39	0	5	25	0	7	25
26	0	34	5	0	0	0	0	0
0	0	0	25	0	0	0	0	0
0	0	36	0	0	0	0	15	0
39	17	25	7	0	0	15	0	0
46	0	43	25	0	0	0	0	0

16	47
38	35
35	25
17	48
26	24
19	25
16	35
22	49
38	45
