0	1	0	1	0	0	1
1	0	0	1	1	1	0
0	0	0	0	1	1	0
1	1	0	0	1	1	1
0	1	1	1	0	1	1
0	1	1	1	1	0	1
1	0	0	1	1	1	0

0	7	0	5	0	0	13
7	0	0	8	10	6	0
0	0	0	0	7	11	0
5	8	0	0	13	8	5
0	10	7	13	0	15	12
0	6	11	8	15	0	8
13	0	0	5	12	8	0

0	1	0	2	0	0	4
1	0	0	1	4	4	0
0	0	0	0	5	5	0
2	1	0	0	3	4	3
0	4	5	3	0	3	3
0	4	5	4	3	0	4
4	0	0	3	3	4	0

0	100	0	95	0	0	100
100	0	0	97	95	96	0
0	0	0	0	97	100	0
95	97	0	0	99	97	100
0	95	97	99	0	97	100
0	96	100	97	97	0	96
100	0	0	100	100	96	0

0	35	0	8	0	0	9
35	0	0	25	19	43	0
0	0	0	0	26	15	0
8	25	0	0	36	39	4
0	19	26	36	0	31	43
0	43	15	39	31	0	14
9	0	0	4	43	14	0

40	31
47	16
12	39
12	33
31	21
37	49
43	37
