0	1	1	1	1	1	1	0	1	0
1	0	1	1	1	0	1	1	0	1
1	1	0	1	1	1	1	1	0	1
1	1	1	0	1	0	1	0	1	0
1	1	1	1	0	0	1	1	1	1
1	0	1	0	0	0	1	1	1	1
1	1	1	1	1	1	0	1	1	1
0	1	1	0	1	1	1	0	1	0
1	0	0	1	1	1	1	1	0	1
0	1	1	0	1	1	1	0	1	0

0	12	12	8	11	14	5	0	10	0
12	0	11	11	7	0	9	9	0	9
12	11	0	8	8	14	5	13	0	6
8	11	8	0	8	0	13	0	5	0
11	7	8	8	0	0	11	8	6	15
14	0	14	0	0	0	11	15	9	9
5	9	5	13	11	11	0	11	12	13
0	9	13	0	8	15	11	0	8	0
10	0	0	5	6	9	12	8	0	14
0	9	6	0	15	9	13	0	14	0

0	5	4	1	4	1	2	0	3	0
5	0	2	3	5	0	1	1	0	4
4	2	0	4	2	2	2	3	0	5
1	3	4	0	4	0	4	0	5	0
4	5	2	4	0	0	2	3	5	4
1	0	2	0	0	0	4	1	4	3
2	1	2	4	2	4	0	2	2	5
0	1	3	0	3	1	2	0	2	0
3	0	0	5	5	4	2	2	0	4
0	4	5	0	4	3	5	0	4	0

0	97	98	99	100	98	96	0	95	0
97	0	96	98	100	0	96	96	0	97
98	96	0	97	97	96	99	98	0	95
99	98	97	0	97	0	98	0	100	0
100	100	97	97	0	0	96	97	95	98
98	0	96	0	0	0	96	100	97	100
96	96	99	98	96	96	0	100	97	95
0	96	98	0	97	100	100	0	100	0
95	0	0	100	95	97	97	100	0	95
0	97	95	0	98	100	95	0	95	0

0	22	32	46	23	9	4	0	23	0
22	0	22	16	33	0	15	46	0	39
32	22	0	6	5	1	32	25	0	2
46	16	6	0	25	0	23	0	20	0
23	33	5	25	0	0	14	38	14	9
9	0	1	0	0	0	34	26	41	16
4	15	32	23	14	34	0	25	23	27
0	46	25	0	38	26	25	0	20	0
23	0	0	20	14	41	23	20	0	12
0	39	2	0	9	16	27	0	12	0

11	32
10	48
37	21
13	21
19	21
37	16
39	36
20	49
22	38
31	28
