0	0	1	1	1	1	0
0	0	1	0	1	1	1
1	1	0	0	0	1	1
1	0	0	0	1	1	1
1	1	0	1	0	1	1
1	1	1	1	1	0	1
0	1	1	1	1	1	0

0	0	6	7	14	5	0
0	0	10	0	9	6	12
6	10	0	0	0	15	5
7	0	0	0	7	15	7
14	9	0	7	0	9	7
5	6	15	15	9	0	6
0	12	5	7	7	6	0

0	0	1	1	1	3	0
0	0	5	0	1	1	3
1	5	0	0	0	5	5
1	0	0	0	5	2	2
1	1	0	5	0	2	3
3	1	5	2	2	0	5
0	3	5	2	3	5	0

0	0	99	98	97	96	0
0	0	96	0	100	95	96
99	96	0	0	0	95	98
98	0	0	0	100	99	98
97	100	0	100	0	97	100
96	95	95	99	97	0	97
0	96	98	98	100	97	0

0	0	33	46	19	3	0
0	0	38	0	26	47	22
33	38	0	0	0	21	44
46	0	0	0	19	15	16
19	26	0	19	0	33	16
3	47	21	15	33	0	25
0	22	44	16	16	25	0

26	23
38	22
45	41
18	16
32	10
42	50
31	30
