0	1	1	1	0	1	1	1	1
1	0	1	1	0	1	1	1	1
1	1	0	1	0	1	0	1	0
1	1	1	0	1	0	1	1	1
0	0	0	1	0	0	1	1	0
1	1	1	0	0	0	0	1	1
1	1	0	1	1	0	0	1	1
1	1	1	1	1	1	1	0	0
1	1	0	1	0	1	1	0	0

0	12	6	13	0	12	12	14	15
12	0	8	15	0	13	7	6	15
6	8	0	6	0	11	0	8	0
13	15	6	0	7	0	6	12	9
0	0	0	7	0	0	8	8	0
12	13	11	0	0	0	0	12	10
12	7	0	6	8	0	0	7	12
14	6	8	12	8	12	7	0	0
15	15	0	9	0	10	12	0	0

0	2	1	1	0	5	5	3	2
2	0	1	1	0	3	1	5	5
1	1	0	4	0	1	0	5	0
1	1	4	0	1	0	4	1	2
0	0	0	1	0	0	4	5	0
5	3	1	0	0	0	0	1	4
5	1	0	4	4	0	0	3	4
3	5	5	1	5	1	3	0	0
2	5	0	2	0	4	4	0	0

0	98	96	95	0	97	96	98	100
98	0	99	96	0	96	99	96	95
96	99	0	97	0	99	0	95	0
95	96	97	0	98	0	96	97	100
0	0	0	98	0	0	96	100	0
97	96	99	0	0	0	0	98	97
96	99	0	96	96	0	0	98	100
98	96	95	97	100	98	98	0	0
100	95	0	100	0	97	100	0	0

0	26	25	26	0	25	34	2	33
26	0	11	38	0	38	2	7	33
25	11	0	12	0	0	0	22	0
26	38	12	0	27	0	18	14	15
0	0	0	27	0	0	6	29	0
25	38	0	0	0	0	0	33	5
34	2	0	18	6	0	0	44	18
2	7	22	14	29	33	44	0	0
33	33	0	15	0	5	18	0	0

15	20
39	43
22	13
30	22
46	30
31	25
23	10
13	32
30	39
