0	1	1	1	1	1	1	1
1	0	0	1	1	0	0	1
1	0	0	0	0	1	1	0
1	1	0	0	1	1	0	1
1	1	0	1	0	1	0	0
1	0	1	1	1	0	1	1
1	0	1	0	0	1	0	1
1	1	0	1	0	1	1	0

0	12	15	11	12	7	8	10
12	0	0	6	5	0	0	12
15	0	0	0	0	14	12	0
11	6	0	0	6	10	0	12
12	5	0	6	0	12	0	0
7	0	14	10	12	0	11	10
8	0	12	0	0	11	0	14
10	12	0	12	0	10	14	0

0	4	5	3	3	2	2	5
4	0	0	2	4	0	0	1
5	0	0	0	0	1	4	0
3	2	0	0	3	4	0	5
3	4	0	3	0	1	0	0
2	0	1	4	1	0	4	5
2	0	4	0	0	4	0	3
5	1	0	5	0	5	3	0

0	96	99	100	95	99	95	97
96	0	0	98	97	0	0	99
99	0	0	0	0	98	99	0
100	98	0	0	96	100	0	98
95	97	0	96	0	98	0	0
99	0	98	100	98	0	100	95
95	0	99	0	0	100	0	96
97	99	0	98	0	95	96	0

0	1	7	36	0	0	35	26
1	0	0	44	36	0	0	15
7	0	0	0	0	40	10	0
36	44	0	0	31	30	0	11
0	36	0	31	0	31	0	0
0	0	40	30	31	0	8	45
35	0	10	0	0	8	0	29
26	15	0	11	0	45	29	0

18	49
39	37
20	31
29	49
41	43
38	32
21	33
45	44
