0	1	1	1	0	0	1	0	0	1
1	0	1	1	1	0	1	0	1	1
1	1	0	0	1	1	0	0	1	0
1	1	0	0	1	1	1	1	1	1
0	1	1	1	0	0	0	1	0	0
0	0	1	1	0	0	1	0	1	1
1	1	0	1	0	1	0	0	1	1
0	0	0	1	1	0	0	0	1	1
0	1	1	1	0	1	1	1	0	1
1	1	0	1	0	1	1	1	1	0

0	12	14	13	0	0	15	0	0	13
12	0	15	5	13	0	5	0	10	15
14	15	0	0	10	13	0	0	8	0
13	5	0	0	12	13	15	6	11	10
0	13	10	12	0	0	0	12	0	0
0	0	13	13	0	0	10	0	13	6
15	5	0	15	0	10	0	0	11	11
0	0	0	6	12	0	0	0	14	14
0	10	8	11	0	13	11	14	0	6
13	15	0	10	0	6	11	14	6	0

0	5	5	2	0	0	5	0	0	5
5	0	2	2	3	0	2	0	2	5
5	2	0	0	4	3	0	0	4	0
2	2	0	0	3	5	1	4	2	5
0	3	4	3	0	0	0	2	0	0
0	0	3	5	0	0	1	0	4	5
5	2	0	1	0	1	0	0	1	3
0	0	0	4	2	0	0	0	2	3
0	2	4	2	0	4	1	2	0	1
5	5	0	5	0	5	3	3	1	0

0	96	95	100	0	0	98	0	0	97
96	0	99	96	95	0	96	0	95	95
95	99	0	0	98	97	0	0	99	0
100	96	0	0	100	97	98	97	100	98
0	95	98	100	0	0	0	99	0	0
0	0	97	97	0	0	97	0	95	100
98	96	0	98	0	97	0	0	96	99
0	0	0	97	99	0	0	0	99	97
0	95	99	100	0	95	96	99	0	100
97	95	0	98	0	100	99	97	100	0

0	16	12	13	0	0	22	0	0	5
16	0	32	50	34	0	21	0	24	7
12	32	0	0	6	42	0	0	42	0
13	50	0	0	16	1	27	44	22	11
0	34	6	16	0	0	0	6	0	0
0	0	42	1	0	0	41	0	26	10
22	21	0	27	0	41	0	0	18	36
0	0	0	44	6	0	0	0	27	32
0	24	42	22	0	26	18	27	0	23
5	7	0	11	0	10	36	32	23	0

10	15
38	47
12	29
14	28
17	16
38	32
26	33
11	49
24	29
45	23
