0	1	1	1	0	1	1	1
1	0	1	1	0	0	1	0
1	1	0	0	1	1	1	1
1	1	0	0	1	1	1	1
0	0	1	1	0	1	1	0
1	0	1	1	1	0	1	1
1	1	1	1	1	1	0	1
1	0	1	1	0	1	1	0

0	10	14	5	0	7	8	9
10	0	6	9	0	0	14	0
14	6	0	0	10	5	6	12
5	9	0	0	15	9	8	10
0	0	10	15	0	14	11	0
7	0	5	9	14	0	10	11
8	14	6	8	11	10	0	10
9	0	12	10	0	11	10	0

0	1	4	2	0	3	5	2
1	0	2	3	0	0	3	0
4	2	0	0	4	1	1	4
2	3	0	0	2	2	2	3
0	0	4	2	0	4	5	0
3	0	1	2	4	0	3	4
5	3	1	2	5	3	0	2
2	0	4	3	0	4	2	0

0	95	98	96	0	98	95	95
95	0	95	100	0	0	99	0
98	95	0	0	100	99	100	97
96	100	0	0	97	97	95	95
0	0	100	97	0	99	99	0
98	0	99	97	99	0	95	95
95	99	100	95	99	95	0	95
95	0	97	95	0	95	95	0

0	41	29	2	0	8	44	10
41	0	17	35	0	0	10	0
29	17	0	0	11	43	1	22
2	35	0	0	20	20	44	37
0	0	11	20	0	19	9	0
8	0	43	20	19	0	7	19
44	10	1	44	9	7	0	33
10	0	22	37	0	19	33	0

28	43
26	13
24	38
23	14
47	34
25	20
13	20
40	28
