0	1	1	0	1	0	1
1	0	1	1	1	0	1
1	1	0	1	1	1	1
0	1	1	0	0	1	1
1	1	1	0	0	1	1
0	0	1	1	1	0	0
1	1	1	1	1	0	0

0	15	11	0	11	0	10
15	0	13	11	10	0	5
11	13	0	8	13	6	13
0	11	8	0	0	8	7
11	10	13	0	0	12	14
0	0	6	8	12	0	0
10	5	13	7	14	0	0

0	5	1	0	1	0	2
5	0	2	5	4	0	3
1	2	0	3	1	1	5
0	5	3	0	0	4	5
1	4	1	0	0	4	1
0	0	1	4	4	0	0
2	3	5	5	1	0	0

0	96	96	0	95	0	96
96	0	97	98	95	0	100
96	97	0	97	96	98	95
0	98	97	0	0	97	99
95	95	96	0	0	100	96
0	0	98	97	100	0	0
96	100	95	99	96	0	0

0	21	14	0	2	0	2
21	0	10	27	20	0	44
14	10	0	13	21	2	3
0	27	13	0	0	7	40
2	20	21	0	0	2	16
0	0	2	7	2	0	0
2	44	3	40	16	0	0

36	13
39	12
13	25
25	31
19	13
16	11
18	32
