0	1	0	0	1	1	0	1	1	1
1	0	1	1	1	1	1	0	0	1
0	1	0	1	0	0	1	1	1	1
0	1	1	0	1	1	0	1	1	1
1	1	0	1	0	1	0	1	0	0
1	1	0	1	1	0	1	0	1	1
0	1	1	0	0	1	0	1	1	0
1	0	1	1	1	0	1	0	1	1
1	0	1	1	0	1	1	1	0	0
1	1	1	1	0	1	0	1	0	0

0	6	0	0	12	13	0	14	13	6
6	0	12	13	11	8	13	0	0	14
0	12	0	5	0	0	8	14	14	11
0	13	5	0	8	10	0	5	15	15
12	11	0	8	0	13	0	8	0	0
13	8	0	10	13	0	13	0	6	9
0	13	8	0	0	13	0	6	6	0
14	0	14	5	8	0	6	0	15	7
13	0	14	15	0	6	6	15	0	0
6	14	11	15	0	9	0	7	0	0

0	5	0	0	2	5	0	5	2	1
5	0	1	4	1	3	4	0	0	3
0	1	0	3	0	0	1	2	5	5
0	4	3	0	4	3	0	5	5	1
2	1	0	4	0	4	0	5	0	0
5	3	0	3	4	0	2	0	2	1
0	4	1	0	0	2	0	1	5	0
5	0	2	5	5	0	1	0	5	5
2	0	5	5	0	2	5	5	0	0
1	3	5	1	0	1	0	5	0	0

0	97	0	0	100	100	0	98	98	97
97	0	100	95	98	96	97	0	0	97
0	100	0	95	0	0	99	98	99	97
0	95	95	0	95	100	0	100	96	99
100	98	0	95	0	96	0	100	0	0
100	96	0	100	96	0	99	0	97	98
0	97	99	0	0	99	0	100	96	0
98	0	98	100	100	0	100	0	96	100
98	0	99	96	0	97	96	96	0	0
97	97	97	99	0	98	0	100	0	0

0	34	0	0	24	30	0	19	25	9
34	0	26	11	41	31	16	0	0	25
0	26	0	43	0	0	19	40	3	42
0	11	43	0	18	30	0	10	29	9
24	41	0	18	0	28	0	11	0	0
30	31	0	30	28	0	13	0	46	30
0	16	19	0	0	13	0	44	3	0
19	0	40	10	11	0	44	0	4	36
25	0	3	29	0	46	3	4	0	0
9	25	42	9	0	30	0	36	0	0

15	46
25	11
38	10
48	15
12	39
30	37
48	25
15	35
49	11
25	50
