0	1	0	1	1	1	1	1	1	1
1	0	1	0	1	0	0	1	0	1
0	1	0	1	1	1	1	1	1	0
1	0	1	0	0	1	1	0	1	1
1	1	1	0	0	1	1	1	1	1
1	0	1	1	1	0	0	1	0	1
1	0	1	1	1	0	0	1	1	1
1	1	1	0	1	1	1	0	0	1
1	0	1	1	1	0	1	0	0	1
1	1	0	1	1	1	1	1	1	0

0	15	0	8	7	12	15	7	9	15
15	0	15	0	15	0	0	14	0	12
0	15	0	10	8	7	7	15	6	0
8	0	10	0	0	5	15	0	6	14
7	15	8	0	0	6	8	7	15	10
12	0	7	5	6	0	0	8	0	12
15	0	7	15	8	0	0	10	8	5
7	14	15	0	7	8	10	0	0	15
9	0	6	6	15	0	8	0	0	9
15	12	0	14	10	12	5	15	9	0

0	4	0	5	2	2	3	3	5	3
4	0	1	0	3	0	0	3	0	5
0	1	0	3	4	5	5	1	2	0
5	0	3	0	0	2	2	0	5	2
2	3	4	0	0	1	1	2	3	1
2	0	5	2	1	0	0	2	0	2
3	0	5	2	1	0	0	5	2	4
3	3	1	0	2	2	5	0	0	3
5	0	2	5	3	0	2	0	0	2
3	5	0	2	1	2	4	3	2	0

0	95	0	99	98	95	98	96	99	99
95	0	100	0	100	0	0	100	0	95
0	100	0	99	95	96	98	96	97	0
99	0	99	0	0	99	98	0	99	95
98	100	95	0	0	100	98	98	96	99
95	0	96	99	100	0	0	100	0	96
98	0	98	98	98	0	0	100	99	97
96	100	96	0	98	100	100	0	0	95
99	0	97	99	96	0	99	0	0	98
99	95	0	95	99	96	97	95	98	0

0	34	0	47	22	20	28	35	13	1
34	0	6	0	7	0	0	1	0	5
0	6	0	12	14	27	42	28	21	0
47	0	12	0	0	19	22	0	23	37
22	7	14	0	0	12	11	33	38	12
20	0	27	19	12	0	0	11	0	0
28	0	42	22	11	0	0	0	9	41
35	1	28	0	33	11	0	0	0	33
13	0	21	23	38	0	9	0	0	4
1	5	0	37	12	0	41	33	4	0

26	12
26	29
47	11
18	41
23	34
40	43
42	17
10	17
15	50
45	31
