0	1	1	0	0	0	1	1
1	0	0	1	0	1	0	1
1	0	0	1	1	1	1	0
0	1	1	0	1	1	0	1
0	0	1	1	0	1	1	0
0	1	1	1	1	0	1	1
1	0	1	0	1	1	0	1
1	1	0	1	0	1	1	0

0	7	15	0	0	0	13	10
7	0	0	13	0	15	0	9
15	0	0	12	8	5	14	0
0	13	12	0	9	14	0	5
0	0	8	9	0	14	11	0
0	15	5	14	14	0	8	11
13	0	14	0	11	8	0	9
10	9	0	5	0	11	9	0

0	4	4	0	0	0	1	4
4	0	0	1	0	5	0	5
4	0	0	1	4	4	1	0
0	1	1	0	2	4	0	3
0	0	4	2	0	1	4	0
0	5	4	4	1	0	5	4
1	0	1	0	4	5	0	5
4	5	0	3	0	4	5	0

0	95	100	0	0	0	96	98
95	0	0	95	0	97	0	99
100	0	0	96	100	99	96	0
0	95	96	0	97	100	0	96
0	0	100	97	0	96	98	0
0	97	99	100	96	0	99	100
96	0	96	0	98	99	0	98
98	99	0	96	0	100	98	0

0	40	40	0	0	0	31	13
40	0	0	37	0	15	0	36
40	0	0	15	14	32	8	0
0	37	15	0	15	4	0	38
0	0	14	15	0	23	41	0
0	15	32	4	23	0	31	38
31	0	8	0	41	31	0	21
13	36	0	38	0	38	21	0

46	18
42	33
27	34
35	14
19	48
25	43
16	15
28	50
