0	1	0	1	0	1	1	1
1	0	0	0	1	1	1	1
0	0	0	0	1	1	1	1
1	0	0	0	1	1	1	1
0	1	1	1	0	1	1	1
1	1	1	1	1	0	1	1
1	1	1	1	1	1	0	0
1	1	1	1	1	1	0	0

0	5	0	13	0	10	12	15
5	0	0	0	7	13	10	14
0	0	0	0	11	12	8	13
13	0	0	0	7	9	8	15
0	7	11	7	0	10	5	9
10	13	12	9	10	0	11	5
12	10	8	8	5	11	0	0
15	14	13	15	9	5	0	0

0	3	0	2	0	4	5	4
3	0	0	0	4	1	2	4
0	0	0	0	5	1	3	3
2	0	0	0	3	2	3	1
0	4	5	3	0	1	1	5
4	1	1	2	1	0	3	1
5	2	3	3	1	3	0	0
4	4	3	1	5	1	0	0

0	100	0	95	0	95	97	96
100	0	0	0	98	95	97	100
0	0	0	0	96	98	99	97
95	0	0	0	96	99	96	97
0	98	96	96	0	99	97	98
95	95	98	99	99	0	96	95
97	97	99	96	97	96	0	0
96	100	97	97	98	95	0	0

0	4	0	25	0	36	19	29
4	0	0	0	18	21	30	14
0	0	0	0	36	22	31	8
25	0	0	0	12	46	30	20
0	18	36	12	0	11	20	25
36	21	22	46	11	0	24	32
19	30	31	30	20	24	0	0
29	14	8	20	25	32	0	0

20	38
23	22
22	37
17	24
23	30
21	50
34	27
26	12
