0	1	0	1	1	1	1	1	1	1
1	0	1	1	1	0	1	1	1	0
0	1	0	1	0	1	1	1	1	1
1	1	1	0	1	1	0	1	1	1
1	1	0	1	0	1	1	1	1	1
1	0	1	1	1	0	1	1	1	1
1	1	1	0	1	1	0	1	1	1
1	1	1	1	1	1	1	0	1	1
1	1	1	1	1	1	1	1	0	0
1	0	1	1	1	1	1	1	0	0

0	7	0	15	6	13	14	14	12	14
7	0	9	10	15	0	9	7	5	0
0	9	0	13	0	7	8	12	10	13
15	10	13	0	5	8	0	13	8	15
6	15	0	5	0	12	15	12	13	7
13	0	7	8	12	0	7	7	13	15
14	9	8	0	15	7	0	10	11	12
14	7	12	13	12	7	10	0	14	12
12	5	10	8	13	13	11	14	0	0
14	0	13	15	7	15	12	12	0	0

0	1	0	2	5	5	3	1	2	2
1	0	2	4	4	0	3	5	1	0
0	2	0	4	0	5	3	5	2	5
2	4	4	0	5	5	0	4	4	1
5	4	0	5	0	5	3	2	4	5
5	0	5	5	5	0	2	4	4	1
3	3	3	0	3	2	0	1	1	3
1	5	5	4	2	4	1	0	4	2
2	1	2	4	4	4	1	4	0	0
2	0	5	1	5	1	3	2	0	0

0	99	0	100	97	96	100	97	96	95
99	0	97	100	98	0	99	97	97	0
0	97	0	95	0	98	96	95	96	95
100	100	95	0	99	100	0	96	98	95
97	98	0	99	0	99	99	98	96	100
96	0	98	100	99	0	95	96	100	99
100	99	96	0	99	95	0	99	99	100
97	97	95	96	98	96	99	0	99	99
96	97	96	98	96	100	99	99	0	0
95	0	95	95	100	99	100	99	0	0

0	20	0	32	33	8	29	39	22	33
20	0	12	16	16	0	7	40	45	0
0	12	0	41	0	3	18	17	35	14
32	16	41	0	13	23	0	11	17	16
33	16	0	13	0	28	24	24	19	39
8	0	3	23	28	0	9	15	30	20
29	7	18	0	24	9	0	38	32	5
39	40	17	11	24	15	38	0	41	20
22	45	35	17	19	30	32	41	0	0
33	0	14	16	39	20	5	20	0	0

20	24
20	27
38	12
28	42
10	19
34	19
22	39
34	16
14	50
20	43
