0	0	1	1	1	1	1	0
0	0	1	1	1	1	1	1
1	1	0	0	1	1	0	1
1	1	0	0	1	1	0	1
1	1	1	1	0	1	0	1
1	1	1	1	1	0	1	1
1	1	0	0	0	1	0	1
0	1	1	1	1	1	1	0

0	0	13	15	10	6	11	0
0	0	6	7	12	11	14	11
13	6	0	0	9	12	0	6
15	7	0	0	11	14	0	13
10	12	9	11	0	8	0	12
6	11	12	14	8	0	11	9
11	14	0	0	0	11	0	8
0	11	6	13	12	9	8	0

0	0	4	3	3	2	4	0
0	0	2	5	4	1	5	4
4	2	0	0	2	2	0	3
3	5	0	0	3	4	0	4
3	4	2	3	0	3	0	1
2	1	2	4	3	0	5	2
4	5	0	0	0	5	0	3
0	4	3	4	1	2	3	0

0	0	95	100	98	98	97	0
0	0	96	98	96	96	98	96
95	96	0	0	97	96	0	99
100	98	0	0	96	98	0	95
98	96	97	96	0	96	0	98
98	96	96	98	96	0	100	98
97	98	0	0	0	100	0	99
0	96	99	95	98	98	99	0

0	0	41	27	6	24	12	0
0	0	16	43	38	9	10	32
41	16	0	0	31	15	0	40
27	43	0	0	44	28	0	1
6	38	31	44	0	37	0	26
24	9	15	28	37	0	4	21
12	10	0	0	0	4	0	42
0	32	40	1	26	21	42	0

23	21
37	20
33	35
36	16
44	45
13	41
37	21
43	36
