0	1	0	0	1	1	1	0
1	0	0	0	1	1	1	0
0	0	0	1	1	0	1	1
0	0	1	0	0	1	1	1
1	1	1	0	0	0	0	1
1	1	0	1	0	0	0	0
1	1	1	1	0	0	0	0
0	0	1	1	1	0	0	0

0	13	0	0	5	5	14	0
13	0	0	0	6	11	7	0
0	0	0	14	11	0	15	9
0	0	14	0	0	5	15	8
5	6	11	0	0	0	0	15
5	11	0	5	0	0	0	0
14	7	15	15	0	0	0	0
0	0	9	8	15	0	0	0

0	3	0	0	1	5	4	0
3	0	0	0	2	2	3	0
0	0	0	4	1	0	2	5
0	0	4	0	0	3	4	1
1	2	1	0	0	0	0	2
5	2	0	3	0	0	0	0
4	3	2	4	0	0	0	0
0	0	5	1	2	0	0	0

0	97	0	0	100	97	99	0
97	0	0	0	98	97	100	0
0	0	0	95	100	0	96	95
0	0	95	0	0	99	96	95
100	98	100	0	0	0	0	97
97	97	0	99	0	0	0	0
99	100	96	96	0	0	0	0
0	0	95	95	97	0	0	0

0	28	0	0	27	38	1	0
28	0	0	0	9	8	24	0
0	0	0	10	18	0	14	44
0	0	10	0	0	43	25	23
27	9	18	0	0	0	0	32
38	8	0	43	0	0	0	0
1	24	14	25	0	0	0	0
0	0	44	23	32	0	0	0

48	28
46	24
48	11
19	26
12	17
45	39
34	42
22	35
