0	1	1	1	1	0	0
1	0	0	1	0	1	1
1	0	0	1	0	1	1
1	1	1	0	0	1	0
1	0	0	0	0	0	1
0	1	1	1	0	0	1
0	1	1	0	1	1	0

0	11	11	9	6	0	0
11	0	0	9	0	14	15
11	0	0	8	0	5	6
9	9	8	0	0	7	0
6	0	0	0	0	0	5
0	14	5	7	0	0	10
0	15	6	0	5	10	0

0	4	1	1	3	0	0
4	0	0	5	0	4	5
1	0	0	2	0	4	1
1	5	2	0	0	3	0
3	0	0	0	0	0	3
0	4	4	3	0	0	4
0	5	1	0	3	4	0

0	95	100	98	98	0	0
95	0	0	95	0	100	96
100	0	0	99	0	95	100
98	95	99	0	0	95	0
98	0	0	0	0	0	100
0	100	95	95	0	0	97
0	96	100	0	100	97	0

0	11	24	0	2	0	0
11	0	0	26	0	38	21
24	0	0	27	0	11	10
0	26	27	0	0	48	0
2	0	0	0	0	0	18
0	38	11	48	0	0	4
0	21	10	0	18	4	0

15	45
21	23
38	15
49	31
13	43
27	27
50	31
