0	1	1	1	1	1	1	1	1	1
1	0	1	1	1	1	1	0	1	1
1	1	0	1	1	1	1	0	1	1
1	1	1	0	1	0	0	1	1	1
1	1	1	1	0	1	0	0	1	1
1	1	1	0	1	0	1	1	1	1
1	1	1	0	0	1	0	1	0	1
1	0	0	1	0	1	1	0	0	0
1	1	1	1	1	1	0	0	0	1
1	1	1	1	1	1	1	0	1	0

0	7	14	15	7	11	6	11	7	11
7	0	12	10	6	11	9	0	13	7
14	12	0	9	10	10	13	0	7	11
15	10	9	0	11	0	0	10	11	14
7	6	10	11	0	7	0	0	8	11
11	11	10	0	7	0	11	13	7	5
6	9	13	0	0	11	0	9	0	7
11	0	0	10	0	13	9	0	0	0
7	13	7	11	8	7	0	0	0	11
11	7	11	14	11	5	7	0	11	0

0	2	4	4	3	3	4	4	5	3
2	0	1	2	2	1	4	0	1	4
4	1	0	1	5	4	3	0	3	5
4	2	1	0	4	0	0	1	4	2
3	2	5	4	0	2	0	0	3	4
3	1	4	0	2	0	4	1	5	5
4	4	3	0	0	4	0	5	0	5
4	0	0	1	0	1	5	0	0	0
5	1	3	4	3	5	0	0	0	2
3	4	5	2	4	5	5	0	2	0

0	96	96	98	97	99	98	99	99	95
96	0	95	97	98	95	98	0	100	97
96	95	0	95	97	98	98	0	99	100
98	97	95	0	96	0	0	100	100	99
97	98	97	96	0	100	0	0	100	95
99	95	98	0	100	0	100	96	95	95
98	98	98	0	0	100	0	95	0	95
99	0	0	100	0	96	95	0	0	0
99	100	99	100	100	95	0	0	0	98
95	97	100	99	95	95	95	0	98	0

0	34	27	27	18	40	17	44	13	14
34	0	40	38	29	36	2	0	25	5
27	40	0	25	36	32	22	0	27	31
27	38	25	0	22	0	0	5	6	4
18	29	36	22	0	26	0	0	27	44
40	36	32	0	26	0	42	18	47	18
17	2	22	0	0	42	0	45	0	48
44	0	0	5	0	18	45	0	0	0
13	25	27	6	27	47	0	0	0	17
14	5	31	4	44	18	48	0	17	0

11	33
12	39
33	33
14	32
27	25
46	43
12	27
43	32
30	23
31	36
