0	0	1	0	0	1	0
0	0	0	0	1	1	1
1	0	0	1	0	0	1
0	0	1	0	1	1	1
0	1	0	1	0	0	1
1	1	0	1	0	0	0
0	1	1	1	1	0	0

0	0	6	0	0	11	0
0	0	0	0	14	15	13
6	0	0	6	0	0	9
0	0	6	0	7	14	11
0	14	0	7	0	0	14
11	15	0	14	0	0	0
0	13	9	11	14	0	0

0	0	1	0	0	5	0
0	0	0	0	5	5	2
1	0	0	1	0	0	5
0	0	1	0	1	5	5
0	5	0	1	0	0	3
5	5	0	5	0	0	0
0	2	5	5	3	0	0

0	0	95	0	0	98	0
0	0	0	0	98	100	98
95	0	0	99	0	0	99
0	0	99	0	96	99	97
0	98	0	96	0	0	98
98	100	0	99	0	0	0
0	98	99	97	98	0	0

0	0	2	0	0	29	0
0	0	0	0	31	33	40
2	0	0	14	0	0	22
0	0	14	0	23	29	33
0	31	0	23	0	0	26
29	33	0	29	0	0	0
0	40	22	33	26	0	0

35	16
25	17
24	15
18	28
49	13
42	16
36	48
