0	1	1	0	1	1	1
1	0	1	0	1	1	0
1	1	0	1	1	1	0
0	0	1	0	1	1	1
1	1	1	1	0	1	1
1	1	1	1	1	0	1
1	0	0	1	1	1	0

0	8	14	0	10	14	13
8	0	8	0	15	14	0
14	8	0	8	12	6	0
0	0	8	0	12	6	9
10	15	12	12	0	5	15
14	14	6	6	5	0	11
13	0	0	9	15	11	0

0	1	1	0	1	1	5
1	0	3	0	4	2	0
1	3	0	1	3	2	0
0	0	1	0	2	3	4
1	4	3	2	0	3	1
1	2	2	3	3	0	3
5	0	0	4	1	3	0

0	100	95	0	97	96	99
100	0	96	0	98	100	0
95	96	0	95	98	98	0
0	0	95	0	96	100	99
97	98	98	96	0	98	99
96	100	98	100	98	0	99
99	0	0	99	99	99	0

0	9	0	0	33	40	11
9	0	37	0	18	26	0
0	37	0	4	13	23	0
0	0	4	0	39	32	3
33	18	13	39	0	17	16
40	26	23	32	17	0	16
11	0	0	3	16	16	0

37	45
16	33
50	31
20	22
50	11
48	33
31	18
