0	1	1	1	1	1	0	1	1
1	0	1	1	1	1	1	1	1
1	1	0	1	0	0	1	1	1
1	1	1	0	1	1	1	0	1
1	1	0	1	0	0	1	1	0
1	1	0	1	0	0	1	1	0
0	1	1	1	1	1	0	0	1
1	1	1	0	1	1	0	0	1
1	1	1	1	0	0	1	1	0

0	10	6	9	9	13	0	9	8
10	0	8	5	8	12	14	10	7
6	8	0	8	0	0	5	7	8
9	5	8	0	12	7	12	0	7
9	8	0	12	0	0	13	6	0
13	12	0	7	0	0	9	9	0
0	14	5	12	13	9	0	0	7
9	10	7	0	6	9	0	0	6
8	7	8	7	0	0	7	6	0

0	3	4	4	1	2	0	5	5
3	0	2	1	4	2	5	2	3
4	2	0	4	0	0	4	5	4
4	1	4	0	2	4	3	0	3
1	4	0	2	0	0	2	2	0
2	2	0	4	0	0	5	4	0
0	5	4	3	2	5	0	0	5
5	2	5	0	2	4	0	0	3
5	3	4	3	0	0	5	3	0

0	97	99	96	99	99	0	96	100
97	0	96	95	97	98	99	95	95
99	96	0	96	0	0	98	100	95
96	95	96	0	98	97	97	0	95
99	97	0	98	0	0	98	99	0
99	98	0	97	0	0	95	98	0
0	99	98	97	98	95	0	0	100
96	95	100	0	99	98	0	0	97
100	95	95	95	0	0	100	97	0

0	2	41	43	4	8	0	32	45
2	0	32	10	36	39	24	32	6
41	32	0	14	0	0	45	6	38
43	10	14	0	11	48	2	0	12
4	36	0	11	0	0	14	10	0
8	39	0	48	0	0	43	5	0
0	24	45	2	14	43	0	0	9
32	32	6	0	10	5	0	0	30
45	6	38	12	0	0	9	30	0

43	19
41	45
23	46
18	40
45	28
21	47
21	40
29	18
33	37
