0	0	0	1	1	1	1
0	0	1	1	1	1	1
0	1	0	1	1	1	1
1	1	1	0	1	1	1
1	1	1	1	0	0	1
1	1	1	1	0	0	1
1	1	1	1	1	1	0

0	0	0	14	10	9	12
0	0	15	5	9	15	10
0	15	0	10	12	14	6
14	5	10	0	13	11	9
10	9	12	13	0	0	6
9	15	14	11	0	0	11
12	10	6	9	6	11	0

0	0	0	5	5	1	2
0	0	5	2	3	3	3
0	5	0	3	3	4	4
5	2	3	0	5	1	2
5	3	3	5	0	0	3
1	3	4	1	0	0	1
2	3	4	2	3	1	0

0	0	0	97	97	100	99
0	0	98	96	97	95	100
0	98	0	99	100	97	96
97	96	99	0	98	95	95
97	97	100	98	0	0	96
100	95	97	95	0	0	98
99	100	96	95	96	98	0

0	0	0	37	11	28	19
0	0	6	36	35	40	39
0	6	0	27	16	5	8
37	36	27	0	10	28	30
11	35	16	10	0	0	27
28	40	5	28	0	0	2
19	39	8	30	27	2	0

34	48
34	32
36	37
39	29
37	15
20	42
50	12
