0	1	1	0	1	1	1	1	0	1
1	0	1	1	0	1	1	0	0	1
1	1	0	1	1	0	0	1	1	1
0	1	1	0	0	0	1	0	1	1
1	0	1	0	0	1	0	1	1	0
1	1	0	0	1	0	1	1	0	0
1	1	0	1	0	1	0	1	0	0
1	0	1	0	1	1	1	0	0	1
0	0	1	1	1	0	0	0	0	1
1	1	1	1	0	0	0	1	1	0

0	5	12	0	15	12	12	10	0	11
5	0	5	9	0	13	14	0	0	15
12	5	0	6	11	0	0	13	8	11
0	9	6	0	0	0	5	0	10	8
15	0	11	0	0	7	0	14	6	0
12	13	0	0	7	0	6	13	0	0
12	14	0	5	0	6	0	6	0	0
10	0	13	0	14	13	6	0	0	8
0	0	8	10	6	0	0	0	0	9
11	15	11	8	0	0	0	8	9	0

0	5	2	0	5	2	2	1	0	4
5	0	4	1	0	4	4	0	0	5
2	4	0	3	3	0	0	4	3	3
0	1	3	0	0	0	5	0	4	3
5	0	3	0	0	2	0	1	1	0
2	4	0	0	2	0	2	5	0	0
2	4	0	5	0	2	0	4	0	0
1	0	4	0	1	5	4	0	0	1
0	0	3	4	1	0	0	0	0	5
4	5	3	3	0	0	0	1	5	0

0	95	98	0	99	98	99	100	0	96
95	0	96	96	0	100	100	0	0	95
98	96	0	97	98	0	0	98	95	99
0	96	97	0	0	0	100	0	96	95
99	0	98	0	0	98	0	100	95	0
98	100	0	0	98	0	100	97	0	0
99	100	0	100	0	100	0	95	0	0
100	0	98	0	100	97	95	0	0	99
0	0	95	96	95	0	0	0	0	99
96	95	99	95	0	0	0	99	99	0

0	19	14	0	5	9	6	14	0	23
19	0	0	10	0	41	20	0	0	24
14	0	0	38	12	0	0	36	9	38
0	10	38	0	0	0	28	0	31	14
5	0	12	0	0	7	0	36	35	0
9	41	0	0	7	0	25	11	0	0
6	20	0	28	0	25	0	0	0	0
14	0	36	0	36	11	0	0	0	27
0	0	9	31	35	0	0	0	0	21
23	24	38	14	0	0	0	27	21	0

48	10
49	38
10	13
18	49
42	43
11	48
41	48
33	26
28	44
33	41
