0	0	1	1	1	0	1
0	0	1	0	1	1	0
1	1	0	0	1	0	1
1	0	0	0	1	1	1
1	1	1	1	0	1	1
0	1	0	1	1	0	0
1	0	1	1	1	0	0

0	0	9	14	15	0	13
0	0	14	0	14	8	0
9	14	0	0	11	0	11
14	0	0	0	7	7	9
15	14	11	7	0	13	13
0	8	0	7	13	0	0
13	0	11	9	13	0	0

0	0	2	1	5	0	1
0	0	2	0	3	5	0
2	2	0	0	1	0	3
1	0	0	0	1	3	3
5	3	1	1	0	5	2
0	5	0	3	5	0	0
1	0	3	3	2	0	0

0	0	96	100	98	0	96
0	0	100	0	96	98	0
96	100	0	0	95	0	97
100	0	0	0	96	99	100
98	96	95	96	0	99	96
0	98	0	99	99	0	0
96	0	97	100	96	0	0

0	0	22	26	29	0	17
0	0	30	0	41	41	0
22	30	0	0	5	0	22
26	0	0	0	20	4	44
29	41	5	20	0	22	4
0	41	0	4	22	0	0
17	0	22	44	4	0	0

47	27
39	11
45	32
28	22
16	39
30	36
48	49
