0	1	1	1	1	1	1	0	0
1	0	1	0	1	0	0	0	1
1	1	0	1	1	1	1	0	1
1	0	1	0	1	1	1	1	1
1	1	1	1	0	1	0	0	0
1	0	1	1	1	0	1	0	1
1	0	1	1	0	1	0	0	1
0	0	0	1	0	0	0	0	0
0	1	1	1	0	1	1	0	0

0	9	10	12	9	5	7	0	0
9	0	8	0	6	0	0	0	12
10	8	0	7	15	11	12	0	13
12	0	7	0	9	14	12	8	7
9	6	15	9	0	7	0	0	0
5	0	11	14	7	0	11	0	9
7	0	12	12	0	11	0	0	11
0	0	0	8	0	0	0	0	0
0	12	13	7	0	9	11	0	0

0	3	5	1	4	1	1	0	0
3	0	5	0	2	0	0	0	5
5	5	0	5	2	4	4	0	5
1	0	5	0	5	3	2	4	3
4	2	2	5	0	3	0	0	0
1	0	4	3	3	0	1	0	4
1	0	4	2	0	1	0	0	1
0	0	0	4	0	0	0	0	0
0	5	5	3	0	4	1	0	0

0	98	95	96	99	97	95	0	0
98	0	96	0	98	0	0	0	99
95	96	0	99	99	96	98	0	100
96	0	99	0	96	96	95	99	95
99	98	99	96	0	96	0	0	0
97	0	96	96	96	0	99	0	100
95	0	98	95	0	99	0	0	100
0	0	0	99	0	0	0	0	0
0	99	100	95	0	100	100	0	0

0	40	36	37	31	47	45	0	0
40	0	21	0	49	0	0	0	24
36	21	0	10	26	20	5	0	6
37	0	10	0	25	26	43	2	35
31	49	26	25	0	2	0	0	0
47	0	20	26	2	0	42	0	16
45	0	5	43	0	42	0	0	11
0	0	0	2	0	0	0	0	0
0	24	6	35	0	16	11	0	0

48	28
10	35
46	47
34	12
26	40
22	37
24	20
14	27
30	14
