0	0	0	1	1	0	1	1	1
0	0	1	1	1	1	1	1	0
0	1	0	1	1	1	1	0	0
1	1	1	0	1	0	1	1	1
1	1	1	1	0	1	0	0	1
0	1	1	0	1	0	1	1	1
1	1	1	1	0	1	0	1	1
1	1	0	1	0	1	1	0	1
1	0	0	1	1	1	1	1	0

0	0	0	11	9	0	6	14	11
0	0	6	14	14	11	12	8	0
0	6	0	8	15	13	10	0	0
11	14	8	0	13	0	14	14	8
9	14	15	13	0	5	0	0	10
0	11	13	0	5	0	9	14	6
6	12	10	14	0	9	0	11	15
14	8	0	14	0	14	11	0	15
11	0	0	8	10	6	15	15	0

0	0	0	2	1	0	1	5	3
0	0	5	1	3	3	3	4	0
0	5	0	5	5	2	3	0	0
2	1	5	0	4	0	3	3	2
1	3	5	4	0	1	0	0	4
0	3	2	0	1	0	3	1	2
1	3	3	3	0	3	0	5	4
5	4	0	3	0	1	5	0	3
3	0	0	2	4	2	4	3	0

0	0	0	95	96	0	99	100	98
0	0	98	98	100	100	96	96	0
0	98	0	99	97	96	99	0	0
95	98	99	0	98	0	100	99	99
96	100	97	98	0	97	0	0	97
0	100	96	0	97	0	98	100	97
99	96	99	100	0	98	0	100	98
100	96	0	99	0	100	100	0	97
98	0	0	99	97	97	98	97	0

0	0	0	32	22	0	40	36	23
0	0	40	4	25	41	9	40	0
0	40	0	10	23	14	22	0	0
32	4	10	0	33	0	2	39	23
22	25	23	33	0	34	0	0	11
0	41	14	0	34	0	35	34	15
40	9	22	2	0	35	0	44	27
36	40	0	39	0	34	44	0	33
23	0	0	23	11	15	27	33	0

42	13
22	40
31	16
24	14
28	30
49	37
20	28
45	15
24	13
