0	1	0	1	1	1	1	0	1	0
1	0	0	0	1	1	1	1	1	1
0	0	0	1	1	0	0	1	0	1
1	0	1	0	1	1	1	0	1	0
1	1	1	1	0	1	1	1	1	1
1	1	0	1	1	0	1	0	0	1
1	1	0	1	1	1	0	1	0	1
0	1	1	0	1	0	1	0	1	1
1	1	0	1	1	0	0	1	0	0
0	1	1	0	1	1	1	1	0	0

0	8	0	14	5	13	13	0	9	0
8	0	0	0	10	14	10	7	15	10
0	0	0	11	13	0	0	6	0	14
14	0	11	0	6	11	8	0	9	0
5	10	13	6	0	12	14	8	5	11
13	14	0	11	12	0	6	0	0	11
13	10	0	8	14	6	0	7	0	11
0	7	6	0	8	0	7	0	9	8
9	15	0	9	5	0	0	9	0	0
0	10	14	0	11	11	11	8	0	0

0	3	0	3	4	2	1	0	4	0
3	0	0	0	3	5	1	2	3	5
0	0	0	5	1	0	0	3	0	1
3	0	5	0	4	4	1	0	1	0
4	3	1	4	0	1	2	3	1	5
2	5	0	4	1	0	1	0	0	3
1	1	0	1	2	1	0	1	0	3
0	2	3	0	3	0	1	0	1	2
4	3	0	1	1	0	0	1	0	0
0	5	1	0	5	3	3	2	0	0

0	98	0	97	95	95	95	0	99	0
98	0	0	0	98	95	99	97	95	96
0	0	0	97	98	0	0	97	0	96
97	0	97	0	99	97	95	0	98	0
95	98	98	99	0	100	95	98	100	98
95	95	0	97	100	0	98	0	0	95
95	99	0	95	95	98	0	99	0	95
0	97	97	0	98	0	99	0	99	95
99	95	0	98	100	0	0	99	0	0
0	96	96	0	98	95	95	95	0	0

0	32	0	5	28	32	7	0	16	0
32	0	0	0	18	37	20	44	0	36
0	0	0	10	29	0	0	5	0	41
5	0	10	0	38	36	42	0	46	0
28	18	29	38	0	41	39	5	5	20
32	37	0	36	41	0	16	0	0	40
7	20	0	42	39	16	0	3	0	39
0	44	5	0	5	0	3	0	21	11
16	0	0	46	5	0	0	21	0	0
0	36	41	0	20	40	39	11	0	0

14	44
33	47
22	30
18	38
10	48
45	40
12	17
44	41
44	37
41	30
