0	1	1	0	0	0	0	1	1	1
1	0	1	0	1	0	0	1	1	1
1	1	0	1	1	1	1	0	0	1
0	0	1	0	1	0	1	0	0	1
0	1	1	1	0	1	0	1	1	0
0	0	1	0	1	0	1	0	1	1
0	0	1	1	0	1	0	1	1	1
1	1	0	0	1	0	1	0	1	1
1	1	0	0	1	1	1	1	0	1
1	1	1	1	0	1	1	1	1	0

0	9	7	0	0	0	0	5	8	11
9	0	5	0	15	0	0	15	14	8
7	5	0	11	14	6	13	0	0	9
0	0	11	0	6	0	10	0	0	12
0	15	14	6	0	12	0	11	10	0
0	0	6	0	12	0	14	0	15	11
0	0	13	10	0	14	0	9	15	9
5	15	0	0	11	0	9	0	9	8
8	14	0	0	10	15	15	9	0	15
11	8	9	12	0	11	9	8	15	0

0	2	2	0	0	0	0	3	5	2
2	0	3	0	3	0	0	5	3	3
2	3	0	5	3	3	5	0	0	1
0	0	5	0	5	0	2	0	0	2
0	3	3	5	0	1	0	3	3	0
0	0	3	0	1	0	5	0	5	3
0	0	5	2	0	5	0	1	4	1
3	5	0	0	3	0	1	0	1	1
5	3	0	0	3	5	4	1	0	2
2	3	1	2	0	3	1	1	2	0

0	98	97	0	0	0	0	97	100	99
98	0	100	0	96	0	0	99	99	100
97	100	0	98	100	98	99	0	0	98
0	0	98	0	97	0	97	0	0	100
0	96	100	97	0	97	0	100	96	0
0	0	98	0	97	0	100	0	97	95
0	0	99	97	0	100	0	95	98	96
97	99	0	0	100	0	95	0	99	98
100	99	0	0	96	97	98	99	0	98
99	100	98	100	0	95	96	98	98	0

0	3	30	0	0	0	0	36	31	36
3	0	22	0	8	0	0	12	26	37
30	22	0	12	9	5	9	0	0	43
0	0	12	0	12	0	25	0	0	34
0	8	9	12	0	23	0	30	27	0
0	0	5	0	23	0	21	0	35	15
0	0	9	25	0	21	0	41	10	38
36	12	0	0	30	0	41	0	10	6
31	26	0	0	27	35	10	10	0	37
36	37	43	34	0	15	38	6	37	0

21	15
28	23
48	37
28	13
32	50
38	35
31	40
24	41
33	19
12	29
