0	1	1	1	1	0	0	1
1	0	1	1	0	0	1	0
1	1	0	1	1	1	1	1
1	1	1	0	0	1	1	1
1	0	1	0	0	1	1	1
0	0	1	1	1	0	1	1
0	1	1	1	1	1	0	1
1	0	1	1	1	1	1	0

0	6	14	12	14	0	0	6
6	0	11	12	0	0	7	0
14	11	0	10	15	6	14	8
12	12	10	0	0	10	12	7
14	0	15	0	0	13	8	15
0	0	6	10	13	0	9	11
0	7	14	12	8	9	0	8
6	0	8	7	15	11	8	0

0	3	2	1	3	0	0	3
3	0	5	3	0	0	4	0
2	5	0	4	3	3	4	5
1	3	4	0	0	1	5	2
3	0	3	0	0	5	3	5
0	0	3	1	5	0	3	3
0	4	4	5	3	3	0	5
3	0	5	2	5	3	5	0

0	95	100	97	99	0	0	97
95	0	97	97	0	0	98	0
100	97	0	99	100	99	99	97
97	97	99	0	0	96	97	97
99	0	100	0	0	96	95	98
0	0	99	96	96	0	96	98
0	98	99	97	95	96	0	97
97	0	97	97	98	98	97	0

0	27	33	32	3	0	0	11
27	0	44	27	0	0	1	0
33	44	0	23	31	7	3	15
32	27	23	0	0	41	1	20
3	0	31	0	0	19	31	8
0	0	7	41	19	0	21	3
0	1	3	1	31	21	0	26
11	0	15	20	8	3	26	0

24	44
46	20
26	48
14	32
13	18
39	44
11	18
38	17
