0	0	1	0	1	0	1	1	1	1
0	0	1	1	1	0	1	1	1	0
1	1	0	1	1	1	0	0	0	1
0	1	1	0	1	1	1	1	1	1
1	1	1	1	0	0	1	0	1	1
0	0	1	1	0	0	1	0	1	1
1	1	0	1	1	1	0	0	0	0
1	1	0	1	0	0	0	0	1	1
1	1	0	1	1	1	0	1	0	1
1	0	1	1	1	1	0	1	1	0

0	0	14	0	14	0	7	11	10	8
0	0	6	12	13	0	10	5	9	0
14	6	0	9	10	14	0	0	0	13
0	12	9	0	13	14	11	5	9	9
14	13	10	13	0	0	12	0	8	7
0	0	14	14	0	0	8	0	6	13
7	10	0	11	12	8	0	0	0	0
11	5	0	5	0	0	0	0	10	7
10	9	0	9	8	6	0	10	0	12
8	0	13	9	7	13	0	7	12	0

0	0	1	0	2	0	4	5	3	2
0	0	3	3	4	0	5	3	1	0
1	3	0	5	1	4	0	0	0	1
0	3	5	0	2	2	4	4	4	5
2	4	1	2	0	0	5	0	5	4
0	0	4	2	0	0	1	0	2	1
4	5	0	4	5	1	0	0	0	0
5	3	0	4	0	0	0	0	1	3
3	1	0	4	5	2	0	1	0	1
2	0	1	5	4	1	0	3	1	0

0	0	95	0	99	0	98	95	98	96
0	0	96	100	98	0	96	99	99	0
95	96	0	99	97	99	0	0	0	95
0	100	99	0	95	98	99	95	99	100
99	98	97	95	0	0	97	0	96	96
0	0	99	98	0	0	99	0	96	98
98	96	0	99	97	99	0	0	0	0
95	99	0	95	0	0	0	0	98	99
98	99	0	99	96	96	0	98	0	98
96	0	95	100	96	98	0	99	98	0

0	0	15	0	40	0	18	34	35	41
0	0	14	25	7	0	16	21	28	0
15	14	0	7	10	10	0	0	0	27
0	25	7	0	25	30	32	29	21	13
40	7	10	25	0	0	34	0	15	25
0	0	10	30	0	0	30	0	44	33
18	16	0	32	34	30	0	0	0	0
34	21	0	29	0	0	0	0	24	33
35	28	0	21	15	44	0	24	0	13
41	0	27	13	25	33	0	33	13	0

42	36
41	30
41	26
13	19
26	16
35	46
36	36
48	23
39	20
16	28
