0	1	0	1	1	1	1	1	1
1	0	1	1	0	1	1	1	0
0	1	0	0	1	1	1	1	1
1	1	0	0	1	1	1	1	1
1	0	1	1	0	1	1	1	1
1	1	1	1	1	0	0	0	0
1	1	1	1	1	0	0	1	0
1	1	1	1	1	0	1	0	1
1	0	1	1	1	0	0	1	0

0	9	0	6	13	11	13	15	6
9	0	7	13	0	6	15	8	0
0	7	0	0	11	5	14	11	10
6	13	0	0	8	12	15	8	7
13	0	11	8	0	10	14	13	13
11	6	5	12	10	0	0	0	0
13	15	14	15	14	0	0	7	0
15	8	11	8	13	0	7	0	9
6	0	10	7	13	0	0	9	0

0	2	0	5	5	3	5	5	1
2	0	5	2	0	4	5	5	0
0	5	0	0	2	3	5	5	4
5	2	0	0	1	1	3	2	5
5	0	2	1	0	5	1	4	3
3	4	3	1	5	0	0	0	0
5	5	5	3	1	0	0	4	0
5	5	5	2	4	0	4	0	3
1	0	4	5	3	0	0	3	0

0	100	0	98	98	100	100	98	96
100	0	95	98	0	100	100	97	0
0	95	0	0	97	100	95	95	95
98	98	0	0	98	99	100	97	100
98	0	97	98	0	100	99	95	97
100	100	100	99	100	0	0	0	0
100	100	95	100	99	0	0	97	0
98	97	95	97	95	0	97	0	98
96	0	95	100	97	0	0	98	0

0	13	0	45	39	13	29	3	25
13	0	14	15	0	44	36	45	0
0	14	0	0	41	11	18	35	33
45	15	0	0	4	1	32	40	0
39	0	41	4	0	33	40	1	40
13	44	11	1	33	0	0	0	0
29	36	18	32	40	0	0	37	0
3	45	35	40	1	0	37	0	39
25	0	33	0	40	0	0	39	0

11	38
36	35
49	36
43	32
22	16
19	41
24	40
34	18
41	42
