0	1	1	1	1	1	0	1
1	0	0	0	1	1	1	1
1	0	0	0	0	1	1	1
1	0	0	0	1	1	1	1
1	1	0	1	0	1	0	0
1	1	1	1	1	0	1	1
0	1	1	1	0	1	0	1
1	1	1	1	0	1	1	0

0	15	9	14	7	9	0	13
15	0	0	0	5	6	12	14
9	0	0	0	0	7	14	8
14	0	0	0	9	12	12	6
7	5	0	9	0	14	0	0
9	6	7	12	14	0	11	14
0	12	14	12	0	11	0	6
13	14	8	6	0	14	6	0

0	4	3	3	1	2	0	1
4	0	0	0	1	3	5	4
3	0	0	0	0	5	2	1
3	0	0	0	3	2	4	4
1	1	0	3	0	2	0	0
2	3	5	2	2	0	2	2
0	5	2	4	0	2	0	2
1	4	1	4	0	2	2	0

0	95	100	96	95	98	0	97
95	0	0	0	100	98	100	99
100	0	0	0	0	100	100	98
96	0	0	0	99	95	100	100
95	100	0	99	0	100	0	0
98	98	100	95	100	0	95	97
0	100	100	100	0	95	0	99
97	99	98	100	0	97	99	0

0	0	32	34	10	30	0	17
0	0	0	0	35	29	9	5
32	0	0	0	0	14	21	6
34	0	0	0	18	25	31	41
10	35	0	18	0	6	0	0
30	29	14	25	6	0	24	39
0	9	21	31	0	24	0	11
17	5	6	41	0	39	11	0

38	12
32	50
13	49
10	14
29	19
10	50
50	26
50	49
