0	1	1	1	1	1	1
1	0	0	0	1	1	1
1	0	0	0	1	1	1
1	0	0	0	1	1	1
1	1	1	1	0	1	0
1	1	1	1	1	0	0
1	1	1	1	0	0	0

0	10	14	10	8	9	7
10	0	0	0	8	15	14
14	0	0	0	5	10	7
10	0	0	0	13	13	11
8	8	5	13	0	12	0
9	15	10	13	12	0	0
7	14	7	11	0	0	0

0	2	3	5	3	5	1
2	0	0	0	2	2	5
3	0	0	0	5	5	5
5	0	0	0	3	1	5
3	2	5	3	0	1	0
5	2	5	1	1	0	0
1	5	5	5	0	0	0

0	100	97	96	97	97	100
100	0	0	0	100	99	95
97	0	0	0	99	95	99
96	0	0	0	95	100	97
97	100	99	95	0	99	0
97	99	95	100	99	0	0
100	95	99	97	0	0	0

0	15	27	5	0	3	46
15	0	0	0	20	22	19
27	0	0	0	48	19	35
5	0	0	0	7	15	26
0	20	48	7	0	24	0
3	22	19	15	24	0	0
46	19	35	26	0	0	0

14	11
47	26
23	15
32	29
14	22
31	45
50	13
