0	1	1	1	1	1	0	1
1	0	1	1	1	1	1	1
1	1	0	1	0	1	1	0
1	1	1	0	0	1	0	1
1	1	0	0	0	1	1	0
1	1	1	1	1	0	0	1
0	1	1	0	1	0	0	1
1	1	0	1	0	1	1	0

0	6	12	13	13	10	0	10
6	0	11	6	14	14	8	7
12	11	0	8	0	13	6	0
13	6	8	0	0	11	0	9
13	14	0	0	0	7	12	0
10	14	13	11	7	0	0	6
0	8	6	0	12	0	0	12
10	7	0	9	0	6	12	0

0	2	3	1	2	2	0	5
2	0	4	2	3	5	5	4
3	4	0	1	0	4	3	0
1	2	1	0	0	4	0	2
2	3	0	0	0	4	5	0
2	5	4	4	4	0	0	1
0	5	3	0	5	0	0	3
5	4	0	2	0	1	3	0

0	100	96	95	96	95	0	99
100	0	100	97	95	95	98	97
96	100	0	99	0	95	98	0
95	97	99	0	0	100	0	98
96	95	0	0	0	99	98	0
95	95	95	100	99	0	0	95
0	98	98	0	98	0	0	96
99	97	0	98	0	95	96	0

0	1	39	29	22	24	0	37
1	0	37	46	26	10	40	46
39	37	0	29	0	3	35	0
29	46	29	0	0	10	0	11
22	26	0	0	0	41	6	0
24	10	3	10	41	0	0	35
0	40	35	0	6	0	0	38
37	46	0	11	0	35	38	0

17	28
10	39
17	17
17	26
39	45
22	37
21	20
10	29
