0	1	1	1	0	0	1	1	1
1	0	1	1	0	0	1	1	1
1	1	0	0	1	1	0	1	0
1	1	0	0	1	1	1	1	1
0	0	1	1	0	1	1	0	1
0	0	1	1	1	0	0	1	0
1	1	0	1	1	0	0	1	1
1	1	1	1	0	1	1	0	1
1	1	0	1	1	0	1	1	0

0	14	8	6	0	0	5	13	14
14	0	11	10	0	0	14	10	11
8	11	0	0	12	6	0	15	0
6	10	0	0	13	5	8	10	5
0	0	12	13	0	13	7	0	11
0	0	6	5	13	0	0	10	0
5	14	0	8	7	0	0	7	5
13	10	15	10	0	10	7	0	9
14	11	0	5	11	0	5	9	0

0	2	2	3	0	0	4	1	3
2	0	3	4	0	0	4	3	5
2	3	0	0	4	2	0	3	0
3	4	0	0	1	1	1	1	4
0	0	4	1	0	5	3	0	1
0	0	2	1	5	0	0	1	0
4	4	0	1	3	0	0	1	5
1	3	3	1	0	1	1	0	4
3	5	0	4	1	0	5	4	0

0	95	97	100	0	0	98	99	95
95	0	100	100	0	0	98	95	98
97	100	0	0	100	100	0	98	0
100	100	0	0	95	99	98	98	96
0	0	100	95	0	97	98	0	96
0	0	100	99	97	0	0	98	0
98	98	0	98	98	0	0	100	100
99	95	98	98	0	98	100	0	96
95	98	0	96	96	0	100	96	0

0	27	9	1	0	0	39	34	9
27	0	24	19	0	0	13	4	5
9	24	0	0	37	38	0	7	0
1	19	0	0	40	34	39	15	23
0	0	37	40	0	29	31	0	18
0	0	38	34	29	0	0	27	0
39	13	0	39	31	0	0	8	20
34	4	7	15	0	27	8	0	41
9	5	0	23	18	0	20	41	0

48	16
33	32
22	47
19	14
38	15
35	17
48	12
43	43
44	29
