0	0	1	1	0	1	0	0	1	0
0	0	0	1	0	1	1	1	1	0
1	0	0	1	1	0	1	0	0	1
1	1	1	0	1	0	0	1	1	1
0	0	1	1	0	0	0	0	1	0
1	1	0	0	0	0	1	1	1	0
0	1	1	0	0	1	0	1	1	1
0	1	0	1	0	1	1	0	1	1
1	1	0	1	1	1	1	1	0	0
0	0	1	1	0	0	1	1	0	0

0	0	8	6	0	15	0	0	6	0
0	0	0	6	0	6	8	11	5	0
8	0	0	7	12	0	15	0	0	5
6	6	7	0	15	0	0	13	12	11
0	0	12	15	0	0	0	0	9	0
15	6	0	0	0	0	9	9	12	0
0	8	15	0	0	9	0	15	12	10
0	11	0	13	0	9	15	0	10	9
6	5	0	12	9	12	12	10	0	0
0	0	5	11	0	0	10	9	0	0

0	0	3	4	0	4	0	0	4	0
0	0	0	4	0	3	2	2	4	0
3	0	0	2	3	0	4	0	0	4
4	4	2	0	2	0	0	1	5	5
0	0	3	2	0	0	0	0	4	0
4	3	0	0	0	0	1	5	3	0
0	2	4	0	0	1	0	1	4	1
0	2	0	1	0	5	1	0	5	3
4	4	0	5	4	3	4	5	0	0
0	0	4	5	0	0	1	3	0	0

0	0	99	95	0	99	0	0	96	0
0	0	0	99	0	97	100	95	97	0
99	0	0	97	98	0	98	0	0	100
95	99	97	0	100	0	0	96	95	99
0	0	98	100	0	0	0	0	100	0
99	97	0	0	0	0	98	100	100	0
0	100	98	0	0	98	0	100	95	99
0	95	0	96	0	100	100	0	95	99
96	97	0	95	100	100	95	95	0	0
0	0	100	99	0	0	99	99	0	0

0	0	22	44	0	28	0	0	25	0
0	0	0	38	0	24	1	11	26	0
22	0	0	25	0	0	0	0	0	47
44	38	25	0	27	0	0	15	4	32
0	0	0	27	0	0	0	0	11	0
28	24	0	0	0	0	37	0	30	0
0	1	0	0	0	37	0	12	34	20
0	11	0	15	0	0	12	0	4	29
25	26	0	4	11	30	34	4	0	0
0	0	47	32	0	0	20	29	0	0

21	23
27	41
27	32
34	26
45	35
30	48
11	38
40	48
19	20
44	19
