0	1	0	1	1	1	0	1
1	0	0	0	0	1	0	1
0	0	0	1	0	0	0	0
1	0	1	0	1	1	0	1
1	0	0	1	0	0	1	1
1	1	0	1	0	0	1	0
0	0	0	0	1	1	0	1
1	1	0	1	1	0	1	0

0	9	0	14	13	12	0	11
9	0	0	0	0	9	0	11
0	0	0	8	0	0	0	0
14	0	8	0	12	14	0	5
13	0	0	12	0	0	10	15
12	9	0	14	0	0	14	0
0	0	0	0	10	14	0	5
11	11	0	5	15	0	5	0

0	4	0	2	5	2	0	3
4	0	0	0	0	4	0	2
0	0	0	2	0	0	0	0
2	0	2	0	4	4	0	2
5	0	0	4	0	0	3	4
2	4	0	4	0	0	2	0
0	0	0	0	3	2	0	2
3	2	0	2	4	0	2	0

0	96	0	99	100	95	0	100
96	0	0	0	0	98	0	98
0	0	0	96	0	0	0	0
99	0	96	0	99	99	0	95
100	0	0	99	0	0	98	99
95	98	0	99	0	0	96	0
0	0	0	0	98	96	0	99
100	98	0	95	99	0	99	0

0	7	0	5	39	39	0	38
7	0	0	0	0	7	0	17
0	0	0	32	0	0	0	0
5	0	32	0	29	0	0	47
39	0	0	29	0	0	26	7
39	7	0	0	0	0	20	0
0	0	0	0	26	20	0	34
38	17	0	47	7	0	34	0

20	39
32	37
13	38
24	26
24	38
19	34
41	30
34	27
