0	1	1	1	0	1	1	0
1	0	1	0	1	0	1	1
1	1	0	1	1	1	1	1
1	0	1	0	0	0	0	0
0	1	1	0	0	0	0	0
1	0	1	0	0	0	0	1
1	1	1	0	0	0	0	1
0	1	1	0	0	1	1	0

0	12	8	11	0	6	5	0
12	0	14	0	14	0	7	14
8	14	0	12	10	14	9	9
11	0	12	0	0	0	0	0
0	14	10	0	0	0	0	0
6	0	14	0	0	0	0	8
5	7	9	0	0	0	0	15
0	14	9	0	0	8	15	0

0	4	1	5	0	4	1	0
4	0	2	0	2	0	5	3
1	2	0	5	2	4	2	4
5	0	5	0	0	0	0	0
0	2	2	0	0	0	0	0
4	0	4	0	0	0	0	5
1	5	2	0	0	0	0	3
0	3	4	0	0	5	3	0

0	95	97	97	0	97	95	0
95	0	99	0	95	0	100	99
97	99	0	96	97	96	99	100
97	0	96	0	0	0	0	0
0	95	97	0	0	0	0	0
97	0	96	0	0	0	0	99
95	100	99	0	0	0	0	95
0	99	100	0	0	99	95	0

0	7	14	24	0	30	2	0
7	0	19	0	21	0	19	2
14	19	0	27	19	17	3	41
24	0	27	0	0	0	0	0
0	21	19	0	0	0	0	0
30	0	17	0	0	0	0	32
2	19	3	0	0	0	0	29
0	2	41	0	0	32	29	0

27	12
19	14
14	12
39	18
45	37
14	13
22	17
24	22
