0	0	1	1	1	1	1	1	0
0	0	1	1	1	1	1	0	0
1	1	0	0	1	0	1	1	0
1	1	0	0	0	0	1	1	0
1	1	1	0	0	0	0	0	0
1	1	0	0	0	0	1	1	0
1	1	1	1	0	1	0	1	1
1	0	1	1	0	1	1	0	1
0	0	0	0	0	0	1	1	0

0	0	13	5	6	9	14	13	0
0	0	11	7	14	9	11	0	0
13	11	0	0	5	0	13	14	0
5	7	0	0	0	0	7	11	0
6	14	5	0	0	0	0	0	0
9	9	0	0	0	0	10	6	0
14	11	13	7	0	10	0	7	7
13	0	14	11	0	6	7	0	10
0	0	0	0	0	0	7	10	0

0	0	3	5	5	2	1	5	0
0	0	5	5	3	5	1	0	0
3	5	0	0	4	0	2	1	0
5	5	0	0	0	0	3	2	0
5	3	4	0	0	0	0	0	0
2	5	0	0	0	0	1	4	0
1	1	2	3	0	1	0	2	4
5	0	1	2	0	4	2	0	5
0	0	0	0	0	0	4	5	0

0	0	95	100	96	95	95	100	0
0	0	96	98	97	99	96	0	0
95	96	0	0	95	0	96	100	0
100	98	0	0	0	0	95	98	0
96	97	95	0	0	0	0	0	0
95	99	0	0	0	0	98	96	0
95	96	96	95	0	98	0	97	100
100	0	100	98	0	96	97	0	96
0	0	0	0	0	0	100	96	0

0	0	14	26	42	1	30	7	0
0	0	27	32	11	31	12	0	0
14	27	0	0	31	0	0	15	0
26	32	0	0	0	0	0	33	0
42	11	31	0	0	0	0	0	0
1	31	0	0	0	0	35	17	0
30	12	0	0	0	35	0	9	26
7	0	15	33	0	17	9	0	44
0	0	0	0	0	0	26	44	0

14	43
23	37
24	11
30	22
44	31
43	41
17	13
43	43
49	12
