0	0	1	1	0	0	1	1	1	0
0	0	1	1	0	1	1	0	1	1
1	1	0	0	0	1	1	1	1	0
1	1	0	0	0	0	1	1	1	1
0	0	0	0	0	0	1	1	1	1
0	1	1	0	0	0	1	0	1	1
1	1	1	1	1	1	0	0	1	0
1	0	1	1	1	0	0	0	1	0
1	1	1	1	1	1	1	1	0	1
0	1	0	1	1	1	0	0	1	0

0	0	9	7	0	0	6	6	8	0
0	0	9	7	0	7	7	0	7	15
9	9	0	0	0	14	5	14	6	0
7	7	0	0	0	0	8	8	8	7
0	0	0	0	0	0	15	12	15	15
0	7	14	0	0	0	14	0	6	10
6	7	5	8	15	14	0	0	6	0
6	0	14	8	12	0	0	0	8	0
8	7	6	8	15	6	6	8	0	8
0	15	0	7	15	10	0	0	8	0

0	0	3	5	0	0	5	1	4	0
0	0	1	3	0	1	3	0	3	1
3	1	0	0	0	1	2	2	3	0
5	3	0	0	0	0	5	1	2	2
0	0	0	0	0	0	4	5	4	5
0	1	1	0	0	0	4	0	3	1
5	3	2	5	4	4	0	0	5	0
1	0	2	1	5	0	0	0	3	0
4	3	3	2	4	3	5	3	0	5
0	1	0	2	5	1	0	0	5	0

0	0	98	100	0	0	99	95	100	0
0	0	95	100	0	99	95	0	98	97
98	95	0	0	0	99	95	97	96	0
100	100	0	0	0	0	96	99	96	97
0	0	0	0	0	0	96	100	96	96
0	99	99	0	0	0	97	0	96	99
99	95	95	96	96	97	0	0	95	0
95	0	97	99	100	0	0	0	99	0
100	98	96	96	96	96	95	99	0	97
0	97	0	97	96	99	0	0	97	0

0	0	34	45	0	0	29	13	46	0
0	0	34	13	0	24	41	0	47	11
34	34	0	0	0	31	43	29	5	0
45	13	0	0	0	0	44	3	47	11
0	0	0	0	0	0	21	7	10	39
0	24	31	0	0	0	9	0	20	26
29	41	43	44	21	9	0	0	10	0
13	0	29	3	7	0	0	0	30	0
46	47	5	47	10	20	10	30	0	36
0	11	0	11	39	26	0	0	36	0

31	13
13	45
36	17
25	21
14	19
35	17
27	23
43	11
40	34
49	36
