0	0	0	1	0	0	1	1	1	1
0	0	1	1	1	1	0	1	0	1
0	1	0	1	1	0	1	1	0	1
1	1	1	0	1	1	1	1	1	0
0	1	1	1	0	1	1	0	1	1
0	1	0	1	1	0	1	1	0	0
1	0	1	1	1	1	0	0	0	1
1	1	1	1	0	1	0	0	0	0
1	0	0	1	1	0	0	0	0	0
1	1	1	0	1	0	1	0	0	0

0	0	0	12	0	0	8	12	8	15
0	0	14	13	5	9	0	10	0	5
0	14	0	15	8	0	6	15	0	13
12	13	15	0	8	6	7	11	12	0
0	5	8	8	0	5	5	0	5	5
0	9	0	6	5	0	14	11	0	0
8	0	6	7	5	14	0	0	0	9
12	10	15	11	0	11	0	0	0	0
8	0	0	12	5	0	0	0	0	0
15	5	13	0	5	0	9	0	0	0

0	0	0	5	0	0	3	5	2	4
0	0	3	3	2	3	0	2	0	3
0	3	0	3	5	0	3	2	0	5
5	3	3	0	1	4	3	5	3	0
0	2	5	1	0	4	2	0	5	2
0	3	0	4	4	0	1	3	0	0
3	0	3	3	2	1	0	0	0	2
5	2	2	5	0	3	0	0	0	0
2	0	0	3	5	0	0	0	0	0
4	3	5	0	2	0	2	0	0	0

0	0	0	96	0	0	96	97	97	98
0	0	100	100	95	98	0	99	0	96
0	100	0	96	99	0	97	96	0	100
96	100	96	0	96	98	100	98	99	0
0	95	99	96	0	95	98	0	96	96
0	98	0	98	95	0	98	96	0	0
96	0	97	100	98	98	0	0	0	95
97	99	96	98	0	96	0	0	0	0
97	0	0	99	96	0	0	0	0	0
98	96	100	0	96	0	95	0	0	0

0	0	0	5	0	0	0	32	46	29
0	0	10	33	0	42	0	13	0	37
0	10	0	33	12	0	32	40	0	25
5	33	33	0	0	35	14	29	38	0
0	0	12	0	0	20	49	0	26	38
0	42	0	35	20	0	11	29	0	0
0	0	32	14	49	11	0	0	0	31
32	13	40	29	0	29	0	0	0	0
46	0	0	38	26	0	0	0	0	0
29	37	25	0	38	0	31	0	0	0

22	38
13	31
26	26
27	46
13	16
27	22
15	31
13	26
37	17
31	36
