0	1	0	1	1	1	0
1	0	1	1	1	1	1
0	1	0	1	0	1	1
1	1	1	0	1	1	1
1	1	0	1	0	0	1
1	1	1	1	0	0	1
0	1	1	1	1	1	0

0	10	0	14	10	8	0
10	0	8	7	11	5	8
0	8	0	5	0	8	13
14	7	5	0	12	14	14
10	11	0	12	0	0	12
8	5	8	14	0	0	12
0	8	13	14	12	12	0

0	1	0	2	1	3	0
1	0	3	4	1	1	5
0	3	0	4	0	4	1
2	4	4	0	3	2	4
1	1	0	3	0	0	5
3	1	4	2	0	0	3
0	5	1	4	5	3	0

0	95	0	95	95	96	0
95	0	95	99	97	99	96
0	95	0	95	0	100	99
95	99	95	0	97	96	96
95	97	0	97	0	0	99
96	99	100	96	0	0	100
0	96	99	96	99	100	0

0	12	0	23	10	21	0
12	0	43	30	38	13	2
0	43	0	48	0	42	5
23	30	48	0	11	4	34
10	38	0	11	0	0	32
21	13	42	4	0	0	36
0	2	5	34	32	36	0

27	42
29	44
15	10
21	19
16	49
32	16
49	34
