0	0	1	1	0	1	0	1	1
0	0	1	1	1	1	1	1	1
1	1	0	1	1	1	0	1	1
1	1	1	0	1	0	0	1	1
0	1	1	1	0	1	1	1	1
1	1	1	0	1	0	1	1	1
0	1	0	0	1	1	0	1	1
1	1	1	1	1	1	1	0	0
1	1	1	1	1	1	1	0	0

0	0	14	9	0	12	0	13	10
0	0	9	12	14	14	7	9	11
14	9	0	10	12	13	0	8	7
9	12	10	0	10	0	0	6	5
0	14	12	10	0	5	14	8	13
12	14	13	0	5	0	12	15	13
0	7	0	0	14	12	0	15	6
13	9	8	6	8	15	15	0	0
10	11	7	5	13	13	6	0	0

0	0	1	2	0	2	0	2	4
0	0	1	1	1	2	3	1	1
1	1	0	1	1	1	0	1	1
2	1	1	0	5	0	0	5	1
0	1	1	5	0	2	5	3	5
2	2	1	0	2	0	2	5	2
0	3	0	0	5	2	0	2	5
2	1	1	5	3	5	2	0	0
4	1	1	1	5	2	5	0	0

0	0	99	96	0	97	0	95	100
0	0	96	100	96	95	95	98	98
99	96	0	99	99	99	0	99	98
96	100	99	0	95	0	0	96	99
0	96	99	95	0	98	99	97	97
97	95	99	0	98	0	98	98	97
0	95	0	0	99	98	0	98	100
95	98	99	96	97	98	98	0	0
100	98	98	99	97	97	100	0	0

0	0	14	30	0	18	0	5	19
0	0	36	1	39	26	45	8	4
14	36	0	45	16	37	0	39	41
30	1	45	0	30	0	0	13	49
0	39	16	30	0	31	37	2	19
18	26	37	0	31	0	35	25	12
0	45	0	0	37	35	0	28	7
5	8	39	13	2	25	28	0	0
19	4	41	49	19	12	7	0	0

49	18
29	22
38	15
13	36
29	15
12	24
42	50
19	43
26	27
