0	1	0	1	1	0	0	1	1	1
1	0	1	0	1	1	1	0	0	1
0	1	0	1	1	1	1	1	0	1
1	0	1	0	1	1	1	1	0	1
1	1	1	1	0	0	1	1	0	1
0	1	1	1	0	0	0	1	0	0
0	1	1	1	1	0	0	1	0	0
1	0	1	1	1	1	1	0	0	1
1	0	0	0	0	0	0	0	0	1
1	1	1	1	1	0	0	1	1	0

0	8	0	15	5	0	0	10	7	10
8	0	13	0	10	7	5	0	0	15
0	13	0	10	7	13	12	13	0	10
15	0	10	0	11	13	8	10	0	14
5	10	7	11	0	0	6	10	0	14
0	7	13	13	0	0	0	11	0	0
0	5	12	8	6	0	0	15	0	0
10	0	13	10	10	11	15	0	0	8
7	0	0	0	0	0	0	0	0	14
10	15	10	14	14	0	0	8	14	0

0	5	0	3	2	0	0	4	2	2
5	0	2	0	4	5	4	0	0	4
0	2	0	3	2	2	4	5	0	4
3	0	3	0	3	1	5	5	0	3
2	4	2	3	0	0	3	5	0	5
0	5	2	1	0	0	0	2	0	0
0	4	4	5	3	0	0	2	0	0
4	0	5	5	5	2	2	0	0	3
2	0	0	0	0	0	0	0	0	3
2	4	4	3	5	0	0	3	3	0

0	95	0	99	100	0	0	96	99	99
95	0	98	0	100	97	97	0	0	98
0	98	0	100	95	99	95	97	0	100
99	0	100	0	96	95	95	98	0	96
100	100	95	96	0	0	98	100	0	96
0	97	99	95	0	0	0	100	0	0
0	97	95	95	98	0	0	99	0	0
96	0	97	98	100	100	99	0	0	99
99	0	0	0	0	0	0	0	0	100
99	98	100	96	96	0	0	99	100	0

0	43	0	21	5	0	0	22	31	23
43	0	2	0	22	38	39	0	0	21
0	2	0	17	38	24	4	4	0	13
21	0	17	0	31	39	4	42	0	0
5	22	38	31	0	0	20	22	0	13
0	38	24	39	0	0	0	24	0	0
0	39	4	4	20	0	0	31	0	0
22	0	4	42	22	24	31	0	0	2
31	0	0	0	0	0	0	0	0	8
23	21	13	0	13	0	0	2	8	0

33	11
30	14
40	28
31	22
47	18
10	38
21	31
50	29
24	20
10	17
