0	0	1	0	1	1	1	1	0	1
0	0	0	0	0	1	1	1	0	1
1	0	0	0	0	1	1	1	0	0
0	0	0	0	0	1	0	1	1	1
1	0	0	0	0	1	1	0	1	1
1	1	1	1	1	0	1	1	1	1
1	1	1	0	1	1	0	1	0	0
1	1	1	1	0	1	1	0	0	0
0	0	0	1	1	1	0	0	0	1
1	1	0	1	1	1	0	0	1	0

0	0	5	0	7	15	5	7	0	9
0	0	0	0	0	8	14	10	0	11
5	0	0	0	0	13	9	14	0	0
0	0	0	0	0	14	0	15	9	8
7	0	0	0	0	5	14	0	5	12
15	8	13	14	5	0	8	6	7	14
5	14	9	0	14	8	0	11	0	0
7	10	14	15	0	6	11	0	0	0
0	0	0	9	5	7	0	0	0	5
9	11	0	8	12	14	0	0	5	0

0	0	4	0	2	1	4	5	0	5
0	0	0	0	0	1	3	4	0	1
4	0	0	0	0	1	5	5	0	0
0	0	0	0	0	1	0	2	2	2
2	0	0	0	0	1	5	0	1	4
1	1	1	1	1	0	2	1	3	2
4	3	5	0	5	2	0	5	0	0
5	4	5	2	0	1	5	0	0	0
0	0	0	2	1	3	0	0	0	1
5	1	0	2	4	2	0	0	1	0

0	0	98	0	96	96	98	95	0	97
0	0	0	0	0	98	97	100	0	97
98	0	0	0	0	100	98	97	0	0
0	0	0	0	0	96	0	97	98	100
96	0	0	0	0	98	99	0	95	97
96	98	100	96	98	0	95	97	98	100
98	97	98	0	99	95	0	97	0	0
95	100	97	97	0	97	97	0	0	0
0	0	0	98	95	98	0	0	0	100
97	97	0	100	97	100	0	0	100	0

0	0	12	0	25	18	17	8	0	36
0	0	0	0	0	22	25	11	0	37
12	0	0	0	0	24	24	25	0	0
0	0	0	0	0	30	0	25	11	3
25	0	0	0	0	6	3	0	13	0
18	22	24	30	6	0	41	8	37	31
17	25	24	0	3	41	0	44	0	0
8	11	25	25	0	8	44	0	0	0
0	0	0	11	13	37	0	0	0	45
36	37	0	3	0	31	0	0	45	0

45	10
43	31
22	41
40	33
13	41
24	34
36	13
34	19
35	49
14	39
