0	1	0	1	1	1	1	1	0	1
1	0	0	1	1	1	1	0	0	1
0	0	0	1	1	0	0	0	0	0
1	1	1	0	1	1	1	1	1	0
1	1	1	1	0	1	0	1	1	1
1	1	0	1	1	0	1	1	1	1
1	1	0	1	0	1	0	0	1	1
1	0	0	1	1	1	0	0	1	1
0	0	0	1	1	1	1	1	0	1
1	1	0	0	1	1	1	1	1	0

0	14	0	10	6	10	14	13	0	9
14	0	0	5	10	14	5	0	0	10
0	0	0	5	5	0	0	0	0	0
10	5	5	0	14	15	13	7	8	0
6	10	5	14	0	7	0	14	13	8
10	14	0	15	7	0	10	11	7	11
14	5	0	13	0	10	0	0	5	10
13	0	0	7	14	11	0	0	15	8
0	0	0	8	13	7	5	15	0	13
9	10	0	0	8	11	10	8	13	0

0	5	0	1	2	3	5	2	0	4
5	0	0	4	1	1	4	0	0	3
0	0	0	2	2	0	0	0	0	0
1	4	2	0	1	2	2	5	2	0
2	1	2	1	0	3	0	5	2	1
3	1	0	2	3	0	1	4	1	3
5	4	0	2	0	1	0	0	3	3
2	0	0	5	5	4	0	0	2	1
0	0	0	2	2	1	3	2	0	1
4	3	0	0	1	3	3	1	1	0

0	96	0	96	97	100	97	98	0	96
96	0	0	96	99	97	95	0	0	97
0	0	0	100	99	0	0	0	0	0
96	96	100	0	96	99	98	98	100	0
97	99	99	96	0	95	0	96	95	96
100	97	0	99	95	0	98	99	97	96
97	95	0	98	0	98	0	0	98	100
98	0	0	98	96	99	0	0	98	97
0	0	0	100	95	97	98	98	0	95
96	97	0	0	96	96	100	97	95	0

0	1	0	27	36	7	20	22	0	5
1	0	0	38	27	8	14	0	0	37
0	0	0	41	44	0	0	0	0	0
27	38	41	0	13	14	25	45	10	0
36	27	44	13	0	12	0	12	29	8
7	8	0	14	12	0	5	8	47	32
20	14	0	25	0	5	0	0	0	25
22	0	0	45	12	8	0	0	33	12
0	0	0	10	29	47	0	33	0	26
5	37	0	0	8	32	25	12	26	0

44	18
40	27
40	38
33	23
23	28
18	12
36	16
38	15
23	43
34	10
