0	0	1	1	0	0	1	1	1	0
0	0	0	0	0	1	1	1	1	1
1	0	0	0	1	0	1	1	0	1
1	0	0	0	0	1	1	0	1	1
0	0	1	0	0	1	1	1	1	0
0	1	0	1	1	0	0	0	1	0
1	1	1	1	1	0	0	1	1	0
1	1	1	0	1	0	1	0	1	0
1	1	0	1	1	1	1	1	0	1
0	1	1	1	0	0	0	0	1	0

0	0	12	8	0	0	10	8	11	0
0	0	0	0	0	12	8	9	10	5
12	0	0	0	14	0	6	11	0	9
8	0	0	0	0	14	9	0	8	8
0	0	14	0	0	13	14	8	5	0
0	12	0	14	13	0	0	0	12	0
10	8	6	9	14	0	0	9	10	0
8	9	11	0	8	0	9	0	5	0
11	10	0	8	5	12	10	5	0	7
0	5	9	8	0	0	0	0	7	0

0	0	2	1	0	0	2	1	1	0
0	0	0	0	0	1	2	2	2	2
2	0	0	0	5	0	5	2	0	2
1	0	0	0	0	5	2	0	1	4
0	0	5	0	0	5	2	4	4	0
0	1	0	5	5	0	0	0	5	0
2	2	5	2	2	0	0	1	1	0
1	2	2	0	4	0	1	0	4	0
1	2	0	1	4	5	1	4	0	4
0	2	2	4	0	0	0	0	4	0

0	0	100	95	0	0	98	100	97	0
0	0	0	0	0	97	100	95	99	95
100	0	0	0	97	0	95	100	0	96
95	0	0	0	0	95	98	0	98	99
0	0	97	0	0	99	96	97	96	0
0	97	0	95	99	0	0	0	96	0
98	100	95	98	96	0	0	99	95	0
100	95	100	0	97	0	99	0	95	0
97	99	0	98	96	96	95	95	0	96
0	95	96	99	0	0	0	0	96	0

0	0	43	13	0	0	40	33	10	0
0	0	0	0	0	6	29	17	12	45
43	0	0	0	24	0	21	14	0	19
13	0	0	0	0	41	4	0	5	13
0	0	24	0	0	11	23	9	34	0
0	6	0	41	11	0	0	0	14	0
40	29	21	4	23	0	0	3	7	0
33	17	14	0	9	0	3	0	8	0
10	12	0	5	34	14	7	8	0	26
0	45	19	13	0	0	0	0	26	0

30	45
50	12
12	12
42	39
44	34
13	35
13	49
24	35
38	14
34	15
