0	0	1	1	1	1	1	0
0	0	1	0	1	1	0	0
1	1	0	0	1	1	1	1
1	0	0	0	0	1	0	0
1	1	1	0	0	0	1	1
1	1	1	1	0	0	1	1
1	0	1	0	1	1	0	1
0	0	1	0	1	1	1	0

0	0	15	5	12	5	5	0
0	0	9	0	10	13	0	0
15	9	0	0	8	12	8	11
5	0	0	0	0	10	0	0
12	10	8	0	0	0	14	6
5	13	12	10	0	0	10	13
5	0	8	0	14	10	0	13
0	0	11	0	6	13	13	0

0	0	5	4	3	3	3	0
0	0	4	0	3	5	0	0
5	4	0	0	5	1	1	1
4	0	0	0	0	4	0	0
3	3	5	0	0	0	2	4
3	5	1	4	0	0	4	5
3	0	1	0	2	4	0	5
0	0	1	0	4	5	5	0

0	0	100	100	100	98	100	0
0	0	96	0	100	99	0	0
100	96	0	0	99	98	96	97
100	0	0	0	0	99	0	0
100	100	99	0	0	0	98	95
98	99	98	99	0	0	100	100
100	0	96	0	98	100	0	96
0	0	97	0	95	100	96	0

0	0	11	20	33	34	25	0
0	0	41	0	21	8	0	0
11	41	0	0	19	3	22	43
20	0	0	0	0	40	0	0
33	21	19	0	0	0	41	5
34	8	3	40	0	0	13	22
25	0	22	0	41	13	0	5
0	0	43	0	5	22	5	0

15	28
35	20
21	34
11	34
36	16
29	37
32	18
12	34
