0	1	1	1	1	0	1
1	0	1	1	1	1	1
1	1	0	1	0	1	1
1	1	1	0	0	1	1
1	1	0	0	0	0	0
0	1	1	1	0	0	1
1	1	1	1	0	1	0

0	7	15	8	10	0	13
7	0	13	15	11	10	5
15	13	0	10	0	9	5
8	15	10	0	0	10	9
10	11	0	0	0	0	0
0	10	9	10	0	0	5
13	5	5	9	0	5	0

0	3	5	1	5	0	2
3	0	4	3	2	2	2
5	4	0	1	0	5	1
1	3	1	0	0	4	4
5	2	0	0	0	0	0
0	2	5	4	0	0	1
2	2	1	4	0	1	0

0	98	95	99	97	0	95
98	0	100	95	96	100	96
95	100	0	98	0	99	98
99	95	98	0	0	99	96
97	96	0	0	0	0	0
0	100	99	99	0	0	96
95	96	98	96	0	96	0

0	33	27	36	3	0	41
33	0	18	26	18	43	12
27	18	0	37	0	45	17
36	26	37	0	0	18	37
3	18	0	0	0	0	0
0	43	45	18	0	0	43
41	12	17	37	0	43	0

48	26
47	11
42	22
40	31
11	21
12	28
25	35
