0	0	0	0	1	1	0	1	1
0	0	0	0	1	1	0	1	1
0	0	0	0	1	1	1	1	1
0	0	0	0	1	0	1	1	1
1	1	1	1	0	1	1	0	1
1	1	1	0	1	0	0	1	0
0	0	1	1	1	0	0	1	0
1	1	1	1	0	1	1	0	1
1	1	1	1	1	0	0	1	0

0	0	0	0	7	11	0	9	9
0	0	0	0	6	13	0	14	6
0	0	0	0	9	9	7	5	13
0	0	0	0	14	0	7	6	7
7	6	9	14	0	9	8	0	15
11	13	9	0	9	0	0	6	0
0	0	7	7	8	0	0	10	0
9	14	5	6	0	6	10	0	11
9	6	13	7	15	0	0	11	0

0	0	0	0	2	4	0	2	3
0	0	0	0	2	1	0	2	1
0	0	0	0	2	4	5	1	3
0	0	0	0	1	0	3	4	3
2	2	2	1	0	5	2	0	1
4	1	4	0	5	0	0	1	0
0	0	5	3	2	0	0	3	0
2	2	1	4	0	1	3	0	3
3	1	3	3	1	0	0	3	0

0	0	0	0	99	98	0	99	100
0	0	0	0	96	100	0	98	98
0	0	0	0	98	97	95	99	98
0	0	0	0	98	0	96	100	98
99	96	98	98	0	99	98	0	99
98	100	97	0	99	0	0	96	0
0	0	95	96	98	0	0	96	0
99	98	99	100	0	96	96	0	97
100	98	98	98	99	0	0	97	0

0	0	0	0	36	26	0	20	29
0	0	0	0	44	22	0	19	1
0	0	0	0	40	27	26	28	17
0	0	0	0	5	0	39	32	18
36	44	40	5	0	9	39	0	12
26	22	27	0	9	0	0	37	0
0	0	26	39	39	0	0	43	0
20	19	28	32	0	37	43	0	5
29	1	17	18	12	0	0	5	0

43	41
18	13
25	38
32	46
12	11
10	15
37	19
40	22
28	20
