0	1	1	1	1	0	0	1	0
1	0	1	1	0	1	0	0	0
1	1	0	1	0	1	0	1	1
1	1	1	0	0	1	1	1	1
1	0	0	0	0	1	1	1	1
0	1	1	1	1	0	1	1	1
0	0	0	1	1	1	0	1	1
1	0	1	1	1	1	1	0	0
0	0	1	1	1	1	1	0	0

0	9	14	8	9	0	0	13	0
9	0	13	13	0	9	0	0	0
14	13	0	9	0	7	0	11	12
8	13	9	0	0	6	11	5	7
9	0	0	0	0	9	10	12	13
0	9	7	6	9	0	10	10	7
0	0	0	11	10	10	0	13	14
13	0	11	5	12	10	13	0	0
0	0	12	7	13	7	14	0	0

0	5	3	5	3	0	0	5	0
5	0	1	5	0	5	0	0	0
3	1	0	2	0	2	0	1	1
5	5	2	0	0	5	5	3	3
3	0	0	0	0	1	3	1	4
0	5	2	5	1	0	3	3	1
0	0	0	5	3	3	0	2	1
5	0	1	3	1	3	2	0	0
0	0	1	3	4	1	1	0	0

0	97	97	98	100	0	0	98	0
97	0	97	95	0	97	0	0	0
97	97	0	100	0	98	0	99	97
98	95	100	0	0	95	100	99	95
100	0	0	0	0	96	95	98	100
0	97	98	95	96	0	96	96	98
0	0	0	100	95	96	0	98	98
98	0	99	99	98	96	98	0	0
0	0	97	95	100	98	98	0	0

0	24	19	33	37	0	0	11	0
24	0	19	19	0	26	0	0	0
19	19	0	36	0	17	0	4	9
33	19	36	0	0	38	8	34	29
37	0	0	0	0	31	11	17	15
0	26	17	38	31	0	42	34	16
0	0	0	8	11	42	0	38	18
11	0	4	34	17	34	38	0	0
0	0	9	29	15	16	18	0	0

46	29
28	21
28	39
43	17
41	44
18	42
34	50
11	27
14	24
