0	1	1	0	1	1	1	1	0
1	0	0	1	0	1	0	1	0
1	0	0	0	1	1	0	1	1
0	1	0	0	1	0	1	0	0
1	0	1	1	0	0	1	1	1
1	1	1	0	0	0	1	1	1
1	0	0	1	1	1	0	1	1
1	1	1	0	1	1	1	0	1
0	0	1	0	1	1	1	1	0

0	6	6	0	14	10	10	8	0
6	0	0	13	0	14	0	12	0
6	0	0	0	11	9	0	11	12
0	13	0	0	10	0	7	0	0
14	0	11	10	0	0	5	8	14
10	14	9	0	0	0	11	6	10
10	0	0	7	5	11	0	10	7
8	12	11	0	8	6	10	0	15
0	0	12	0	14	10	7	15	0

0	2	5	0	1	2	4	3	0
2	0	0	2	0	4	0	5	0
5	0	0	0	2	3	0	5	1
0	2	0	0	1	0	2	0	0
1	0	2	1	0	0	1	4	2
2	4	3	0	0	0	1	5	3
4	0	0	2	1	1	0	4	2
3	5	5	0	4	5	4	0	4
0	0	1	0	2	3	2	4	0

0	95	100	0	96	99	96	98	0
95	0	0	98	0	100	0	96	0
100	0	0	0	96	100	0	97	95
0	98	0	0	100	0	98	0	0
96	0	96	100	0	0	99	100	95
99	100	100	0	0	0	99	99	100
96	0	0	98	99	99	0	95	96
98	96	97	0	100	99	95	0	98
0	0	95	0	95	100	96	98	0

0	5	5	0	17	44	36	20	0
5	0	0	41	0	1	0	25	0
5	0	0	0	39	43	0	21	27
0	41	0	0	12	0	32	0	0
17	0	39	12	0	0	41	28	41
44	1	43	0	0	0	26	39	18
36	0	0	32	41	26	0	9	7
20	25	21	0	28	39	9	0	37
0	0	27	0	41	18	7	37	0

44	48
41	10
50	36
21	21
39	27
15	35
39	33
12	14
32	13
