0	1	1	0	1	1	0	1
1	0	1	1	1	0	0	0
1	1	0	1	1	1	1	1
0	1	1	0	0	1	1	1
1	1	1	0	0	0	1	0
1	0	1	1	0	0	0	0
0	0	1	1	1	0	0	0
1	0	1	1	0	0	0	0

0	8	13	0	9	15	0	9
8	0	10	15	6	0	0	0
13	10	0	9	7	11	9	9
0	15	9	0	0	12	5	8
9	6	7	0	0	0	7	0
15	0	11	12	0	0	0	0
0	0	9	5	7	0	0	0
9	0	9	8	0	0	0	0

0	3	2	0	5	4	0	4
3	0	5	2	1	0	0	0
2	5	0	3	3	2	1	1
0	2	3	0	0	1	4	4
5	1	3	0	0	0	4	0
4	0	2	1	0	0	0	0
0	0	1	4	4	0	0	0
4	0	1	4	0	0	0	0

0	98	95	0	100	97	0	99
98	0	98	95	97	0	0	0
95	98	0	95	100	98	95	97
0	95	95	0	0	97	100	100
100	97	100	0	0	0	97	0
97	0	98	97	0	0	0	0
0	0	95	100	97	0	0	0
99	0	97	100	0	0	0	0

0	18	31	0	5	29	0	2
18	0	31	18	38	0	0	0
31	31	0	38	28	13	45	2
0	18	38	0	0	7	35	9
5	38	28	0	0	0	10	0
29	0	13	7	0	0	0	0
0	0	45	35	10	0	0	0
2	0	2	9	0	0	0	0

26	15
16	28
17	37
30	34
19	22
47	14
48	19
29	33
