0	1	0	1	0	1	1	1
1	0	1	1	1	1	0	1
0	1	0	1	1	1	1	1
1	1	1	0	1	1	0	0
0	1	1	1	0	1	1	1
1	1	1	1	1	0	1	0
1	0	1	0	1	1	0	1
1	1	1	0	1	0	1	0

0	14	0	11	0	8	12	11
14	0	5	12	8	11	0	7
0	5	0	10	7	6	8	14
11	12	10	0	15	7	0	0
0	8	7	15	0	13	8	13
8	11	6	7	13	0	7	0
12	0	8	0	8	7	0	12
11	7	14	0	13	0	12	0

0	1	0	3	0	3	1	2
1	0	4	2	4	5	0	1
0	4	0	4	2	4	1	4
3	2	4	0	2	5	0	0
0	4	2	2	0	1	3	5
3	5	4	5	1	0	3	0
1	0	1	0	3	3	0	2
2	1	4	0	5	0	2	0

0	98	0	97	0	99	96	100
98	0	97	95	95	95	0	98
0	97	0	96	98	99	96	100
97	95	96	0	96	98	0	0
0	95	98	96	0	98	99	98
99	95	99	98	98	0	98	0
96	0	96	0	99	98	0	95
100	98	100	0	98	0	95	0

0	21	0	26	0	5	5	21
21	0	39	5	30	41	0	35
0	39	0	8	48	41	20	1
26	5	8	0	34	6	0	0
0	30	48	34	0	25	44	28
5	41	41	6	25	0	46	0
5	0	20	0	44	46	0	20
21	35	1	0	28	0	20	0

21	16
30	14
28	33
40	16
24	14
10	32
27	33
43	27
