0	1	1	1	0	1	0	1	0
1	0	0	1	1	0	1	1	1
1	0	0	1	1	1	1	1	1
1	1	1	0	0	1	1	1	1
0	1	1	0	0	1	0	0	1
1	0	1	1	1	0	1	1	1
0	1	1	1	0	1	0	1	1
1	1	1	1	0	1	1	0	1
0	1	1	1	1	1	1	1	0

0	12	15	13	0	15	0	10	0
12	0	0	9	12	0	15	8	10
15	0	0	14	9	5	14	10	10
13	9	14	0	0	8	15	10	10
0	12	9	0	0	15	0	0	15
15	0	5	8	15	0	6	5	9
0	15	14	15	0	6	0	14	13
10	8	10	10	0	5	14	0	10
0	10	10	10	15	9	13	10	0

0	3	1	4	0	1	0	3	0
3	0	0	4	3	0	3	2	4
1	0	0	2	3	5	5	5	2
4	4	2	0	0	1	5	5	5
0	3	3	0	0	5	0	0	4
1	0	5	1	5	0	3	4	4
0	3	5	5	0	3	0	4	2
3	2	5	5	0	4	4	0	5
0	4	2	5	4	4	2	5	0

0	97	100	95	0	95	0	99	0
97	0	0	99	96	0	99	96	100
100	0	0	98	98	96	96	97	95
95	99	98	0	0	97	95	97	98
0	96	98	0	0	98	0	0	97
95	0	96	97	98	0	99	100	98
0	99	96	95	0	99	0	96	98
99	96	97	97	0	100	96	0	95
0	100	95	98	97	98	98	95	0

0	34	19	19	0	39	0	38	0
34	0	0	19	0	0	11	0	41
19	0	0	17	23	25	40	25	8
19	19	17	0	0	3	18	23	44
0	0	23	0	0	3	0	0	23
39	0	25	3	3	0	26	14	29
0	11	40	18	0	26	0	13	23
38	0	25	23	0	14	13	0	5
0	41	8	44	23	29	23	5	0

20	16
23	14
48	25
25	22
39	31
21	45
50	41
33	20
20	17
