0	1	1	1	0	0	0	1	1	1
1	0	0	1	0	1	0	0	1	1
1	0	0	0	1	0	1	0	0	0
1	1	0	0	0	1	0	0	0	0
0	0	1	0	0	1	0	0	1	1
0	1	0	1	1	0	1	1	1	1
0	0	1	0	0	1	0	1	0	1
1	0	0	0	0	1	1	0	1	1
1	1	0	0	1	1	0	1	0	0
1	1	0	0	1	1	1	1	0	0

0	13	10	13	0	0	0	10	13	15
13	0	0	10	0	6	0	0	14	11
10	0	0	0	7	0	5	0	0	0
13	10	0	0	0	9	0	0	0	0
0	0	7	0	0	15	0	0	14	10
0	6	0	9	15	0	5	9	14	6
0	0	5	0	0	5	0	5	0	5
10	0	0	0	0	9	5	0	14	13
13	14	0	0	14	14	0	14	0	0
15	11	0	0	10	6	5	13	0	0

0	3	1	5	0	0	0	3	1	3
3	0	0	5	0	4	0	0	3	4
1	0	0	0	2	0	3	0	0	0
5	5	0	0	0	4	0	0	0	0
0	0	2	0	0	4	0	0	4	3
0	4	0	4	4	0	5	2	5	2
0	0	3	0	0	5	0	1	0	3
3	0	0	0	0	2	1	0	3	2
1	3	0	0	4	5	0	3	0	0
3	4	0	0	3	2	3	2	0	0

0	100	99	97	0	0	0	96	96	96
100	0	0	95	0	97	0	0	97	99
99	0	0	0	95	0	99	0	0	0
97	95	0	0	0	97	0	0	0	0
0	0	95	0	0	96	0	0	95	99
0	97	0	97	96	0	99	95	99	96
0	0	99	0	0	99	0	95	0	95
96	0	0	0	0	95	95	0	96	98
96	97	0	0	95	99	0	96	0	0
96	99	0	0	99	96	95	98	0	0

0	2	2	6	0	0	0	30	20	3
2	0	0	16	0	33	0	0	7	6
2	0	0	0	10	0	16	0	0	0
6	16	0	0	0	2	0	0	0	0
0	0	10	0	0	31	0	0	8	1
0	33	0	2	31	0	39	21	8	2
0	0	16	0	0	39	0	19	0	47
30	0	0	0	0	21	19	0	38	29
20	7	0	0	8	8	0	38	0	0
3	6	0	0	1	2	47	29	0	0

34	14
40	49
45	36
48	29
30	38
11	40
40	12
25	30
46	31
46	31
