0	1	0	0	1	1	1	0
1	0	1	1	1	1	1	1
0	1	0	1	1	1	1	0
0	1	1	0	0	1	0	1
1	1	1	0	0	0	1	0
1	1	1	1	0	0	1	0
1	1	1	0	1	1	0	1
0	1	0	1	0	0	1	0

0	10	0	0	5	14	12	0
10	0	10	15	10	12	6	13
0	10	0	11	7	5	9	0
0	15	11	0	0	7	0	6
5	10	7	0	0	0	11	0
14	12	5	7	0	0	6	0
12	6	9	0	11	6	0	8
0	13	0	6	0	0	8	0

0	4	0	0	5	5	3	0
4	0	3	3	4	2	3	3
0	3	0	4	3	3	4	0
0	3	4	0	0	3	0	5
5	4	3	0	0	0	5	0
5	2	3	3	0	0	2	0
3	3	4	0	5	2	0	2
0	3	0	5	0	0	2	0

0	99	0	0	100	97	100	0
99	0	99	100	97	96	96	99
0	99	0	97	99	99	100	0
0	100	97	0	0	97	0	100
100	97	99	0	0	0	97	0
97	96	99	97	0	0	99	0
100	96	100	0	97	99	0	96
0	99	0	100	0	0	96	0

0	27	0	0	7	20	40	0
27	0	32	14	38	12	21	2
0	32	0	1	19	41	21	0
0	14	1	0	0	18	0	3
7	38	19	0	0	0	23	0
20	12	41	18	0	0	21	0
40	21	21	0	23	21	0	3
0	2	0	3	0	0	3	0

23	37
49	50
15	28
43	46
47	50
46	39
11	50
30	16
