0	1	1	1	0	1	0	0	1
1	0	1	1	0	1	1	1	0
1	1	0	1	1	1	0	1	1
1	1	1	0	0	0	0	1	1
0	0	1	0	0	1	1	1	0
1	1	1	0	1	0	1	1	1
0	1	0	0	1	1	0	1	1
0	1	1	1	1	1	1	0	1
1	0	1	1	0	1	1	1	0

0	15	9	14	0	11	0	0	14
15	0	5	11	0	12	10	9	0
9	5	0	11	13	12	0	12	13
14	11	11	0	0	0	0	8	13
0	0	13	0	0	6	13	9	0
11	12	12	0	6	0	14	5	5
0	10	0	0	13	14	0	8	7
0	9	12	8	9	5	8	0	5
14	0	13	13	0	5	7	5	0

0	2	1	5	0	5	0	0	1
2	0	2	5	0	5	1	1	0
1	2	0	2	3	4	0	2	4
5	5	2	0	0	0	0	4	5
0	0	3	0	0	1	1	5	0
5	5	4	0	1	0	5	5	4
0	1	0	0	1	5	0	3	2
0	1	2	4	5	5	3	0	3
1	0	4	5	0	4	2	3	0

0	97	96	98	0	95	0	0	97
97	0	98	98	0	99	100	95	0
96	98	0	98	98	95	0	95	99
98	98	98	0	0	0	0	97	98
0	0	98	0	0	99	99	97	0
95	99	95	0	99	0	97	97	99
0	100	0	0	99	97	0	96	95
0	95	95	97	97	97	96	0	97
97	0	99	98	0	99	95	97	0

0	34	19	27	0	7	0	0	27
34	0	45	35	0	33	31	31	0
19	45	0	1	41	36	0	42	16
27	35	1	0	0	0	0	36	7
0	0	41	0	0	38	28	45	0
7	33	36	0	38	0	23	43	7
0	31	0	0	28	23	0	37	19
0	31	42	36	45	43	37	0	22
27	0	16	7	0	7	19	22	0

38	12
17	16
20	10
33	18
22	12
38	16
16	10
15	45
17	39
