0	1	1	1	1	1	1
1	0	1	1	1	0	1
1	1	0	1	1	1	1
1	1	1	0	0	1	0
1	1	1	0	0	1	1
1	0	1	1	1	0	1
1	1	1	0	1	1	0

0	14	8	15	8	6	14
14	0	12	9	12	0	7
8	12	0	15	12	7	14
15	9	15	0	0	15	0
8	12	12	0	0	13	14
6	0	7	15	13	0	10
14	7	14	0	14	10	0

0	1	5	3	2	3	5
1	0	5	2	2	0	1
5	5	0	2	4	5	1
3	2	2	0	0	1	0
2	2	4	0	0	3	4
3	0	5	1	3	0	4
5	1	1	0	4	4	0

0	99	97	95	96	95	97
99	0	100	99	99	0	95
97	100	0	99	95	96	96
95	99	99	0	0	96	0
96	99	95	0	0	99	96
95	0	96	96	99	0	97
97	95	96	0	96	97	0

0	15	13	10	29	39	31
15	0	24	22	24	0	16
13	24	0	28	29	37	13
10	22	28	0	0	24	0
29	24	29	0	0	21	33
39	0	37	24	21	0	41
31	16	13	0	33	41	0

31	44
42	21
15	18
40	15
43	36
37	28
50	32
