0	1	1	1	1	1	0	1	1	1
1	0	1	1	1	1	1	0	1	1
1	1	0	1	1	0	0	1	1	1
1	1	1	0	0	1	1	1	1	1
1	1	1	0	0	0	1	1	1	0
1	1	0	1	0	0	1	1	1	1
0	1	0	1	1	1	0	0	1	1
1	0	1	1	1	1	0	0	1	0
1	1	1	1	1	1	1	1	0	1
1	1	1	1	0	1	1	0	1	0

0	7	11	13	11	11	0	9	9	6
7	0	6	6	13	15	11	0	14	5
11	6	0	5	13	0	0	10	8	13
13	6	5	0	0	12	13	9	15	8
11	13	13	0	0	0	6	14	5	0
11	15	0	12	0	0	8	9	12	9
0	11	0	13	6	8	0	0	7	5
9	0	10	9	14	9	0	0	5	0
9	14	8	15	5	12	7	5	0	7
6	5	13	8	0	9	5	0	7	0

0	3	3	1	1	3	0	3	1	4
3	0	2	2	3	3	2	0	3	3
3	2	0	1	4	0	0	2	1	2
1	2	1	0	0	5	1	5	4	1
1	3	4	0	0	0	5	2	5	0
3	3	0	5	0	0	1	1	3	4
0	2	0	1	5	1	0	0	3	5
3	0	2	5	2	1	0	0	5	0
1	3	1	4	5	3	3	5	0	3
4	3	2	1	0	4	5	0	3	0

0	99	96	97	96	99	0	97	99	97
99	0	100	98	99	98	99	0	99	95
96	100	0	96	99	0	0	99	98	97
97	98	96	0	0	99	99	99	98	96
96	99	99	0	0	0	95	96	96	0
99	98	0	99	0	0	99	97	100	99
0	99	0	99	95	99	0	0	99	99
97	0	99	99	96	97	0	0	100	0
99	99	98	98	96	100	99	100	0	98
97	95	97	96	0	99	99	0	98	0

0	35	26	13	24	8	0	38	6	34
35	0	49	45	4	31	43	0	4	18
26	49	0	16	21	0	0	6	14	41
13	45	16	0	0	23	4	15	14	2
24	4	21	0	0	0	11	18	7	0
8	31	0	23	0	0	8	30	35	26
0	43	0	4	11	8	0	0	12	46
38	0	6	15	18	30	0	0	30	0
6	4	14	14	7	35	12	30	0	39
34	18	41	2	0	26	46	0	39	0

12	36
50	29
50	43
14	35
17	43
50	12
38	46
26	24
37	37
31	14
