0	0	1	1	1	1	1	0	1	1
0	0	1	1	1	1	1	1	1	1
1	1	0	1	0	1	1	1	0	1
1	1	1	0	1	1	1	1	1	1
1	1	0	1	0	0	1	1	1	0
1	1	1	1	0	0	1	1	0	1
1	1	1	1	1	1	0	1	1	0
0	1	1	1	1	1	1	0	1	1
1	1	0	1	1	0	1	1	0	0
1	1	1	1	0	1	0	1	0	0

0	0	8	9	10	13	11	0	14	13
0	0	13	5	11	8	8	12	11	7
8	13	0	13	0	6	14	11	0	6
9	5	13	0	9	9	9	10	15	7
10	11	0	9	0	0	11	9	5	0
13	8	6	9	0	0	7	14	0	9
11	8	14	9	11	7	0	14	15	0
0	12	11	10	9	14	14	0	11	9
14	11	0	15	5	0	15	11	0	0
13	7	6	7	0	9	0	9	0	0

0	0	2	1	2	2	2	0	5	4
0	0	4	4	2	4	3	5	2	5
2	4	0	4	0	3	1	5	0	3
1	4	4	0	2	5	1	3	4	3
2	2	0	2	0	0	3	4	1	0
2	4	3	5	0	0	1	2	0	3
2	3	1	1	3	1	0	2	1	0
0	5	5	3	4	2	2	0	4	3
5	2	0	4	1	0	1	4	0	0
4	5	3	3	0	3	0	3	0	0

0	0	98	95	96	98	99	0	100	97
0	0	99	95	96	99	100	99	97	95
98	99	0	95	0	98	99	100	0	100
95	95	95	0	95	95	97	98	98	100
96	96	0	95	0	0	98	96	96	0
98	99	98	95	0	0	97	96	0	98
99	100	99	97	98	97	0	100	98	0
0	99	100	98	96	96	100	0	96	97
100	97	0	98	96	0	98	96	0	0
97	95	100	100	0	98	0	97	0	0

0	0	30	26	19	28	1	0	33	4
0	0	17	28	12	7	18	23	26	30
30	17	0	20	0	32	34	0	0	17
26	28	20	0	12	31	38	36	9	31
19	12	0	12	0	0	16	20	1	0
28	7	32	31	0	0	7	29	0	32
1	18	34	38	16	7	0	18	39	0
0	23	0	36	20	29	18	0	22	26
33	26	0	9	1	0	39	22	0	0
4	30	17	31	0	32	0	26	0	0

18	50
14	27
36	44
28	20
22	30
21	19
24	39
19	10
39	38
31	40
