0	1	0	1	1	0	1	1	1	1
1	0	1	1	0	1	0	1	1	0
0	1	0	0	1	1	1	1	1	1
1	1	0	0	1	1	1	1	1	0
1	0	1	1	0	1	1	0	1	1
0	1	1	1	1	0	1	1	1	0
1	0	1	1	1	1	0	1	1	1
1	1	1	1	0	1	1	0	1	1
1	1	1	1	1	1	1	1	0	1
1	0	1	0	1	0	1	1	1	0

0	14	0	15	10	0	12	12	14	13
14	0	9	15	0	5	0	14	9	0
0	9	0	0	7	5	13	8	11	5
15	15	0	0	7	13	8	14	13	0
10	0	7	7	0	7	13	0	10	15
0	5	5	13	7	0	14	8	7	0
12	0	13	8	13	14	0	7	8	8
12	14	8	14	0	8	7	0	14	12
14	9	11	13	10	7	8	14	0	8
13	0	5	0	15	0	8	12	8	0

0	5	0	4	5	0	3	4	1	4
5	0	2	1	0	5	0	3	5	0
0	2	0	0	2	3	3	3	4	1
4	1	0	0	4	3	3	2	3	0
5	0	2	4	0	5	3	0	5	2
0	5	3	3	5	0	2	1	4	0
3	0	3	3	3	2	0	2	2	2
4	3	3	2	0	1	2	0	5	2
1	5	4	3	5	4	2	5	0	3
4	0	1	0	2	0	2	2	3	0

0	96	0	100	95	0	98	96	100	98
96	0	98	98	0	97	0	100	95	0
0	98	0	0	96	98	100	98	98	96
100	98	0	0	100	95	100	96	96	0
95	0	96	100	0	96	97	0	98	99
0	97	98	95	96	0	96	95	96	0
98	0	100	100	97	96	0	100	98	97
96	100	98	96	0	95	100	0	96	96
100	95	98	96	98	96	98	96	0	95
98	0	96	0	99	0	97	96	95	0

0	40	0	20	27	0	18	6	11	11
40	0	37	3	0	3	0	24	25	0
0	37	0	0	31	10	23	3	15	7
20	3	0	0	39	8	32	24	6	0
27	0	31	39	0	11	3	0	1	18
0	3	10	8	11	0	4	36	30	0
18	0	23	32	3	4	0	25	15	10
6	24	3	24	0	36	25	0	36	22
11	25	15	6	1	30	15	36	0	12
11	0	7	0	18	0	10	22	12	0

40	14
26	42
37	37
12	35
36	45
48	20
28	20
44	37
45	49
50	42
