0	1	1	1	0	1	0	1	1	1
1	0	0	0	1	1	1	0	1	0
1	0	0	1	1	1	0	1	0	1
1	0	1	0	1	1	0	1	1	1
0	1	1	1	0	1	1	1	1	0
1	1	1	1	1	0	1	1	1	1
0	1	0	0	1	1	0	1	0	0
1	0	1	1	1	1	1	0	1	1
1	1	0	1	1	1	0	1	0	0
1	0	1	1	0	1	0	1	0	0

0	11	7	10	0	15	0	8	13	7
11	0	0	0	9	5	9	0	9	0
7	0	0	6	8	13	0	9	0	6
10	0	6	0	11	11	0	6	8	12
0	9	8	11	0	15	8	5	9	0
15	5	13	11	15	0	8	12	12	9
0	9	0	0	8	8	0	7	0	0
8	0	9	6	5	12	7	0	7	7
13	9	0	8	9	12	0	7	0	0
7	0	6	12	0	9	0	7	0	0

0	4	3	3	0	5	0	4	5	4
4	0	0	0	3	3	5	0	4	0
3	0	0	1	2	4	0	5	0	1
3	0	1	0	4	1	0	2	1	2
0	3	2	4	0	3	3	4	5	0
5	3	4	1	3	0	3	1	1	3
0	5	0	0	3	3	0	3	0	0
4	0	5	2	4	1	3	0	1	2
5	4	0	1	5	1	0	1	0	0
4	0	1	2	0	3	0	2	0	0

0	96	96	96	0	100	0	99	96	96
96	0	0	0	95	99	100	0	96	0
96	0	0	96	96	100	0	95	0	97
96	0	96	0	97	95	0	96	97	100
0	95	96	97	0	99	98	99	99	0
100	99	100	95	99	0	97	98	95	95
0	100	0	0	98	97	0	100	0	0
99	0	95	96	99	98	100	0	99	96
96	96	0	97	99	95	0	99	0	0
96	0	97	100	0	95	0	96	0	0

0	41	21	10	0	4	0	22	21	6
41	0	0	0	12	1	15	0	1	0
21	0	0	20	20	24	0	17	0	7
10	0	20	0	44	18	0	7	5	12
0	12	20	44	0	9	33	16	8	0
4	1	24	18	9	0	3	22	43	28
0	15	0	0	33	3	0	47	0	0
22	0	17	7	16	22	47	0	3	44
21	1	0	5	8	43	0	3	0	0
6	0	7	12	0	28	0	44	0	0

48	15
20	15
35	35
37	49
13	31
50	24
15	28
31	22
46	48
28	15
