0	1	1	1	1	1	0	1
1	0	0	0	1	1	1	1
1	0	0	0	0	1	1	1
1	0	0	0	1	1	1	1
1	1	0	1	0	1	0	0
1	1	1	1	1	0	1	1
0	1	1	1	0	1	0	1
1	1	1	1	0	1	1	0

0	14	11	12	11	15	0	6
14	0	0	0	10	7	11	11
11	0	0	0	0	5	9	12
12	0	0	0	14	9	15	10
11	10	0	14	0	9	0	0
15	7	5	9	9	0	13	12
0	11	9	15	0	13	0	13
6	11	12	10	0	12	13	0

0	4	2	1	2	2	0	1
4	0	0	0	2	3	3	3
2	0	0	0	0	2	1	5
1	0	0	0	4	2	2	3
2	2	0	4	0	1	0	0
2	3	2	2	1	0	4	4
0	3	1	2	0	4	0	1
1	3	5	3	0	4	1	0

0	99	95	99	98	98	0	97
99	0	0	0	99	99	100	100
95	0	0	0	0	99	98	96
99	0	0	0	98	97	100	97
98	99	0	98	0	99	0	0
98	99	99	97	99	0	95	95
0	100	98	100	0	95	0	95
97	100	96	97	0	95	95	0

0	19	12	28	19	28	0	46
19	0	0	0	10	44	39	2
12	0	0	0	0	19	10	32
28	0	0	0	38	15	25	4
19	10	0	38	0	25	0	0
28	44	19	15	25	0	37	31
0	39	10	25	0	37	0	30
46	2	32	4	0	31	30	0

21	48
14	31
26	37
49	29
47	20
46	16
45	19
47	41
