0	1	0	1	1	1	1	1
1	0	1	1	1	1	1	1
0	1	0	1	1	1	1	1
1	1	1	0	0	1	0	1
1	1	1	0	0	1	0	1
1	1	1	1	1	0	0	0
1	1	1	0	0	0	0	1
1	1	1	1	1	0	1	0

0	10	0	11	14	12	14	14
10	0	10	7	5	10	5	8
0	10	0	5	5	11	5	9
11	7	5	0	0	7	0	10
14	5	5	0	0	6	0	13
12	10	11	7	6	0	0	0
14	5	5	0	0	0	0	9
14	8	9	10	13	0	9	0

0	1	0	5	5	2	1	5
1	0	5	4	2	1	2	4
0	5	0	5	1	3	1	3
5	4	5	0	0	1	0	5
5	2	1	0	0	1	0	3
2	1	3	1	1	0	0	0
1	2	1	0	0	0	0	3
5	4	3	5	3	0	3	0

0	99	0	100	95	100	95	97
99	0	96	99	100	99	96	99
0	96	0	98	100	97	99	100
100	99	98	0	0	99	0	96
95	100	100	0	0	98	0	100
100	99	97	99	98	0	0	0
95	96	99	0	0	0	0	99
97	99	100	96	100	0	99	0

0	4	0	43	29	14	40	35
4	0	20	48	34	34	14	16
0	20	0	18	20	34	1	3
43	48	18	0	0	19	0	5
29	34	20	0	0	20	0	35
14	34	34	19	20	0	0	0
40	14	1	0	0	0	0	42
35	16	3	5	35	0	42	0

29	47
50	17
20	10
32	19
45	21
10	34
26	25
43	13
