0	1	1	1	1	1	0	1	1
1	0	0	1	0	0	1	0	0
1	0	0	0	0	0	0	0	1
1	1	0	0	1	1	1	1	0
1	0	0	1	0	1	1	1	1
1	0	0	1	1	0	0	1	1
0	1	0	1	1	0	0	1	1
1	0	0	1	1	1	1	0	0
1	0	1	0	1	1	1	0	0

0	14	8	11	8	12	0	5	15
14	0	0	10	0	0	14	0	0
8	0	0	0	0	0	0	0	5
11	10	0	0	15	6	15	9	0
8	0	0	15	0	9	11	5	5
12	0	0	6	9	0	0	9	14
0	14	0	15	11	0	0	15	7
5	0	0	9	5	9	15	0	0
15	0	5	0	5	14	7	0	0

0	1	2	1	2	4	0	1	2
1	0	0	3	0	0	4	0	0
2	0	0	0	0	0	0	0	1
1	3	0	0	4	2	3	1	0
2	0	0	4	0	1	1	5	3
4	0	0	2	1	0	0	3	3
0	4	0	3	1	0	0	4	1
1	0	0	1	5	3	4	0	0
2	0	1	0	3	3	1	0	0

0	96	100	99	100	98	0	97	95
96	0	0	98	0	0	99	0	0
100	0	0	0	0	0	0	0	97
99	98	0	0	97	99	95	99	0
100	0	0	97	0	96	96	96	96
98	0	0	99	96	0	0	100	100
0	99	0	95	96	0	0	99	99
97	0	0	99	96	100	99	0	0
95	0	97	0	96	100	99	0	0

0	35	25	38	15	15	0	33	16
35	0	0	35	0	0	17	0	0
25	0	0	0	0	0	0	0	22
38	35	0	0	5	28	27	14	0
15	0	0	5	0	18	20	0	37
15	0	0	28	18	0	0	40	15
0	17	0	27	20	0	0	20	3
33	0	0	14	0	40	20	0	0
16	0	22	0	37	15	3	0	0

15	23
11	22
50	39
19	17
36	48
12	36
28	41
14	23
26	13
