0	1	0	0	0	0	1
1	0	0	1	1	1	0
0	0	0	0	1	0	1
0	1	0	0	0	1	0
0	1	1	0	0	1	0
0	1	0	1	1	0	0
1	0	1	0	0	0	0

0	10	0	0	0	0	7
10	0	0	14	13	9	0
0	0	0	0	15	0	14
0	14	0	0	0	11	0
0	13	15	0	0	13	0
0	9	0	11	13	0	0
7	0	14	0	0	0	0

0	2	0	0	0	0	3
2	0	0	5	2	2	0
0	0	0	0	1	0	3
0	5	0	0	0	1	0
0	2	1	0	0	2	0
0	2	0	1	2	0	0
3	0	3	0	0	0	0

0	100	0	0	0	0	96
100	0	0	95	97	95	0
0	0	0	0	96	0	96
0	95	0	0	0	99	0
0	97	96	0	0	96	0
0	95	0	99	96	0	0
96	0	96	0	0	0	0

0	25	0	0	0	0	6
25	0	0	31	32	33	0
0	0	0	0	2	0	39
0	31	0	0	0	14	0
0	32	2	0	0	8	0
0	33	0	14	8	0	0
6	0	39	0	0	0	0

15	34
15	32
27	41
19	16
25	33
18	47
24	21
