0	1	1	1	1	1	1	1	1	1
1	0	1	1	1	0	1	1	1	0
1	1	0	1	1	0	0	0	0	0
1	1	1	0	0	1	1	1	1	1
1	1	1	0	0	0	1	1	0	1
1	0	0	1	0	0	1	0	0	1
1	1	0	1	1	1	0	1	0	0
1	1	0	1	1	0	1	0	1	0
1	1	0	1	0	0	0	1	0	1
1	0	0	1	1	1	0	0	1	0

0	8	9	10	13	5	12	11	8	15
8	0	15	15	10	0	10	8	14	0
9	15	0	9	7	0	0	0	0	0
10	15	9	0	0	14	11	11	11	15
13	10	7	0	0	0	12	10	0	14
5	0	0	14	0	0	14	0	0	11
12	10	0	11	12	14	0	13	0	0
11	8	0	11	10	0	13	0	11	0
8	14	0	11	0	0	0	11	0	12
15	0	0	15	14	11	0	0	12	0

0	4	3	1	2	5	3	5	1	3
4	0	5	3	4	0	2	2	2	0
3	5	0	5	5	0	0	0	0	0
1	3	5	0	0	4	5	2	1	1
2	4	5	0	0	0	3	1	0	4
5	0	0	4	0	0	4	0	0	1
3	2	0	5	3	4	0	2	0	0
5	2	0	2	1	0	2	0	5	0
1	2	0	1	0	0	0	5	0	3
3	0	0	1	4	1	0	0	3	0

0	95	100	97	100	99	97	99	95	95
95	0	98	100	98	0	98	96	98	0
100	98	0	99	96	0	0	0	0	0
97	100	99	0	0	98	99	100	100	99
100	98	96	0	0	0	95	98	0	98
99	0	0	98	0	0	100	0	0	99
97	98	0	99	95	100	0	96	0	0
99	96	0	100	98	0	96	0	98	0
95	98	0	100	0	0	0	98	0	96
95	0	0	99	98	99	0	0	96	0

0	41	40	9	23	40	35	42	2	17
41	0	5	1	44	0	15	43	30	0
40	5	0	30	25	0	0	0	0	0
9	1	30	0	0	41	41	38	43	36
23	44	25	0	0	0	21	5	0	4
40	0	0	41	0	0	34	0	0	4
35	15	0	41	21	34	0	7	0	0
42	43	0	38	5	0	7	0	39	0
2	30	0	43	0	0	0	39	0	33
17	0	0	36	4	4	0	0	33	0

25	14
30	10
15	25
45	33
28	19
34	28
12	32
20	11
22	28
35	25
