0	1	0	1	0	0	1	1
1	0	1	1	0	0	1	1
0	1	0	1	1	1	0	0
1	1	1	0	1	0	1	1
0	0	1	1	0	1	0	1
0	0	1	0	1	0	1	1
1	1	0	1	0	1	0	1
1	1	0	1	1	1	1	0

0	8	0	9	0	0	9	6
8	0	7	5	0	0	13	12
0	7	0	10	14	9	0	0
9	5	10	0	10	0	9	5
0	0	14	10	0	7	0	8
0	0	9	0	7	0	12	11
9	13	0	9	0	12	0	10
6	12	0	5	8	11	10	0

0	1	0	3	0	0	3	4
1	0	2	3	0	0	5	3
0	2	0	5	5	1	0	0
3	3	5	0	2	0	5	1
0	0	5	2	0	3	0	5
0	0	1	0	3	0	5	3
3	5	0	5	0	5	0	3
4	3	0	1	5	3	3	0

0	100	0	100	0	0	95	97
100	0	95	97	0	0	97	100
0	95	0	100	95	97	0	0
100	97	100	0	98	0	98	95
0	0	95	98	0	97	0	96
0	0	97	0	97	0	97	97
95	97	0	98	0	97	0	99
97	100	0	95	96	97	99	0

0	13	0	35	0	0	7	42
13	0	30	47	0	0	17	43
0	30	0	9	4	45	0	0
35	47	9	0	27	0	17	45
0	0	4	27	0	32	0	15
0	0	45	0	32	0	11	15
7	17	0	17	0	11	0	23
42	43	0	45	15	15	23	0

43	39
45	18
40	36
20	40
23	31
39	38
21	46
21	27
