0	1	0	1	0	0	1	0	1
1	0	1	0	1	1	0	0	1
0	1	0	1	1	1	1	0	0
1	0	1	0	1	1	1	0	1
0	1	1	1	0	1	0	1	1
0	1	1	1	1	0	1	1	0
1	0	1	1	0	1	0	0	1
0	0	0	0	1	1	0	0	1
1	1	0	1	1	0	1	1	0

0	15	0	11	0	0	6	0	15
15	0	15	0	9	7	0	0	6
0	15	0	7	10	10	6	0	0
11	0	7	0	15	5	8	0	5
0	9	10	15	0	15	0	13	10
0	7	10	5	15	0	13	8	0
6	0	6	8	0	13	0	0	11
0	0	0	0	13	8	0	0	15
15	6	0	5	10	0	11	15	0

0	4	0	1	0	0	1	0	3
4	0	4	0	3	5	0	0	3
0	4	0	4	1	3	3	0	0
1	0	4	0	2	3	5	0	4
0	3	1	2	0	4	0	2	4
0	5	3	3	4	0	1	3	0
1	0	3	5	0	1	0	0	3
0	0	0	0	2	3	0	0	3
3	3	0	4	4	0	3	3	0

0	99	0	99	0	0	97	0	97
99	0	98	0	97	97	0	0	100
0	98	0	98	95	99	96	0	0
99	0	98	0	97	99	98	0	100
0	97	95	97	0	95	0	99	100
0	97	99	99	95	0	98	96	0
97	0	96	98	0	98	0	0	98
0	0	0	0	99	96	0	0	97
97	100	0	100	100	0	98	97	0

0	6	0	14	0	0	22	0	39
6	0	4	0	36	0	0	0	5
0	4	0	44	12	2	42	0	0
14	0	44	0	27	22	2	0	5
0	36	12	27	0	22	0	1	21
0	0	2	22	22	0	39	10	0
22	0	42	2	0	39	0	0	41
0	0	0	0	1	10	0	0	23
39	5	0	5	21	0	41	23	0

48	42
20	48
15	24
43	43
12	39
45	49
45	50
12	47
37	23
