0	0	0	1	1	1	1
0	0	1	1	1	1	1
0	1	0	1	1	1	1
1	1	1	0	1	1	1
1	1	1	1	0	0	1
1	1	1	1	0	0	1
1	1	1	1	1	1	0

0	0	0	6	9	6	13
0	0	11	15	9	5	10
0	11	0	14	12	14	14
6	15	14	0	15	11	14
9	9	12	15	0	0	10
6	5	14	11	0	0	9
13	10	14	14	10	9	0

0	0	0	5	4	1	5
0	0	2	3	5	1	2
0	2	0	1	5	3	1
5	3	1	0	5	2	1
4	5	5	5	0	0	4
1	1	3	2	0	0	4
5	2	1	1	4	4	0

0	0	0	99	99	98	100
0	0	97	99	100	98	97
0	97	0	99	97	99	100
99	99	99	0	96	99	99
99	100	97	96	0	0	95
98	98	99	99	0	0	95
100	97	100	99	95	95	0

0	0	0	27	32	34	22
0	0	12	22	25	27	14
0	12	0	16	3	11	16
27	22	16	0	36	25	15
32	25	3	36	0	0	41
34	27	11	25	0	0	6
22	14	16	15	41	6	0

30	13
28	30
43	45
16	45
12	11
30	32
23	24
