0	1	0	1	1	1	1	1	1
1	0	1	1	1	0	1	1	0
0	1	0	1	0	1	0	1	1
1	1	1	0	1	1	1	0	1
1	1	0	1	0	1	1	1	0
1	0	1	1	1	0	1	1	1
1	1	0	1	1	1	0	1	1
1	1	1	0	1	1	1	0	1
1	0	1	1	0	1	1	1	0

0	7	0	6	15	6	14	7	10
7	0	14	11	8	0	11	15	0
0	14	0	9	0	12	0	10	5
6	11	9	0	13	9	6	0	12
15	8	0	13	0	5	12	7	0
6	0	12	9	5	0	6	10	12
14	11	0	6	12	6	0	15	15
7	15	10	0	7	10	15	0	8
10	0	5	12	0	12	15	8	0

0	3	0	2	2	1	3	4	5
3	0	3	4	3	0	3	4	0
0	3	0	2	0	5	0	4	2
2	4	2	0	2	2	5	0	3
2	3	0	2	0	2	1	3	0
1	0	5	2	2	0	2	3	4
3	3	0	5	1	2	0	3	1
4	4	4	0	3	3	3	0	3
5	0	2	3	0	4	1	3	0

0	100	0	97	98	98	97	100	99
100	0	95	96	98	0	97	97	0
0	95	0	96	0	98	0	96	100
97	96	96	0	98	96	97	0	100
98	98	0	98	0	99	95	99	0
98	0	98	96	99	0	96	100	95
97	97	0	97	95	96	0	100	97
100	97	96	0	99	100	100	0	97
99	0	100	100	0	95	97	97	0

0	31	0	9	18	29	39	45	23
31	0	14	41	14	0	34	35	0
0	14	0	28	0	22	0	41	47
9	41	28	0	8	33	5	0	35
18	14	0	8	0	49	0	37	0
29	0	22	33	49	0	2	44	6
39	34	0	5	0	2	0	7	17
45	35	41	0	37	44	7	0	28
23	0	47	35	0	6	17	28	0

47	11
39	41
17	14
45	29
31	36
49	17
22	28
33	23
43	22
