0	1	1	1	0	0	1	1
1	0	1	1	0	1	1	0
1	1	0	1	1	1	1	0
1	1	1	0	1	1	1	1
0	0	1	1	0	1	1	1
0	1	1	1	1	0	1	1
1	1	1	1	1	1	0	0
1	0	0	1	1	1	0	0

0	7	6	12	0	0	11	10
7	0	5	12	0	8	8	0
6	5	0	13	6	7	6	0
12	12	13	0	7	11	5	9
0	0	6	7	0	10	6	7
0	8	7	11	10	0	13	9
11	8	6	5	6	13	0	0
10	0	0	9	7	9	0	0

0	4	2	4	0	0	5	1
4	0	4	4	0	1	2	0
2	4	0	5	1	4	3	0
4	4	5	0	5	4	2	5
0	0	1	5	0	3	5	1
0	1	4	4	3	0	4	1
5	2	3	2	5	4	0	0
1	0	0	5	1	1	0	0

0	99	100	97	0	0	99	95
99	0	100	97	0	98	97	0
100	100	0	96	99	100	95	0
97	97	96	0	97	99	100	100
0	0	99	97	0	96	96	99
0	98	100	99	96	0	95	96
99	97	95	100	96	95	0	0
95	0	0	100	99	96	0	0

0	9	29	17	0	0	6	30
9	0	21	34	0	3	24	0
29	21	0	33	3	34	18	0
17	34	33	0	33	36	14	23
0	0	3	33	0	35	14	40
0	3	34	36	35	0	2	16
6	24	18	14	14	2	0	0
30	0	0	23	40	16	0	0

22	11
49	18
41	31
45	19
41	11
22	11
50	19
49	37
