0	1	1	1	1	1	1	0	0
1	0	1	0	1	1	1	0	0
1	1	0	1	1	1	1	1	1
1	0	1	0	1	0	1	0	1
1	1	1	1	0	1	1	1	1
1	1	1	0	1	0	0	0	0
1	1	1	1	1	0	0	1	1
0	0	1	0	1	0	1	0	1
0	0	1	1	1	0	1	1	0

0	12	7	7	6	7	9	0	0
12	0	10	0	11	14	13	0	0
7	10	0	15	13	7	14	10	15
7	0	15	0	5	0	15	0	13
6	11	13	5	0	5	11	9	15
7	14	7	0	5	0	0	0	0
9	13	14	15	11	0	0	12	9
0	0	10	0	9	0	12	0	14
0	0	15	13	15	0	9	14	0

0	2	3	1	4	1	3	0	0
2	0	5	0	5	4	5	0	0
3	5	0	5	3	1	2	5	5
1	0	5	0	4	0	3	0	5
4	5	3	4	0	4	3	3	5
1	4	1	0	4	0	0	0	0
3	5	2	3	3	0	0	5	5
0	0	5	0	3	0	5	0	3
0	0	5	5	5	0	5	3	0

0	96	99	100	98	98	99	0	0
96	0	100	0	95	98	99	0	0
99	100	0	99	99	97	100	97	95
100	0	99	0	96	0	95	0	96
98	95	99	96	0	96	96	96	95
98	98	97	0	96	0	0	0	0
99	99	100	95	96	0	0	100	95
0	0	97	0	96	0	100	0	96
0	0	95	96	95	0	95	96	0

0	10	47	15	24	35	15	0	0
10	0	33	0	6	21	31	0	0
47	33	0	14	42	16	12	31	29
15	0	14	0	26	0	4	0	31
24	6	42	26	0	15	15	1	12
35	21	16	0	15	0	0	0	0
15	31	12	4	15	0	0	14	16
0	0	31	0	1	0	14	0	18
0	0	29	31	12	0	16	18	0

26	25
27	18
48	25
29	27
45	34
24	50
31	16
40	36
12	44
