0	1	1	1	1	0	1	0
1	0	1	1	1	0	1	0
1	1	0	0	1	1	1	1
1	1	0	0	1	1	1	1
1	1	1	1	0	0	1	0
0	0	1	1	0	0	1	1
1	1	1	1	1	1	0	1
0	0	1	1	0	1	1	0

0	6	8	5	11	0	7	0
6	0	13	15	13	0	7	0
8	13	0	0	9	13	11	12
5	15	0	0	7	13	9	14
11	13	9	7	0	0	7	0
0	0	13	13	0	0	6	12
7	7	11	9	7	6	0	7
0	0	12	14	0	12	7	0

0	5	1	5	2	0	3	0
5	0	1	5	1	0	4	0
1	1	0	0	4	1	5	2
5	5	0	0	2	2	3	5
2	1	4	2	0	0	4	0
0	0	1	2	0	0	2	5
3	4	5	3	4	2	0	2
0	0	2	5	0	5	2	0

0	99	100	100	96	0	97	0
99	0	99	100	95	0	96	0
100	99	0	0	97	98	95	98
100	100	0	0	97	98	96	98
96	95	97	97	0	0	95	0
0	0	98	98	0	0	97	96
97	96	95	96	95	97	0	95
0	0	98	98	0	96	95	0

0	44	6	39	41	0	32	0
44	0	21	7	31	0	1	0
6	21	0	0	44	17	18	33
39	7	0	0	35	39	35	10
41	31	44	35	0	0	42	0
0	0	17	39	0	0	14	21
32	1	18	35	42	14	0	8
0	0	33	10	0	21	8	0

16	25
48	34
39	21
38	35
44	28
39	18
11	42
31	21
