0	1	1	1	1	1	1	0
1	0	1	1	1	1	1	1
1	1	0	1	1	0	1	0
1	1	1	0	0	1	1	1
1	1	1	0	0	0	1	1
1	1	0	1	0	0	1	1
1	1	1	1	1	1	0	1
0	1	0	1	1	1	1	0

0	13	10	15	8	11	7	0
13	0	8	8	14	11	6	12
10	8	0	14	15	0	7	0
15	8	14	0	0	12	9	7
8	14	15	0	0	0	8	9
11	11	0	12	0	0	9	14
7	6	7	9	8	9	0	7
0	12	0	7	9	14	7	0

0	4	5	5	3	3	3	0
4	0	3	4	4	1	5	2
5	3	0	3	4	0	2	0
5	4	3	0	0	5	4	1
3	4	4	0	0	0	5	2
3	1	0	5	0	0	3	2
3	5	2	4	5	3	0	3
0	2	0	1	2	2	3	0

0	99	95	95	96	95	95	0
99	0	99	98	98	96	99	99
95	99	0	100	98	0	97	0
95	98	100	0	0	99	100	97
96	98	98	0	0	0	97	97
95	96	0	99	0	0	100	99
95	99	97	100	97	100	0	96
0	99	0	97	97	99	96	0

0	5	15	20	8	26	28	0
5	0	0	43	13	27	44	1
15	0	0	28	29	0	3	0
20	43	28	0	0	0	26	20
8	13	29	0	0	0	1	14
26	27	0	0	0	0	29	19
28	44	3	26	1	29	0	32
0	1	0	20	14	19	32	0

18	25
32	16
40	25
36	32
25	22
26	17
17	35
35	34
