0	0	1	1	1	1	1	1
0	0	0	0	1	1	1	0
1	0	0	0	1	1	0	1
1	0	0	0	1	1	1	1
1	1	1	1	0	1	1	1
1	1	1	1	1	0	1	1
1	1	0	1	1	1	0	1
1	0	1	1	1	1	1	0

0	0	8	5	6	11	14	15
0	0	0	0	9	15	14	0
8	0	0	0	14	13	0	14
5	0	0	0	15	13	5	13
6	9	14	15	0	11	6	15
11	15	13	13	11	0	11	14
14	14	0	5	6	11	0	10
15	0	14	13	15	14	10	0

0	0	3	3	1	1	3	1
0	0	0	0	1	1	1	0
3	0	0	0	4	4	0	5
3	0	0	0	1	4	2	5
1	1	4	1	0	3	2	4
1	1	4	4	3	0	1	5
3	1	0	2	2	1	0	5
1	0	5	5	4	5	5	0

0	0	96	100	100	97	96	96
0	0	0	0	98	99	99	0
96	0	0	0	98	97	0	99
100	0	0	0	95	95	99	99
100	98	98	95	0	99	99	99
97	99	97	95	99	0	95	95
96	99	0	99	99	95	0	98
96	0	99	99	99	95	98	0

0	0	15	49	13	38	41	16
0	0	0	0	33	35	8	0
15	0	0	0	15	10	0	21
49	0	0	0	23	41	28	35
13	33	15	23	0	10	49	15
38	35	10	41	10	0	22	33
41	8	0	28	49	22	0	12
16	0	21	35	15	33	12	0

11	45
15	38
23	22
28	30
39	38
41	26
19	16
27	13
