0	1	1	1	1	1	1	0	1
1	0	1	1	1	1	0	1	1
1	1	0	0	1	1	1	1	1
1	1	0	0	0	1	0	1	0
1	1	1	0	0	1	1	1	1
1	1	1	1	1	0	1	0	1
1	0	1	0	1	1	0	0	1
0	1	1	1	1	0	0	0	1
1	1	1	0	1	1	1	1	0

0	15	15	6	15	10	7	0	10
15	0	5	13	15	11	0	15	14
15	5	0	0	5	14	15	11	10
6	13	0	0	0	15	0	6	0
15	15	5	0	0	7	10	12	10
10	11	14	15	7	0	14	0	13
7	0	15	0	10	14	0	0	14
0	15	11	6	12	0	0	0	10
10	14	10	0	10	13	14	10	0

0	5	4	3	5	5	1	0	2
5	0	4	2	2	4	0	2	1
4	4	0	0	2	2	4	2	4
3	2	0	0	0	1	0	4	0
5	2	2	0	0	2	5	2	4
5	4	2	1	2	0	1	0	1
1	0	4	0	5	1	0	0	5
0	2	2	4	2	0	0	0	3
2	1	4	0	4	1	5	3	0

0	99	98	97	100	99	100	0	95
99	0	98	95	99	99	0	98	96
98	98	0	0	96	96	97	98	96
97	95	0	0	0	95	0	99	0
100	99	96	0	0	99	100	97	97
99	99	96	95	99	0	97	0	98
100	0	97	0	100	97	0	0	96
0	98	98	99	97	0	0	0	96
95	96	96	0	97	98	96	96	0

0	22	27	21	11	38	36	0	39
22	0	14	36	5	29	0	16	25
27	14	0	0	12	26	24	25	32
21	36	0	0	0	34	0	21	0
11	5	12	0	0	15	31	0	15
38	29	26	34	15	0	5	0	26
36	0	24	0	31	5	0	0	28
0	16	25	21	0	0	0	0	10
39	25	32	0	15	26	28	10	0

10	49
43	41
28	21
26	13
33	33
25	42
22	47
16	10
13	29
