0	1	1	1	0	0	0	1	0	1
1	0	0	1	1	1	1	0	1	0
1	0	0	1	1	1	1	1	0	1
1	1	1	0	1	1	1	0	1	1
0	1	1	1	0	1	0	1	1	1
0	1	1	1	1	0	1	1	1	1
0	1	1	1	0	1	0	1	1	1
1	0	1	0	1	1	1	0	1	1
0	1	0	1	1	1	1	1	0	0
1	0	1	1	1	1	1	1	0	0

0	7	14	7	0	0	0	6	0	9
7	0	0	5	8	9	14	0	10	0
14	0	0	13	15	13	6	15	0	5
7	5	13	0	11	7	13	0	14	6
0	8	15	11	0	6	0	10	13	15
0	9	13	7	6	0	7	9	9	13
0	14	6	13	0	7	0	14	10	5
6	0	15	0	10	9	14	0	6	15
0	10	0	14	13	9	10	6	0	0
9	0	5	6	15	13	5	15	0	0

0	4	2	3	0	0	0	4	0	5
4	0	0	2	2	3	4	0	1	0
2	0	0	3	5	1	5	2	0	4
3	2	3	0	2	1	5	0	5	1
0	2	5	2	0	2	0	1	1	2
0	3	1	1	2	0	5	3	3	5
0	4	5	5	0	5	0	1	4	4
4	0	2	0	1	3	1	0	4	3
0	1	0	5	1	3	4	4	0	0
5	0	4	1	2	5	4	3	0	0

0	98	98	98	0	0	0	97	0	95
98	0	0	99	99	96	97	0	99	0
98	0	0	99	95	96	97	95	0	96
98	99	99	0	97	95	98	0	99	99
0	99	95	97	0	100	0	100	96	97
0	96	96	95	100	0	97	96	95	96
0	97	97	98	0	97	0	96	99	99
97	0	95	0	100	96	96	0	100	95
0	99	0	99	96	95	99	100	0	0
95	0	96	99	97	96	99	95	0	0

0	45	11	10	0	0	0	0	0	32
45	0	0	47	35	15	32	0	36	0
11	0	0	26	3	12	3	10	0	44
10	47	26	0	40	37	32	0	12	7
0	35	3	40	0	36	0	26	42	19
0	15	12	37	36	0	10	17	21	23
0	32	3	32	0	10	0	23	19	43
0	0	10	0	26	17	23	0	0	40
0	36	0	12	42	21	19	0	0	0
32	0	44	7	19	23	43	40	0	0

47	50
50	44
42	29
16	11
31	11
44	38
14	27
27	29
22	13
16	39
