0	1	0	1	1	0	0	1
1	0	0	0	0	1	1	1
0	0	0	1	1	1	1	1
1	0	1	0	1	1	0	0
1	0	1	1	0	1	0	1
0	1	1	1	1	0	0	1
0	1	1	0	0	0	0	1
1	1	1	0	1	1	1	0

0	8	0	7	12	0	0	12
8	0	0	0	0	13	10	10
0	0	0	14	8	12	5	12
7	0	14	0	11	5	0	0
12	0	8	11	0	6	0	6
0	13	12	5	6	0	0	10
0	10	5	0	0	0	0	9
12	10	12	0	6	10	9	0

0	1	0	1	1	0	0	2
1	0	0	0	0	2	2	5
0	0	0	3	4	2	5	3
1	0	3	0	2	4	0	0
1	0	4	2	0	2	0	3
0	2	2	4	2	0	0	1
0	2	5	0	0	0	0	2
2	5	3	0	3	1	2	0

0	99	0	96	98	0	0	99
99	0	0	0	0	99	98	95
0	0	0	96	97	97	96	96
96	0	96	0	96	98	0	0
98	0	97	96	0	98	0	97
0	99	97	98	98	0	0	98
0	98	96	0	0	0	0	98
99	95	96	0	97	98	98	0

0	5	0	42	27	0	0	30
5	0	0	0	0	37	10	10
0	0	0	7	2	15	39	19
42	0	7	0	11	40	0	0
27	0	2	11	0	33	0	13
0	37	15	40	33	0	0	39
0	10	39	0	0	0	0	30
30	10	19	0	13	39	30	0

38	13
10	37
14	38
19	48
35	19
47	45
15	36
15	35
