0	1	1	1	1	1	1	1	1
1	0	1	0	0	1	1	1	1
1	1	0	1	0	1	1	1	0
1	0	1	0	0	1	1	1	0
1	0	0	0	0	1	1	1	0
1	1	1	1	1	0	1	1	0
1	1	1	1	1	1	0	1	1
1	1	1	1	1	1	1	0	1
1	1	0	0	0	0	1	1	0

0	9	10	14	7	9	8	8	8
9	0	11	0	0	12	9	9	12
10	11	0	8	0	14	5	15	0
14	0	8	0	0	10	7	9	0
7	0	0	0	0	14	7	12	0
9	12	14	10	14	0	15	8	0
8	9	5	7	7	15	0	8	14
8	9	15	9	12	8	8	0	7
8	12	0	0	0	0	14	7	0

0	5	2	5	5	4	4	2	1
5	0	1	0	0	2	5	3	1
2	1	0	1	0	3	1	5	0
5	0	1	0	0	5	2	3	0
5	0	0	0	0	2	2	4	0
4	2	3	5	2	0	1	3	0
4	5	1	2	2	1	0	4	1
2	3	5	3	4	3	4	0	2
1	1	0	0	0	0	1	2	0

0	96	100	99	96	97	96	95	99
96	0	97	0	0	97	100	100	96
100	97	0	96	0	97	99	99	0
99	0	96	0	0	98	99	96	0
96	0	0	0	0	100	95	100	0
97	97	97	98	100	0	98	95	0
96	100	99	99	95	98	0	95	100
95	100	99	96	100	95	95	0	99
99	96	0	0	0	0	100	99	0

0	24	16	8	30	45	45	45	1
24	0	28	0	0	41	33	36	2
16	28	0	1	0	22	7	18	0
8	0	1	0	0	8	7	23	0
30	0	0	0	0	1	32	18	0
45	41	22	8	1	0	8	42	0
45	33	7	7	32	8	0	18	39
45	36	18	23	18	42	18	0	5
1	2	0	0	0	0	39	5	0

45	27
12	40
23	24
45	24
45	13
18	36
48	10
31	11
19	48
