0	1	1	0	1	1	1
1	0	1	0	0	0	1
1	1	0	1	1	1	1
0	0	1	0	1	1	1
1	0	1	1	0	1	0
1	0	1	1	1	0	1
1	1	1	1	0	1	0

0	8	10	0	8	8	8
8	0	14	0	0	0	14
10	14	0	9	7	7	10
0	0	9	0	11	13	15
8	0	7	11	0	12	0
8	0	7	13	12	0	7
8	14	10	15	0	7	0

0	3	2	0	4	2	2
3	0	1	0	0	0	3
2	1	0	4	2	1	3
0	0	4	0	5	1	4
4	0	2	5	0	2	0
2	0	1	1	2	0	5
2	3	3	4	0	5	0

0	97	96	0	99	97	99
97	0	95	0	0	0	98
96	95	0	96	100	99	97
0	0	96	0	96	98	99
99	0	100	96	0	99	0
97	0	99	98	99	0	99
99	98	97	99	0	99	0

0	26	23	0	16	11	18
26	0	18	0	0	0	22
23	18	0	36	27	18	4
0	0	36	0	17	15	29
16	0	27	17	0	10	0
11	0	18	15	10	0	11
18	22	4	29	0	11	0

47	37
15	20
39	34
25	14
44	23
22	47
47	48
