0	0	1	1	1	1	1
0	0	0	0	1	0	1
1	0	0	1	0	0	0
1	0	1	0	1	1	1
1	1	0	1	0	1	1
1	0	0	1	1	0	1
1	1	0	1	1	1	0

0	0	15	13	15	14	8
0	0	0	0	5	0	9
15	0	0	9	0	0	0
13	0	9	0	11	13	9
15	5	0	11	0	14	11
14	0	0	13	14	0	12
8	9	0	9	11	12	0

0	0	4	2	5	4	5
0	0	0	0	5	0	1
4	0	0	3	0	0	0
2	0	3	0	5	2	5
5	5	0	5	0	4	1
4	0	0	2	4	0	3
5	1	0	5	1	3	0

0	0	96	95	99	95	98
0	0	0	0	99	0	99
96	0	0	95	0	0	0
95	0	95	0	96	95	96
99	99	0	96	0	100	97
95	0	0	95	100	0	96
98	99	0	96	97	96	0

0	0	7	38	39	0	6
0	0	0	0	44	0	8
7	0	0	2	0	0	0
38	0	2	0	11	21	21
39	44	0	11	0	12	31
0	0	0	21	12	0	20
6	8	0	21	31	20	0

36	50
18	28
49	16
36	45
25	12
43	46
20	22
