0	1	1	1	1	0	1
1	0	1	1	1	1	1
1	1	0	1	1	1	1
1	1	1	0	1	0	0
1	1	1	1	0	1	1
0	1	1	0	1	0	1
1	1	1	0	1	1	0

0	6	10	11	9	0	5
6	0	6	15	6	13	8
10	6	0	15	9	6	7
11	15	15	0	6	0	0
9	6	9	6	0	5	7
0	13	6	0	5	0	9
5	8	7	0	7	9	0

0	1	5	2	2	0	5
1	0	2	3	4	4	4
5	2	0	1	2	2	5
2	3	1	0	2	0	0
2	4	2	2	0	3	1
0	4	2	0	3	0	3
5	4	5	0	1	3	0

0	95	95	98	98	0	100
95	0	96	95	98	96	97
95	96	0	98	96	95	100
98	95	98	0	100	0	0
98	98	96	100	0	97	97
0	96	95	0	97	0	97
100	97	100	0	97	97	0

0	20	9	37	16	0	27
20	0	0	7	8	22	26
9	0	0	38	37	16	14
37	7	38	0	46	0	0
16	8	37	46	0	4	14
0	22	16	0	4	0	16
27	26	14	0	14	16	0

40	34
46	28
15	45
10	29
41	32
31	13
16	27
