0	0	0	1	1	1	1	0
0	0	1	1	1	1	0	0
0	1	0	1	0	1	1	1
1	1	1	0	0	1	1	1
1	1	0	0	0	1	1	0
1	1	1	1	1	0	1	0
1	0	1	1	1	1	0	1
0	0	1	1	0	0	1	0

0	0	0	6	10	13	13	0
0	0	8	10	10	5	0	0
0	8	0	6	0	5	6	11
6	10	6	0	0	15	11	14
10	10	0	0	0	11	11	0
13	5	5	15	11	0	5	0
13	0	6	11	11	5	0	5
0	0	11	14	0	0	5	0

0	0	0	4	3	5	4	0
0	0	1	3	3	4	0	0
0	1	0	2	0	1	3	4
4	3	2	0	0	1	3	1
3	3	0	0	0	1	3	0
5	4	1	1	1	0	5	0
4	0	3	3	3	5	0	3
0	0	4	1	0	0	3	0

0	0	0	98	100	96	99	0
0	0	98	95	99	99	0	0
0	98	0	100	0	98	98	99
98	95	100	0	0	99	100	100
100	99	0	0	0	99	98	0
96	99	98	99	99	0	99	0
99	0	98	100	98	99	0	99
0	0	99	100	0	0	99	0

0	0	0	31	16	10	15	0
0	0	40	9	20	7	0	0
0	40	0	33	0	43	23	41
31	9	33	0	0	37	36	14
16	20	0	0	0	2	5	0
10	7	43	37	2	0	34	0
15	0	23	36	5	34	0	37
0	0	41	14	0	0	37	0

16	25
37	15
10	34
23	48
25	15
26	37
15	16
21	12
