0	1	1	1	0	0	0	1	1
1	0	1	1	1	1	1	1	1
1	1	0	1	1	1	0	1	1
1	1	1	0	0	1	1	0	1
0	1	1	0	0	1	0	1	0
0	1	1	1	1	0	0	0	0
0	1	0	1	0	0	0	0	1
1	1	1	0	1	0	0	0	1
1	1	1	1	0	0	1	1	0

0	7	13	14	0	0	0	5	9
7	0	11	12	5	7	13	6	12
13	11	0	13	10	12	0	15	12
14	12	13	0	0	11	6	0	7
0	5	10	0	0	10	0	7	0
0	7	12	11	10	0	0	0	0
0	13	0	6	0	0	0	0	7
5	6	15	0	7	0	0	0	11
9	12	12	7	0	0	7	11	0

0	4	5	2	0	0	0	1	1
4	0	5	5	1	2	4	5	2
5	5	0	3	4	5	0	5	4
2	5	3	0	0	1	1	0	5
0	1	4	0	0	5	0	1	0
0	2	5	1	5	0	0	0	0
0	4	0	1	0	0	0	0	5
1	5	5	0	1	0	0	0	2
1	2	4	5	0	0	5	2	0

0	95	100	100	0	0	0	95	95
95	0	96	98	96	96	97	95	99
100	96	0	97	99	95	0	100	96
100	98	97	0	0	97	96	0	99
0	96	99	0	0	95	0	99	0
0	96	95	97	95	0	0	0	0
0	97	0	96	0	0	0	0	100
95	95	100	0	99	0	0	0	95
95	99	96	99	0	0	100	95	0

0	16	10	18	0	0	0	23	16
16	0	28	11	3	10	42	47	27
10	28	0	42	14	0	0	38	30
18	11	42	0	0	31	47	0	5
0	3	14	0	0	36	0	39	0
0	10	0	31	36	0	0	0	0
0	42	0	47	0	0	0	0	25
23	47	38	0	39	0	0	0	25
16	27	30	5	0	0	25	25	0

44	42
14	16
25	17
14	44
46	13
21	45
46	25
40	29
24	24
