0	0	0	1	1	1	1	1	1
0	0	1	1	1	1	1	0	1
0	1	0	1	0	1	0	1	1
1	1	1	0	1	0	1	1	1
1	1	0	1	0	1	1	1	0
1	1	1	0	1	0	0	0	1
1	1	0	1	1	0	0	1	1
1	0	1	1	1	0	1	0	0
1	1	1	1	0	1	1	0	0

0	0	0	15	11	9	12	14	5
0	0	5	14	9	9	10	0	10
0	5	0	8	0	12	0	6	11
15	14	8	0	6	0	6	15	13
11	9	0	6	0	8	6	9	0
9	9	12	0	8	0	0	0	12
12	10	0	6	6	0	0	14	7
14	0	6	15	9	0	14	0	0
5	10	11	13	0	12	7	0	0

0	0	0	3	2	2	4	5	1
0	0	2	4	2	3	5	0	4
0	2	0	2	0	4	0	3	4
3	4	2	0	3	0	2	5	3
2	2	0	3	0	2	2	1	0
2	3	4	0	2	0	0	0	4
4	5	0	2	2	0	0	3	3
5	0	3	5	1	0	3	0	0
1	4	4	3	0	4	3	0	0

0	0	0	95	96	99	97	99	98
0	0	97	95	100	95	96	0	100
0	97	0	98	0	98	0	100	95
95	95	98	0	98	0	98	97	97
96	100	0	98	0	97	100	100	0
99	95	98	0	97	0	0	0	99
97	96	0	98	100	0	0	99	98
99	0	100	97	100	0	99	0	0
98	100	95	97	0	99	98	0	0

0	0	0	20	23	14	35	30	18
0	0	48	32	12	7	29	0	28
0	48	0	15	0	30	0	5	9
20	32	15	0	25	0	10	2	10
23	12	0	25	0	5	8	36	0
14	7	30	0	5	0	0	0	5
35	29	0	10	8	0	0	13	15
30	0	5	2	36	0	13	0	0
18	28	9	10	0	5	15	0	0

36	27
29	45
37	21
32	31
15	27
20	34
39	50
37	16
31	20
