0	1	1	1	0	1	0	1	1
1	0	1	1	1	0	1	1	1
1	1	0	0	1	1	1	1	1
1	1	0	0	1	1	1	1	1
0	1	1	1	0	1	1	0	1
1	0	1	1	1	0	0	1	0
0	1	1	1	1	0	0	1	1
1	1	1	1	0	1	1	0	0
1	1	1	1	1	0	1	0	0

0	10	5	12	0	9	0	9	12
10	0	12	8	11	0	12	9	9
5	12	0	0	11	12	9	11	8
12	8	0	0	10	6	7	7	15
0	11	11	10	0	6	15	0	6
9	0	12	6	6	0	0	15	0
0	12	9	7	15	0	0	10	15
9	9	11	7	0	15	10	0	0
12	9	8	15	6	0	15	0	0

0	5	4	5	0	1	0	1	5
5	0	3	2	5	0	3	5	4
4	3	0	0	3	4	3	4	4
5	2	0	0	3	5	1	3	3
0	5	3	3	0	5	3	0	3
1	0	4	5	5	0	0	1	0
0	3	3	1	3	0	0	4	3
1	5	4	3	0	1	4	0	0
5	4	4	3	3	0	3	0	0

0	98	99	99	0	97	0	95	96
98	0	96	96	97	0	95	99	96
99	96	0	0	98	97	98	99	100
99	96	0	0	96	100	96	95	97
0	97	98	96	0	99	98	0	99
97	0	97	100	99	0	0	96	0
0	95	98	96	98	0	0	100	99
95	99	99	95	0	96	100	0	0
96	96	100	97	99	0	99	0	0

0	17	31	23	0	30	0	0	24
17	0	3	29	3	0	0	32	7
31	3	0	0	3	38	31	8	6
23	29	0	0	27	38	35	7	38
0	3	3	27	0	42	18	0	2
30	0	38	38	42	0	0	0	0
0	0	31	35	18	0	0	32	8
0	32	8	7	0	0	32	0	0
24	7	6	38	2	0	8	0	0

19	38
19	12
31	28
31	41
20	29
48	12
16	36
20	28
41	24
