0	1	1	0	1	0	1
1	0	0	1	1	1	1
1	0	0	1	1	1	1
0	1	1	0	0	1	1
1	1	1	0	0	1	0
0	1	1	1	1	0	0
1	1	1	1	0	0	0

0	10	13	0	11	0	5
10	0	0	10	9	13	13
13	0	0	9	7	14	12
0	10	9	0	0	9	8
11	9	7	0	0	5	0
0	13	14	9	5	0	0
5	13	12	8	0	0	0

0	2	1	0	4	0	4
2	0	0	4	3	3	5
1	0	0	4	2	3	4
0	4	4	0	0	5	1
4	3	2	0	0	2	0
0	3	3	5	2	0	0
4	5	4	1	0	0	0

0	100	99	0	99	0	97
100	0	0	99	100	99	98
99	0	0	99	99	100	99
0	99	99	0	0	96	97
99	100	99	0	0	100	0
0	99	100	96	100	0	0
97	98	99	97	0	0	0

0	36	4	0	6	0	6
36	0	0	22	39	26	38
4	0	0	17	33	36	33
0	22	17	0	0	41	38
6	39	33	0	0	47	0
0	26	36	41	47	0	0
6	38	33	38	0	0	0

26	18
45	36
35	15
11	12
16	50
45	35
36	13
