0	1	1	1	1	1	1	1	0
1	0	0	0	0	0	0	1	1
1	0	0	0	0	0	1	1	1
1	0	0	0	1	1	1	1	1
1	0	0	1	0	1	0	0	1
1	0	0	1	1	0	1	0	1
1	0	1	1	0	1	0	1	0
1	1	1	1	0	0	1	0	0
0	1	1	1	1	1	0	0	0

0	13	13	10	6	14	6	14	0
13	0	0	0	0	0	0	14	9
13	0	0	0	0	0	13	8	10
10	0	0	0	12	5	7	11	9
6	0	0	12	0	11	0	0	15
14	0	0	5	11	0	10	0	15
6	0	13	7	0	10	0	15	0
14	14	8	11	0	0	15	0	0
0	9	10	9	15	15	0	0	0

0	4	4	3	3	4	2	2	0
4	0	0	0	0	0	0	3	1
4	0	0	0	0	0	1	5	4
3	0	0	0	3	5	3	2	3
3	0	0	3	0	2	0	0	4
4	0	0	5	2	0	3	0	4
2	0	1	3	0	3	0	3	0
2	3	5	2	0	0	3	0	0
0	1	4	3	4	4	0	0	0

0	98	97	95	99	99	97	98	0
98	0	0	0	0	0	0	95	95
97	0	0	0	0	0	95	98	100
95	0	0	0	98	97	95	97	99
99	0	0	98	0	97	0	0	96
99	0	0	97	97	0	96	0	100
97	0	95	95	0	96	0	96	0
98	95	98	97	0	0	96	0	0
0	95	100	99	96	100	0	0	0

0	23	32	16	31	19	48	14	0
23	0	0	0	0	0	0	27	35
32	0	0	0	0	0	3	20	28
16	0	0	0	16	2	46	26	1
31	0	0	16	0	35	0	0	0
19	0	0	2	35	0	15	0	15
48	0	3	46	0	15	0	7	0
14	27	20	26	0	0	7	0	0
0	35	28	1	0	15	0	0	0

48	39
44	18
14	40
34	36
30	24
47	17
38	25
14	45
49	27
