0	0	1	1	1	0	1	1
0	0	1	0	0	1	0	1
1	1	0	1	1	1	1	1
1	0	1	0	1	1	1	1
1	0	1	1	0	0	1	0
0	1	1	1	0	0	1	1
1	0	1	1	1	1	0	1
1	1	1	1	0	1	1	0

0	0	14	9	15	0	7	13
0	0	15	0	0	5	0	8
14	15	0	12	5	14	8	10
9	0	12	0	5	10	5	10
15	0	5	5	0	0	12	0
0	5	14	10	0	0	7	12
7	0	8	5	12	7	0	15
13	8	10	10	0	12	15	0

0	0	1	2	5	0	2	5
0	0	1	0	0	3	0	4
1	1	0	3	3	1	2	5
2	0	3	0	3	5	4	4
5	0	3	3	0	0	2	0
0	3	1	5	0	0	2	1
2	0	2	4	2	2	0	5
5	4	5	4	0	1	5	0

0	0	96	97	98	0	99	98
0	0	100	0	0	99	0	95
96	100	0	98	98	100	97	97
97	0	98	0	96	99	99	100
98	0	98	96	0	0	95	0
0	99	100	99	0	0	95	96
99	0	97	99	95	95	0	100
98	95	97	100	0	96	100	0

0	0	12	1	32	0	5	10
0	0	36	0	0	7	0	41
12	36	0	9	27	36	1	11
1	0	9	0	42	28	47	45
32	0	27	42	0	0	12	0
0	7	36	28	0	0	8	12
5	0	1	47	12	8	0	18
10	41	11	45	0	12	18	0

33	16
48	25
46	35
29	22
22	17
32	29
31	41
13	10
