0	0	1	1	1	1	1	0	1	1
0	0	1	1	1	0	0	0	1	1
1	1	0	0	1	1	1	1	1	1
1	1	0	0	0	0	1	1	1	1
1	1	1	0	0	1	1	1	1	1
1	0	1	0	1	0	1	1	1	1
1	0	1	1	1	1	0	1	1	1
0	0	1	1	1	1	1	0	1	0
1	1	1	1	1	1	1	1	0	0
1	1	1	1	1	1	1	0	0	0

0	0	9	11	12	6	11	0	7	11
0	0	11	14	5	0	0	0	15	14
9	11	0	0	9	10	14	12	10	9
11	14	0	0	0	0	9	7	14	15
12	5	9	0	0	10	10	14	7	5
6	0	10	0	10	0	5	14	7	15
11	0	14	9	10	5	0	15	6	5
0	0	12	7	14	14	15	0	10	0
7	15	10	14	7	7	6	10	0	0
11	14	9	15	5	15	5	0	0	0

0	0	1	2	1	5	2	0	2	2
0	0	5	5	2	0	0	0	5	5
1	5	0	0	3	2	1	1	3	2
2	5	0	0	0	0	2	5	3	5
1	2	3	0	0	1	2	1	3	2
5	0	2	0	1	0	4	4	2	1
2	0	1	2	2	4	0	3	5	3
0	0	1	5	1	4	3	0	5	0
2	5	3	3	3	2	5	5	0	0
2	5	2	5	2	1	3	0	0	0

0	0	97	99	98	99	97	0	98	96
0	0	99	98	98	0	0	0	99	98
97	99	0	0	99	95	95	98	100	98
99	98	0	0	0	0	97	98	95	100
98	98	99	0	0	95	100	99	98	98
99	0	95	0	95	0	97	95	97	96
97	0	95	97	100	97	0	96	96	95
0	0	98	98	99	95	96	0	98	0
98	99	100	95	98	97	96	98	0	0
96	98	98	100	98	96	95	0	0	0

0	0	35	33	27	3	32	0	35	24
0	0	32	6	40	0	0	0	36	33
35	32	0	0	9	41	6	23	45	14
33	6	0	0	0	0	14	35	23	13
27	40	9	0	0	45	42	5	17	18
3	0	41	0	45	0	29	35	2	29
32	0	6	14	42	29	0	20	48	42
0	0	23	35	5	35	20	0	29	0
35	36	45	23	17	2	48	29	0	0
24	33	14	13	18	29	42	0	0	0

13	47
49	40
13	36
13	26
25	35
19	28
37	30
34	45
40	21
32	31
