0	1	1	0	1	1	0	1
1	0	1	1	1	0	0	0
1	1	0	1	1	1	1	1
0	1	1	0	0	1	1	1
1	1	1	0	0	0	1	0
1	0	1	1	0	0	0	0
0	0	1	1	1	0	0	0
1	0	1	1	0	0	0	0

0	11	10	0	8	9	0	12
11	0	5	5	11	0	0	0
10	5	0	10	13	15	8	14
0	5	10	0	0	5	6	9
8	11	13	0	0	0	5	0
9	0	15	5	0	0	0	0
0	0	8	6	5	0	0	0
12	0	14	9	0	0	0	0

0	1	5	0	5	4	0	2
1	0	4	2	1	0	0	0
5	4	0	1	3	4	2	2
0	2	1	0	0	2	5	4
5	1	3	0	0	0	5	0
4	0	4	2	0	0	0	0
0	0	2	5	5	0	0	0
2	0	2	4	0	0	0	0

0	95	98	0	95	98	0	99
95	0	97	96	95	0	0	0
98	97	0	95	97	97	96	95
0	96	95	0	0	97	96	95
95	95	97	0	0	0	98	0
98	0	97	97	0	0	0	0
0	0	96	96	98	0	0	0
99	0	95	95	0	0	0	0

0	8	13	0	2	27	0	27
8	0	10	45	27	0	0	0
13	10	0	9	13	11	41	22
0	45	9	0	0	18	5	13
2	27	13	0	0	0	13	0
27	0	11	18	0	0	0	0
0	0	41	5	13	0	0	0
27	0	22	13	0	0	0	0

39	47
10	14
11	33
20	50
40	27
41	48
12	26
37	45
