0	0	1	0	1	1	1	1	0	1
0	0	0	0	0	1	1	1	0	1
1	0	0	0	0	1	1	1	0	0
0	0	0	0	0	1	0	1	1	1
1	0	0	0	0	1	1	0	1	1
1	1	1	1	1	0	1	1	1	1
1	1	1	0	1	1	0	1	0	0
1	1	1	1	0	1	1	0	0	0
0	0	0	1	1	1	0	0	0	1
1	1	0	1	1	1	0	0	1	0

0	0	8	0	9	7	7	15	0	11
0	0	0	0	0	9	6	6	0	6
8	0	0	0	0	11	6	14	0	0
0	0	0	0	0	7	0	15	15	7
9	0	0	0	0	15	7	0	6	8
7	9	11	7	15	0	6	5	12	5
7	6	6	0	7	6	0	12	0	0
15	6	14	15	0	5	12	0	0	0
0	0	0	15	6	12	0	0	0	15
11	6	0	7	8	5	0	0	15	0

0	0	4	0	4	1	4	5	0	1
0	0	0	0	0	2	3	5	0	2
4	0	0	0	0	2	4	2	0	0
0	0	0	0	0	3	0	2	4	2
4	0	0	0	0	3	1	0	2	1
1	2	2	3	3	0	3	2	4	2
4	3	4	0	1	3	0	4	0	0
5	5	2	2	0	2	4	0	0	0
0	0	0	4	2	4	0	0	0	2
1	2	0	2	1	2	0	0	2	0

0	0	99	0	100	99	97	95	0	100
0	0	0	0	0	97	95	97	0	97
99	0	0	0	0	95	100	96	0	0
0	0	0	0	0	96	0	99	95	97
100	0	0	0	0	99	99	0	97	99
99	97	95	96	99	0	100	99	100	95
97	95	100	0	99	100	0	98	0	0
95	97	96	99	0	99	98	0	0	0
0	0	0	95	97	100	0	0	0	100
100	97	0	97	99	95	0	0	100	0

0	0	45	0	24	21	21	11	0	8
0	0	0	0	0	25	35	9	0	11
45	0	0	0	0	21	1	14	0	0
0	0	0	0	0	31	0	20	32	1
24	0	0	0	0	0	40	0	5	15
21	25	21	31	0	0	9	38	9	24
21	35	1	0	40	9	0	23	0	0
11	9	14	20	0	38	23	0	0	0
0	0	0	32	5	9	0	0	0	19
8	11	0	1	15	24	0	0	19	0

12	33
27	15
47	17
15	24
17	12
11	31
31	44
24	30
29	24
19	32
