0	1	1	1	1	1	1	1
1	0	0	1	1	1	0	0
1	0	0	0	1	1	1	1
1	1	0	0	1	0	1	1
1	1	1	1	0	0	0	0
1	1	1	0	0	0	1	0
1	0	1	1	0	1	0	1
1	0	1	1	0	0	1	0

0	5	5	15	8	9	5	8
5	0	0	9	9	6	0	0
5	0	0	0	7	9	12	5
15	9	0	0	6	0	12	8
8	9	7	6	0	0	0	0
9	6	9	0	0	0	9	0
5	0	12	12	0	9	0	5
8	0	5	8	0	0	5	0

0	5	1	2	4	5	4	3
5	0	0	5	1	4	0	0
1	0	0	0	2	5	4	1
2	5	0	0	2	0	2	3
4	1	2	2	0	0	0	0
5	4	5	0	0	0	2	0
4	0	4	2	0	2	0	5
3	0	1	3	0	0	5	0

0	97	98	100	99	98	96	98
97	0	0	100	100	97	0	0
98	0	0	0	97	95	95	97
100	100	0	0	99	0	100	98
99	100	97	99	0	0	0	0
98	97	95	0	0	0	98	0
96	0	95	100	0	98	0	99
98	0	97	98	0	0	99	0

0	39	8	37	43	36	49	43
39	0	0	20	16	9	0	0
8	0	0	0	48	2	36	18
37	20	0	0	15	0	25	2
43	16	48	15	0	0	0	0
36	9	2	0	0	0	12	0
49	0	36	25	0	12	0	37
43	0	18	2	0	0	37	0

47	28
25	20
10	11
36	10
22	46
35	34
39	41
11	24
