0	1	1	0	1	0	0	1	1
1	0	1	0	0	1	1	0	1
1	1	0	0	0	0	1	0	1
0	0	0	0	0	1	1	0	1
1	0	0	0	0	1	0	1	1
0	1	0	1	1	0	1	1	1
0	1	1	1	0	1	0	1	1
1	0	0	0	1	1	1	0	1
1	1	1	1	1	1	1	1	0

0	9	8	0	14	0	0	10	5
9	0	15	0	0	14	9	0	10
8	15	0	0	0	0	6	0	15
0	0	0	0	0	7	14	0	7
14	0	0	0	0	14	0	6	11
0	14	0	7	14	0	7	6	10
0	9	6	14	0	7	0	12	13
10	0	0	0	6	6	12	0	15
5	10	15	7	11	10	13	15	0

0	2	3	0	3	0	0	1	3
2	0	2	0	0	1	3	0	4
3	2	0	0	0	0	3	0	2
0	0	0	0	0	3	4	0	2
3	0	0	0	0	2	0	1	3
0	1	0	3	2	0	5	3	4
0	3	3	4	0	5	0	1	1
1	0	0	0	1	3	1	0	4
3	4	2	2	3	4	1	4	0

0	96	97	0	99	0	0	99	95
96	0	97	0	0	98	97	0	96
97	97	0	0	0	0	96	0	95
0	0	0	0	0	95	97	0	99
99	0	0	0	0	98	0	95	100
0	98	0	95	98	0	97	98	96
0	97	96	97	0	97	0	96	100
99	0	0	0	95	98	96	0	99
95	96	95	99	100	96	100	99	0

0	15	17	0	14	0	0	11	27
15	0	8	0	0	10	10	0	45
17	8	0	0	0	0	35	0	30
0	0	0	0	0	46	2	0	18
14	0	0	0	0	18	0	9	3
0	10	0	46	18	0	45	6	36
0	10	35	2	0	45	0	34	33
11	0	0	0	9	6	34	0	11
27	45	30	18	3	36	33	11	0

46	18
22	30
39	30
45	44
44	11
35	38
29	20
49	21
13	10
