0	1	0	0	1	0	0
1	0	1	1	1	1	0
0	1	0	1	0	1	1
0	1	1	0	1	0	1
1	1	0	1	0	0	0
0	1	1	0	0	0	0
0	0	1	1	0	0	0

0	13	0	0	10	0	0
13	0	7	14	13	14	0
0	7	0	13	0	11	5
0	14	13	0	5	0	8
10	13	0	5	0	0	0
0	14	11	0	0	0	0
0	0	5	8	0	0	0

0	5	0	0	4	0	0
5	0	3	5	3	1	0
0	3	0	2	0	1	1
0	5	2	0	2	0	2
4	3	0	2	0	0	0
0	1	1	0	0	0	0
0	0	1	2	0	0	0

0	100	0	0	100	0	0
100	0	96	98	96	96	0
0	96	0	98	0	99	96
0	98	98	0	98	0	95
100	96	0	98	0	0	0
0	96	99	0	0	0	0
0	0	96	95	0	0	0

0	35	0	0	25	0	0
35	0	29	14	23	9	0
0	29	0	17	0	20	41
0	14	17	0	19	0	32
25	23	0	19	0	0	0
0	9	20	0	0	0	0
0	0	41	32	0	0	0

25	32
27	26
25	35
20	30
33	43
13	45
15	18
