0	1	1	1	1	1	1	0	1
1	0	1	1	1	1	0	1	1
1	1	0	0	0	1	1	1	1
1	1	0	0	0	1	1	1	1
1	1	0	0	0	1	0	1	1
1	1	1	1	1	0	1	1	1
1	0	1	1	0	1	0	0	1
0	1	1	1	1	1	0	0	1
1	1	1	1	1	1	1	1	0

0	8	10	11	7	14	15	0	15
8	0	13	12	12	15	0	12	9
10	13	0	0	0	5	12	5	6
11	12	0	0	0	5	14	10	10
7	12	0	0	0	6	0	7	8
14	15	5	5	6	0	9	15	8
15	0	12	14	0	9	0	0	10
0	12	5	10	7	15	0	0	15
15	9	6	10	8	8	10	15	0

0	2	2	3	1	2	1	0	1
2	0	5	2	2	3	0	5	4
2	5	0	0	0	3	4	4	2
3	2	0	0	0	2	3	5	1
1	2	0	0	0	3	0	3	4
2	3	3	2	3	0	5	5	3
1	0	4	3	0	5	0	0	2
0	5	4	5	3	5	0	0	4
1	4	2	1	4	3	2	4	0

0	100	99	99	100	95	97	0	95
100	0	98	95	95	96	0	100	96
99	98	0	0	0	97	95	99	95
99	95	0	0	0	95	100	100	100
100	95	0	0	0	98	0	96	95
95	96	97	95	98	0	97	97	100
97	0	95	100	0	97	0	0	100
0	100	99	100	96	97	0	0	100
95	96	95	100	95	100	100	100	0

0	35	29	20	24	15	23	0	15
35	0	4	25	42	5	0	39	17
29	4	0	0	0	6	26	30	18
20	25	0	0	0	27	29	9	17
24	42	0	0	0	24	0	45	45
15	5	6	27	24	0	11	26	8
23	0	26	29	0	11	0	0	40
0	39	30	9	45	26	0	0	33
15	17	18	17	45	8	40	33	0

48	32
48	38
42	18
30	23
23	50
40	34
39	36
45	23
47	14
