0	1	1	1	0	1	1	1
1	0	1	1	0	0	1	0
1	1	0	0	1	1	1	1
1	1	0	0	1	1	1	1
0	0	1	1	0	1	1	0
1	0	1	1	1	0	1	1
1	1	1	1	1	1	0	1
1	0	1	1	0	1	1	0

0	11	10	11	0	10	9	15
11	0	8	13	0	0	7	0
10	8	0	0	14	6	7	13
11	13	0	0	12	5	7	14
0	0	14	12	0	8	11	0
10	0	6	5	8	0	11	7
9	7	7	7	11	11	0	13
15	0	13	14	0	7	13	0

0	2	1	5	0	2	4	1
2	0	3	5	0	0	5	0
1	3	0	0	5	1	1	4
5	5	0	0	3	5	2	3
0	0	5	3	0	5	3	0
2	0	1	5	5	0	5	1
4	5	1	2	3	5	0	4
1	0	4	3	0	1	4	0

0	96	99	95	0	99	98	98
96	0	99	95	0	0	98	0
99	99	0	0	96	100	96	99
95	95	0	0	98	99	95	95
0	0	96	98	0	96	100	0
99	0	100	99	96	0	95	96
98	98	96	95	100	95	0	95
98	0	99	95	0	96	95	0

0	14	26	10	0	9	22	12
14	0	18	17	0	0	19	0
26	18	0	0	22	13	35	26
10	17	0	0	34	30	24	5
0	0	22	34	0	47	37	0
9	0	13	30	47	0	7	19
22	19	35	24	37	7	0	16
12	0	26	5	0	19	16	0

30	31
20	49
17	14
29	32
14	38
39	50
43	47
29	45
