0	1	1	1	1	1	0
1	0	1	0	0	1	1
1	1	0	1	0	1	1
1	0	1	0	1	0	0
1	0	0	1	0	1	1
1	1	1	0	1	0	1
0	1	1	0	1	1	0

0	8	15	6	15	15	0
8	0	5	0	0	11	5
15	5	0	13	0	6	10
6	0	13	0	15	0	0
15	0	0	15	0	13	9
15	11	6	0	13	0	5
0	5	10	0	9	5	0

0	1	3	5	4	5	0
1	0	3	0	0	5	5
3	3	0	2	0	1	1
5	0	2	0	3	0	0
4	0	0	3	0	4	5
5	5	1	0	4	0	4
0	5	1	0	5	4	0

0	100	96	99	100	96	0
100	0	96	0	0	95	95
96	96	0	96	0	97	98
99	0	96	0	97	0	0
100	0	0	97	0	95	100
96	95	97	0	95	0	98
0	95	98	0	100	98	0

0	14	15	44	4	37	0
14	0	42	0	0	12	35
15	42	0	30	0	34	20
44	0	30	0	14	0	0
4	0	0	14	0	27	3
37	12	34	0	27	0	7
0	35	20	0	3	7	0

44	49
45	11
28	21
10	18
25	40
44	10
22	27
