0	1	0	1	1	0	1	1	1	1
1	0	1	1	0	1	0	1	1	0
0	1	0	0	1	1	1	1	1	1
1	1	0	0	1	1	1	1	1	0
1	0	1	1	0	1	1	0	1	1
0	1	1	1	1	0	1	1	1	0
1	0	1	1	1	1	0	1	1	1
1	1	1	1	0	1	1	0	1	1
1	1	1	1	1	1	1	1	0	1
1	0	1	0	1	0	1	1	1	0

0	14	0	7	11	0	15	6	15	5
14	0	15	9	0	8	0	6	13	0
0	15	0	0	7	8	5	9	14	10
7	9	0	0	13	8	14	13	8	0
11	0	7	13	0	14	10	0	7	12
0	8	8	8	14	0	12	15	9	0
15	0	5	14	10	12	0	15	10	14
6	6	9	13	0	15	15	0	13	12
15	13	14	8	7	9	10	13	0	15
5	0	10	0	12	0	14	12	15	0

0	3	0	5	2	0	1	4	2	1
3	0	4	3	0	4	0	5	4	0
0	4	0	0	3	4	3	2	5	1
5	3	0	0	3	2	2	2	4	0
2	0	3	3	0	2	2	0	5	1
0	4	4	2	2	0	2	1	3	0
1	0	3	2	2	2	0	1	3	3
4	5	2	2	0	1	1	0	1	2
2	4	5	4	5	3	3	1	0	4
1	0	1	0	1	0	3	2	4	0

0	98	0	95	99	0	96	99	97	99
98	0	96	95	0	96	0	100	100	0
0	96	0	0	100	100	100	100	95	99
95	95	0	0	97	98	96	95	99	0
99	0	100	97	0	100	97	0	99	95
0	96	100	98	100	0	95	95	95	0
96	0	100	96	97	95	0	97	99	100
99	100	100	95	0	95	97	0	98	100
97	100	95	99	99	95	99	98	0	97
99	0	99	0	95	0	100	100	97	0

0	20	0	48	11	0	24	1	9	28
20	0	0	34	0	38	0	41	27	0
0	0	0	0	44	37	26	41	39	23
48	34	0	0	33	10	26	27	9	0
11	0	44	33	0	10	20	0	7	37
0	38	37	10	10	0	3	7	46	0
24	0	26	26	20	3	0	40	24	34
1	41	41	27	0	7	40	0	35	26
9	27	39	9	7	46	24	35	0	1
28	0	23	0	37	0	34	26	1	0

17	15
17	49
50	30
20	18
15	44
30	25
38	33
31	16
28	11
32	26
