0	1	0	1	1	0	1
1	0	1	1	1	0	1
0	1	0	1	1	1	1
1	1	1	0	0	1	1
1	1	1	0	0	1	0
0	0	1	1	1	0	1
1	1	1	1	0	1	0

0	6	0	6	13	0	7
6	0	5	7	8	0	7
0	5	0	6	13	7	14
6	7	6	0	0	10	15
13	8	13	0	0	15	0
0	0	7	10	15	0	8
7	7	14	15	0	8	0

0	2	0	4	4	0	5
2	0	2	5	2	0	4
0	2	0	3	5	1	3
4	5	3	0	0	3	2
4	2	5	0	0	4	0
0	0	1	3	4	0	5
5	4	3	2	0	5	0

0	96	0	96	96	0	98
96	0	97	100	97	0	100
0	97	0	99	99	99	97
96	100	99	0	0	99	96
96	97	99	0	0	98	0
0	0	99	99	98	0	96
98	100	97	96	0	96	0

0	36	0	39	28	0	35
36	0	32	32	1	0	39
0	32	0	28	8	48	26
39	32	28	0	0	19	38
28	1	8	0	0	27	0
0	0	48	19	27	0	29
35	39	26	38	0	29	0

49	49
27	34
24	15
27	31
37	27
28	41
37	42
