0	0	1	1	1	1	1	1
0	0	0	0	1	1	1	0
1	0	0	0	1	1	0	1
1	0	0	0	1	1	1	1
1	1	1	1	0	1	1	1
1	1	1	1	1	0	1	1
1	1	0	1	1	1	0	1
1	0	1	1	1	1	1	0

0	0	11	13	9	13	5	12
0	0	0	0	5	7	13	0
11	0	0	0	15	5	0	12
13	0	0	0	13	8	8	7
9	5	15	13	0	5	7	12
13	7	5	8	5	0	8	9
5	13	0	8	7	8	0	14
12	0	12	7	12	9	14	0

0	0	2	4	3	1	2	4
0	0	0	0	2	2	1	0
2	0	0	0	5	1	0	5
4	0	0	0	1	4	4	5
3	2	5	1	0	2	5	4
1	2	1	4	2	0	4	1
2	1	0	4	5	4	0	5
4	0	5	5	4	1	5	0

0	0	96	96	97	97	100	99
0	0	0	0	95	99	95	0
96	0	0	0	95	100	0	100
96	0	0	0	99	99	96	100
97	95	95	99	0	100	95	98
97	99	100	99	100	0	96	100
100	95	0	96	95	96	0	98
99	0	100	100	98	100	98	0

0	0	43	21	7	18	33	41
0	0	0	0	20	34	32	0
43	0	0	0	10	26	0	40
21	0	0	0	4	1	35	43
7	20	10	4	0	27	20	8
18	34	26	1	27	0	44	30
33	32	0	35	20	44	0	0
41	0	40	43	8	30	0	0

32	45
39	31
31	41
37	25
50	36
31	46
49	41
24	24
