0	1	0	1	0	1	1	1	1	1
1	0	0	1	1	1	1	1	0	0
0	0	0	0	1	0	1	1	0	1
1	1	0	0	1	1	0	1	1	0
0	1	1	1	0	1	1	1	1	0
1	1	0	1	1	0	1	1	0	1
1	1	1	0	1	1	0	1	1	1
1	1	1	1	1	1	1	0	0	0
1	0	0	1	1	0	1	0	0	0
1	0	1	0	0	1	1	0	0	0

0	9	0	15	0	10	13	13	13	12
9	0	0	12	13	9	6	13	0	0
0	0	0	0	15	0	5	8	0	7
15	12	0	0	5	8	0	9	11	0
0	13	15	5	0	5	11	5	13	0
10	9	0	8	5	0	11	11	0	13
13	6	5	0	11	11	0	9	10	10
13	13	8	9	5	11	9	0	0	0
13	0	0	11	13	0	10	0	0	0
12	0	7	0	0	13	10	0	0	0

0	1	0	4	0	2	4	3	4	4
1	0	0	2	1	2	1	2	0	0
0	0	0	0	5	0	1	5	0	3
4	2	0	0	4	4	0	3	4	0
0	1	5	4	0	2	1	3	4	0
2	2	0	4	2	0	1	5	0	2
4	1	1	0	1	1	0	1	1	1
3	2	5	3	3	5	1	0	0	0
4	0	0	4	4	0	1	0	0	0
4	0	3	0	0	2	1	0	0	0

0	97	0	95	0	100	96	96	98	96
97	0	0	98	98	97	96	98	0	0
0	0	0	0	96	0	97	100	0	97
95	98	0	0	99	96	0	100	95	0
0	98	96	99	0	98	95	97	98	0
100	97	0	96	98	0	99	97	0	100
96	96	97	0	95	99	0	97	95	100
96	98	100	100	97	97	97	0	0	0
98	0	0	95	98	0	95	0	0	0
96	0	97	0	0	100	100	0	0	0

0	28	0	15	0	2	21	13	39	4
28	0	0	3	18	21	42	12	0	0
0	0	0	0	18	0	30	34	0	3
15	3	0	0	38	44	0	0	38	0
0	18	18	38	0	50	42	34	11	0
2	21	0	44	50	0	25	32	0	35
21	42	30	0	42	25	0	17	10	1
13	12	34	0	34	32	17	0	0	0
39	0	0	38	11	0	10	0	0	0
4	0	3	0	0	35	1	0	0	0

15	22
15	41
35	18
21	21
22	10
10	31
28	14
41	45
36	39
18	11
