0	1	1	1	1	1	1	1	1
1	0	1	1	0	1	1	1	1
1	1	0	1	1	1	1	1	1
1	1	1	0	1	1	0	1	0
1	0	1	1	0	1	1	0	0
1	1	1	1	1	0	0	1	1
1	1	1	0	1	0	0	0	1
1	1	1	1	0	1	0	0	1
1	1	1	0	0	1	1	1	0

0	12	9	14	8	11	5	12	14
12	0	12	7	0	9	10	14	8
9	12	0	10	14	14	8	14	14
14	7	10	0	13	14	0	14	0
8	0	14	13	0	9	11	0	0
11	9	14	14	9	0	0	6	12
5	10	8	0	11	0	0	0	5
12	14	14	14	0	6	0	0	10
14	8	14	0	0	12	5	10	0

0	3	2	4	1	5	5	5	5
3	0	4	4	0	1	2	1	2
2	4	0	4	2	4	4	3	1
4	4	4	0	1	3	0	2	0
1	0	2	1	0	1	1	0	0
5	1	4	3	1	0	0	2	1
5	2	4	0	1	0	0	0	3
5	1	3	2	0	2	0	0	3
5	2	1	0	0	1	3	3	0

0	100	98	100	95	100	98	98	95
100	0	99	97	0	96	98	100	100
98	99	0	100	95	100	97	98	98
100	97	100	0	98	99	0	97	0
95	0	95	98	0	99	98	0	0
100	96	100	99	99	0	0	95	97
98	98	97	0	98	0	0	0	97
98	100	98	97	0	95	0	0	99
95	100	98	0	0	97	97	99	0

0	20	20	13	21	23	29	9	4
20	0	12	43	0	33	0	9	2
20	12	0	2	1	4	38	3	33
13	43	2	0	12	0	0	41	0
21	0	1	12	0	21	43	0	0
23	33	4	0	21	0	0	49	14
29	0	38	0	43	0	0	0	36
9	9	3	41	0	49	0	0	7
4	2	33	0	0	14	36	7	0

49	19
15	46
26	30
27	23
16	11
27	27
38	26
20	48
49	36
