0	1	0	0	1	1	1	0
1	0	0	0	1	1	1	0
0	0	0	1	1	0	1	1
0	0	1	0	0	1	1	1
1	1	1	0	0	0	0	1
1	1	0	1	0	0	0	0
1	1	1	1	0	0	0	0
0	0	1	1	1	0	0	0

0	13	0	0	14	6	5	0
13	0	0	0	13	9	7	0
0	0	0	6	12	0	14	8
0	0	6	0	0	9	14	8
14	13	12	0	0	0	0	5
6	9	0	9	0	0	0	0
5	7	14	14	0	0	0	0
0	0	8	8	5	0	0	0

0	3	0	0	2	2	4	0
3	0	0	0	4	4	1	0
0	0	0	5	5	0	2	5
0	0	5	0	0	3	3	5
2	4	5	0	0	0	0	4
2	4	0	3	0	0	0	0
4	1	2	3	0	0	0	0
0	0	5	5	4	0	0	0

0	96	0	0	96	96	99	0
96	0	0	0	95	100	98	0
0	0	0	98	98	0	95	96
0	0	98	0	0	96	96	99
96	95	98	0	0	0	0	99
96	100	0	96	0	0	0	0
99	98	95	96	0	0	0	0
0	0	96	99	99	0	0	0

0	41	0	0	27	14	47	0
41	0	0	0	39	1	38	0
0	0	0	5	1	0	15	36
0	0	5	0	0	37	12	18
27	39	1	0	0	0	0	5
14	1	0	37	0	0	0	0
47	38	15	12	0	0	0	0
0	0	36	18	5	0	0	0

38	36
37	20
32	33
43	11
32	15
11	44
43	11
44	29
