0	1	0	1	1	1	1	1	1
1	0	0	1	1	0	0	1	1
0	0	0	0	1	0	1	0	1
1	1	0	0	1	1	0	1	1
1	1	1	1	0	1	0	0	0
1	0	0	1	1	0	0	1	1
1	0	1	0	0	0	0	1	1
1	1	0	1	0	1	1	0	0
1	1	1	1	0	1	1	0	0

0	5	0	8	6	10	9	13	12
5	0	0	12	8	0	0	11	8
0	0	0	0	11	0	14	0	10
8	12	0	0	10	10	0	12	9
6	8	11	10	0	8	0	0	0
10	0	0	10	8	0	0	8	9
9	0	14	0	0	0	0	10	8
13	11	0	12	0	8	10	0	0
12	8	10	9	0	9	8	0	0

0	2	0	4	5	3	4	4	4
2	0	0	3	2	0	0	1	3
0	0	0	0	1	0	1	0	2
4	3	0	0	1	4	0	5	5
5	2	1	1	0	3	0	0	0
3	0	0	4	3	0	0	5	2
4	0	1	0	0	0	0	2	5
4	1	0	5	0	5	2	0	0
4	3	2	5	0	2	5	0	0

0	95	0	98	95	95	97	98	100
95	0	0	100	95	0	0	96	100
0	0	0	0	100	0	96	0	100
98	100	0	0	97	96	0	99	100
95	95	100	97	0	99	0	0	0
95	0	0	96	99	0	0	96	96
97	0	96	0	0	0	0	99	96
98	96	0	99	0	96	99	0	0
100	100	100	100	0	96	96	0	0

0	43	0	27	18	3	0	38	2
43	0	0	42	21	0	0	35	24
0	0	0	0	18	0	38	0	45
27	42	0	0	44	23	0	1	40
18	21	18	44	0	42	0	0	0
3	0	0	23	42	0	0	33	25
0	0	38	0	0	0	0	14	0
38	35	0	1	0	33	14	0	0
2	24	45	40	0	25	0	0	0

46	12
28	29
15	24
50	44
11	46
49	11
39	43
32	44
39	29
