0	0	1	1	1	1	1
0	0	0	1	1	0	1
1	0	0	1	0	1	0
1	1	1	0	1	0	1
1	1	0	1	0	1	0
1	0	1	0	1	0	1
1	1	0	1	0	1	0

0	0	15	13	5	10	11
0	0	0	9	10	0	13
15	0	0	15	0	14	0
13	9	15	0	13	0	10
5	10	0	13	0	5	0
10	0	14	0	5	0	12
11	13	0	10	0	12	0

0	0	4	5	2	5	3
0	0	0	2	1	0	3
4	0	0	4	0	3	0
5	2	4	0	1	0	3
2	1	0	1	0	2	0
5	0	3	0	2	0	3
3	3	0	3	0	3	0

0	0	100	100	97	96	99
0	0	0	96	99	0	97
100	0	0	98	0	95	0
100	96	98	0	98	0	98
97	99	0	98	0	98	0
96	0	95	0	98	0	100
99	97	0	98	0	100	0

0	0	34	6	20	33	3
0	0	0	10	0	0	10
34	0	0	38	0	19	0
6	10	38	0	42	0	44
20	0	0	42	0	16	0
33	0	19	0	16	0	20
3	10	0	44	0	20	0

31	30
14	38
50	10
32	39
28	32
19	14
36	38
