0	1	0	1	0	1	1	1
1	0	0	0	1	1	1	1
0	0	0	0	1	1	1	1
1	0	0	0	1	1	1	1
0	1	1	1	0	1	1	1
1	1	1	1	1	0	1	1
1	1	1	1	1	1	0	0
1	1	1	1	1	1	0	0

0	11	0	6	0	11	9	8
11	0	0	0	13	15	8	11
0	0	0	0	9	10	12	8
6	0	0	0	12	10	6	14
0	13	9	12	0	9	12	13
11	15	10	10	9	0	11	8
9	8	12	6	12	11	0	0
8	11	8	14	13	8	0	0

0	5	0	5	0	1	3	5
5	0	0	0	2	3	4	3
0	0	0	0	3	4	3	1
5	0	0	0	4	1	1	1
0	2	3	4	0	5	1	2
1	3	4	1	5	0	1	3
3	4	3	1	1	1	0	0
5	3	1	1	2	3	0	0

0	97	0	98	0	99	100	99
97	0	0	0	99	98	100	98
0	0	0	0	97	99	100	96
98	0	0	0	95	97	97	99
0	99	97	95	0	95	96	97
99	98	99	97	95	0	98	96
100	100	100	97	96	98	0	0
99	98	96	99	97	96	0	0

0	39	0	29	0	22	15	28
39	0	0	0	16	12	29	25
0	0	0	0	33	22	42	36
29	0	0	0	5	38	36	22
0	16	33	5	0	3	24	16
22	12	22	38	3	0	2	23
15	29	42	36	24	2	0	0
28	25	36	22	16	23	0	0

23	26
38	23
11	23
47	34
10	34
13	46
25	41
23	45
