0	1	0	1	0	1	1
1	0	0	0	0	0	1
0	0	0	1	0	1	0
1	0	1	0	1	1	0
0	0	0	1	0	0	1
1	0	1	1	0	0	1
1	1	0	0	1	1	0

0	5	0	11	0	14	13
5	0	0	0	0	0	11
0	0	0	12	0	15	0
11	0	12	0	12	7	0
0	0	0	12	0	0	15
14	0	15	7	0	0	6
13	11	0	0	15	6	0

0	3	0	3	0	1	4
3	0	0	0	0	0	1
0	0	0	4	0	5	0
3	0	4	0	5	1	0
0	0	0	5	0	0	1
1	0	5	1	0	0	5
4	1	0	0	1	5	0

0	95	0	100	0	99	99
95	0	0	0	0	0	95
0	0	0	100	0	97	0
100	0	100	0	95	100	0
0	0	0	95	0	0	97
99	0	97	100	0	0	100
99	95	0	0	97	100	0

0	39	0	35	0	5	18
39	0	0	0	0	0	34
0	0	0	1	0	30	0
35	0	1	0	29	35	0
0	0	0	29	0	0	29
5	0	30	35	0	0	3
18	34	0	0	29	3	0

25	31
12	21
12	22
37	21
48	43
12	29
42	48
