0	1	1	1	1	1	0	1	1
1	0	1	1	1	1	1	1	1
1	1	0	1	0	0	1	1	1
1	1	1	0	1	1	1	0	1
1	1	0	1	0	0	1	1	0
1	1	0	1	0	0	1	1	0
0	1	1	1	1	1	0	0	1
1	1	1	0	1	1	0	0	1
1	1	1	1	0	0	1	1	0

0	10	5	9	7	10	0	10	6
10	0	14	10	6	10	8	8	14
5	14	0	6	0	0	12	13	14
9	10	6	0	10	15	6	0	15
7	6	0	10	0	0	11	10	0
10	10	0	15	0	0	6	14	0
0	8	12	6	11	6	0	0	12
10	8	13	0	10	14	0	0	9
6	14	14	15	0	0	12	9	0

0	5	5	4	1	4	0	1	5
5	0	3	3	4	4	2	4	2
5	3	0	3	0	0	5	4	5
4	3	3	0	2	1	4	0	2
1	4	0	2	0	0	3	2	0
4	4	0	1	0	0	4	3	0
0	2	5	4	3	4	0	0	5
1	4	4	0	2	3	0	0	5
5	2	5	2	0	0	5	5	0

0	98	100	95	98	98	0	97	98
98	0	100	98	97	98	95	98	99
100	100	0	95	0	0	99	96	100
95	98	95	0	96	98	98	0	100
98	97	0	96	0	0	99	96	0
98	98	0	98	0	0	96	99	0
0	95	99	98	99	96	0	0	97
97	98	96	0	96	99	0	0	96
98	99	100	100	0	0	97	96	0

0	7	47	13	44	14	0	15	42
7	0	39	32	24	32	41	27	18
47	39	0	31	0	0	14	18	0
13	32	31	0	17	25	2	0	40
44	24	0	17	0	0	8	32	0
14	32	0	25	0	0	3	0	0
0	41	14	2	8	3	0	0	23
15	27	18	0	32	0	0	0	17
42	18	0	40	0	0	23	17	0

39	20
45	21
27	24
31	45
31	35
44	11
40	27
35	17
16	16
