0	1	1	1	1	1	1	1
1	0	1	1	1	1	0	1
1	1	0	1	1	0	1	1
1	1	1	0	1	0	1	0
1	1	1	1	0	1	0	0
1	1	0	0	1	0	1	1
1	0	1	1	0	1	0	1
1	1	1	0	0	1	1	0

0	5	9	12	11	10	10	7
5	0	12	10	6	10	0	14
9	12	0	13	8	0	6	6
12	10	13	0	6	0	11	0
11	6	8	6	0	5	0	0
10	10	0	0	5	0	11	6
10	0	6	11	0	11	0	5
7	14	6	0	0	6	5	0

0	3	5	2	5	3	3	2
3	0	2	2	3	4	0	4
5	2	0	5	3	0	3	2
2	2	5	0	4	0	3	0
5	3	3	4	0	1	0	0
3	4	0	0	1	0	2	3
3	0	3	3	0	2	0	5
2	4	2	0	0	3	5	0

0	100	97	97	98	95	98	100
100	0	99	96	95	99	0	95
97	99	0	97	97	0	98	100
97	96	97	0	100	0	95	0
98	95	97	100	0	96	0	0
95	99	0	0	96	0	95	99
98	0	98	95	0	95	0	97
100	95	100	0	0	99	97	0

0	23	20	1	38	11	22	41
23	0	12	24	44	28	0	34
20	12	0	37	3	0	23	42
1	24	37	0	38	0	16	0
38	44	3	38	0	22	0	0
11	28	0	0	22	0	10	24
22	0	23	16	0	10	0	10
41	34	42	0	0	24	10	0

27	14
38	26
26	14
19	33
29	31
36	43
28	16
27	14
