0	1	1	1	1	1	1	0	0
1	0	1	0	1	1	1	1	1
1	1	0	1	1	1	1	1	1
1	0	1	0	1	1	1	1	1
1	1	1	1	0	1	1	0	1
1	1	1	1	1	0	0	1	0
1	1	1	1	1	0	0	1	1
0	1	1	1	0	1	1	0	0
0	1	1	1	1	0	1	0	0

0	5	14	10	8	8	12	0	0
5	0	12	0	12	10	10	14	9
14	12	0	15	8	13	8	10	13
10	0	15	0	12	8	8	10	11
8	12	8	12	0	9	5	0	13
8	10	13	8	9	0	0	9	0
12	10	8	8	5	0	0	15	7
0	14	10	10	0	9	15	0	0
0	9	13	11	13	0	7	0	0

0	2	2	5	1	3	5	0	0
2	0	2	0	4	3	3	3	2
2	2	0	5	5	4	5	2	1
5	0	5	0	5	5	1	5	1
1	4	5	5	0	1	1	0	1
3	3	4	5	1	0	0	4	0
5	3	5	1	1	0	0	3	1
0	3	2	5	0	4	3	0	0
0	2	1	1	1	0	1	0	0

0	98	97	98	98	95	95	0	0
98	0	100	0	100	100	98	98	95
97	100	0	98	98	95	99	100	98
98	0	98	0	96	97	97	97	98
98	100	98	96	0	96	97	0	95
95	100	95	97	96	0	0	99	0
95	98	99	97	97	0	0	97	100
0	98	100	97	0	99	97	0	0
0	95	98	98	95	0	100	0	0

0	18	32	34	27	16	17	0	0
18	0	16	0	30	11	35	20	40
32	16	0	3	14	16	4	13	6
34	0	3	0	13	15	21	38	15
27	30	14	13	0	2	41	0	23
16	11	16	15	2	0	0	35	0
17	35	4	21	41	0	0	32	33
0	20	13	38	0	35	32	0	0
0	40	6	15	23	0	33	0	0

46	16
50	40
27	45
34	49
42	28
16	10
14	25
20	50
31	15
