0	1	1	0	1	1	0	1	0
1	0	1	1	1	0	1	0	0
1	1	0	1	0	1	0	0	0
0	1	1	0	1	1	0	1	0
1	1	0	1	0	1	1	1	1
1	0	1	1	1	0	0	1	1
0	1	0	0	1	0	0	1	0
1	0	0	1	1	1	1	0	1
0	0	0	0	1	1	0	1	0

0	14	10	0	9	9	0	7	0
14	0	11	9	5	0	9	0	0
10	11	0	5	0	8	0	0	0
0	9	5	0	7	6	0	8	0
9	5	0	7	0	5	9	10	11
9	0	8	6	5	0	0	6	10
0	9	0	0	9	0	0	5	0
7	0	0	8	10	6	5	0	5
0	0	0	0	11	10	0	5	0

0	1	2	0	3	2	0	2	0
1	0	1	1	1	0	5	0	0
2	1	0	3	0	4	0	0	0
0	1	3	0	5	4	0	2	0
3	1	0	5	0	5	2	5	2
2	0	4	4	5	0	0	5	1
0	5	0	0	2	0	0	5	0
2	0	0	2	5	5	5	0	5
0	0	0	0	2	1	0	5	0

0	99	100	0	95	96	0	97	0
99	0	96	98	100	0	96	0	0
100	96	0	99	0	96	0	0	0
0	98	99	0	99	98	0	97	0
95	100	0	99	0	100	97	99	97
96	0	96	98	100	0	0	95	98
0	96	0	0	97	0	0	97	0
97	0	0	97	99	95	97	0	98
0	0	0	0	97	98	0	98	0

0	37	20	0	2	25	0	31	0
37	0	24	25	9	0	8	0	0
20	24	0	28	0	32	0	0	0
0	25	28	0	9	49	0	10	0
2	9	0	9	0	49	28	25	18
25	0	32	49	49	0	0	21	24
0	8	0	0	28	0	0	33	0
31	0	0	10	25	21	33	0	40
0	0	0	0	18	24	0	40	0

32	32
19	11
49	18
49	16
36	12
49	31
37	29
46	22
29	34
