0	1	1	0	1	1	0	1	0
1	0	1	1	1	0	1	0	0
1	1	0	1	0	1	0	0	0
0	1	1	0	1	1	0	1	0
1	1	0	1	0	1	1	1	1
1	0	1	1	1	0	0	1	1
0	1	0	0	1	0	0	1	0
1	0	0	1	1	1	1	0	1
0	0	0	0	1	1	0	1	0

0	5	14	0	12	12	0	14	0
5	0	8	6	9	0	9	0	0
14	8	0	8	0	9	0	0	0
0	6	8	0	15	15	0	12	0
12	9	0	15	0	11	12	14	11
12	0	9	15	11	0	0	5	6
0	9	0	0	12	0	0	14	0
14	0	0	12	14	5	14	0	14
0	0	0	0	11	6	0	14	0

0	3	5	0	2	4	0	4	0
3	0	1	2	2	0	1	0	0
5	1	0	2	0	3	0	0	0
0	2	2	0	4	2	0	3	0
2	2	0	4	0	3	1	1	1
4	0	3	2	3	0	0	1	2
0	1	0	0	1	0	0	1	0
4	0	0	3	1	1	1	0	5
0	0	0	0	1	2	0	5	0

0	99	95	0	99	100	0	96	0
99	0	99	97	95	0	95	0	0
95	99	0	100	0	100	0	0	0
0	97	100	0	100	95	0	98	0
99	95	0	100	0	98	97	97	98
100	0	100	95	98	0	0	95	99
0	95	0	0	97	0	0	96	0
96	0	0	98	97	95	96	0	95
0	0	0	0	98	99	0	95	0

0	41	4	0	31	25	0	8	0
41	0	11	16	40	0	29	0	0
4	11	0	4	0	29	0	0	0
0	16	4	0	4	35	0	34	0
31	40	0	4	0	31	29	30	24
25	0	29	35	31	0	0	1	47
0	29	0	0	29	0	0	25	0
8	0	0	34	30	1	25	0	21
0	0	0	0	24	47	0	21	0

31	16
36	43
23	19
11	29
14	10
33	39
42	37
32	26
34	46
