0	1	0	1	1	1	1	0
1	0	1	1	1	1	1	0
0	1	0	0	0	1	1	0
1	1	0	0	1	0	1	0
1	1	0	1	0	0	0	1
1	1	1	0	0	0	1	1
1	1	1	1	0	1	0	0
0	0	0	0	1	1	0	0

0	12	0	15	15	15	13	0
12	0	5	12	8	12	5	0
0	5	0	0	0	15	8	0
15	12	0	0	12	0	9	0
15	8	0	12	0	0	0	8
15	12	15	0	0	0	10	10
13	5	8	9	0	10	0	0
0	0	0	0	8	10	0	0

0	5	0	1	1	5	3	0
5	0	3	2	1	1	3	0
0	3	0	0	0	1	5	0
1	2	0	0	5	0	4	0
1	1	0	5	0	0	0	4
5	1	1	0	0	0	4	1
3	3	5	4	0	4	0	0
0	0	0	0	4	1	0	0

0	95	0	96	95	97	96	0
95	0	100	96	95	95	100	0
0	100	0	0	0	99	99	0
96	96	0	0	100	0	100	0
95	95	0	100	0	0	0	100
97	95	99	0	0	0	99	96
96	100	99	100	0	99	0	0
0	0	0	0	100	96	0	0

0	10	0	19	21	34	4	0
10	0	43	11	6	24	34	0
0	43	0	0	0	14	23	0
19	11	0	0	40	0	44	0
21	6	0	40	0	0	0	19
34	24	14	0	0	0	29	17
4	34	23	44	0	29	0	0
0	0	0	0	19	17	0	0

35	43
46	40
24	23
42	38
40	22
43	46
11	48
28	15
