0	1	0	1	0	0	1	0	1	1
1	0	0	1	0	0	1	1	1	1
0	0	0	0	1	1	1	1	1	1
1	1	0	0	0	1	1	1	1	1
0	0	1	0	0	1	1	1	1	1
0	0	1	1	1	0	1	0	1	0
1	1	1	1	1	1	0	1	1	0
0	1	1	1	1	0	1	0	1	0
1	1	1	1	1	1	1	1	0	0
1	1	1	1	1	0	0	0	0	0

0	13	0	12	0	0	15	0	14	12
13	0	0	15	0	0	11	5	9	7
0	0	0	0	8	5	5	9	9	9
12	15	0	0	0	8	6	8	14	9
0	0	8	0	0	10	13	15	5	5
0	0	5	8	10	0	7	0	6	0
15	11	5	6	13	7	0	10	7	0
0	5	9	8	15	0	10	0	8	0
14	9	9	14	5	6	7	8	0	0
12	7	9	9	5	0	0	0	0	0

0	4	0	3	0	0	2	0	4	2
4	0	0	2	0	0	1	5	2	3
0	0	0	0	4	5	3	5	5	4
3	2	0	0	0	2	1	5	2	1
0	0	4	0	0	4	5	4	4	5
0	0	5	2	4	0	4	0	2	0
2	1	3	1	5	4	0	3	5	0
0	5	5	5	4	0	3	0	5	0
4	2	5	2	4	2	5	5	0	0
2	3	4	1	5	0	0	0	0	0

0	95	0	96	0	0	95	0	95	98
95	0	0	96	0	0	99	98	99	96
0	0	0	0	100	98	100	96	95	96
96	96	0	0	0	98	97	100	97	99
0	0	100	0	0	100	97	96	96	96
0	0	98	98	100	0	100	0	95	0
95	99	100	97	97	100	0	100	100	0
0	98	96	100	96	0	100	0	95	0
95	99	95	97	96	95	100	95	0	0
98	96	96	99	96	0	0	0	0	0

0	4	0	26	0	0	5	0	7	35
4	0	0	40	0	0	0	49	18	45
0	0	0	0	43	19	32	15	31	33
26	40	0	0	0	43	8	11	6	34
0	0	43	0	0	34	24	22	37	26
0	0	19	43	34	0	9	0	7	0
5	0	32	8	24	9	0	35	29	0
0	49	15	11	22	0	35	0	35	0
7	18	31	6	37	7	29	35	0	0
35	45	33	34	26	0	0	0	0	0

34	28
31	42
45	34
42	29
21	49
22	17
33	24
21	36
13	22
44	32
