0	1	1	0	1	1	1	0
1	0	1	1	1	0	1	0
1	1	0	1	0	0	0	1
0	1	1	0	1	0	1	1
1	1	0	1	0	1	1	1
1	0	0	0	1	0	1	1
1	1	0	1	1	1	0	1
0	0	1	1	1	1	1	0

0	9	8	0	14	12	11	0
9	0	15	9	15	0	14	0
8	15	0	13	0	0	0	5
0	9	13	0	14	0	11	8
14	15	0	14	0	15	15	5
12	0	0	0	15	0	10	10
11	14	0	11	15	10	0	5
0	0	5	8	5	10	5	0

0	3	2	0	1	1	1	0
3	0	5	5	1	0	4	0
2	5	0	5	0	0	0	4
0	5	5	0	1	0	3	5
1	1	0	1	0	3	4	5
1	0	0	0	3	0	4	2
1	4	0	3	4	4	0	4
0	0	4	5	5	2	4	0

0	97	97	0	95	97	99	0
97	0	100	95	100	0	95	0
97	100	0	97	0	0	0	100
0	95	97	0	96	0	100	96
95	100	0	96	0	96	99	97
97	0	0	0	96	0	98	99
99	95	0	100	99	98	0	97
0	0	100	96	97	99	97	0

0	25	2	0	31	32	19	0
25	0	24	42	22	0	35	0
2	24	0	6	0	0	0	13
0	42	6	0	20	0	29	5
31	22	0	20	0	9	18	21
32	0	0	0	9	0	34	34
19	35	0	29	18	34	0	48
0	0	13	5	21	34	48	0

23	15
25	49
13	34
50	40
33	33
16	49
39	21
28	50
