0	1	1	1	1	1	0	1	1	1
1	0	1	1	1	1	1	0	1	1
1	1	0	1	1	0	0	1	1	1
1	1	1	0	0	1	1	1	1	1
1	1	1	0	0	0	1	1	1	0
1	1	0	1	0	0	1	1	1	1
0	1	0	1	1	1	0	0	1	1
1	0	1	1	1	1	0	0	1	0
1	1	1	1	1	1	1	1	0	1
1	1	1	1	0	1	1	0	1	0

0	6	10	8	10	11	0	11	12	14
6	0	6	10	8	7	9	0	6	15
10	6	0	6	9	0	0	15	8	9
8	10	6	0	0	6	14	15	14	13
10	8	9	0	0	0	15	5	15	0
11	7	0	6	0	0	15	11	13	6
0	9	0	14	15	15	0	0	14	12
11	0	15	15	5	11	0	0	15	0
12	6	8	14	15	13	14	15	0	15
14	15	9	13	0	6	12	0	15	0

0	2	1	3	4	2	0	5	5	5
2	0	1	1	4	3	3	0	1	3
1	1	0	2	1	0	0	3	3	1
3	1	2	0	0	2	1	4	3	3
4	4	1	0	0	0	2	2	1	0
2	3	0	2	0	0	2	4	5	4
0	3	0	1	2	2	0	0	4	2
5	0	3	4	2	4	0	0	2	0
5	1	3	3	1	5	4	2	0	4
5	3	1	3	0	4	2	0	4	0

0	96	99	98	95	97	0	98	99	96
96	0	95	98	96	98	98	0	97	100
99	95	0	100	100	0	0	100	97	96
98	98	100	0	0	100	97	98	100	100
95	96	100	0	0	0	97	100	96	0
97	98	0	100	0	0	97	100	100	96
0	98	0	97	97	97	0	0	96	96
98	0	100	98	100	100	0	0	98	0
99	97	97	100	96	100	96	98	0	96
96	100	96	100	0	96	96	0	96	0

0	48	31	32	41	21	0	28	17	10
48	0	34	1	23	36	35	0	11	27
31	34	0	33	3	0	0	10	15	27
32	1	33	0	0	33	23	33	31	0
41	23	3	0	0	0	34	22	35	0
21	36	0	33	0	0	15	12	14	22
0	35	0	23	34	15	0	0	6	3
28	0	10	33	22	12	0	0	19	0
17	11	15	31	35	14	6	19	0	39
10	27	27	0	0	22	3	0	39	0

35	16
14	23
47	35
38	30
39	50
29	42
26	10
30	27
16	37
12	48
