0	1	1	1	1	1	1	1	1	0
1	0	1	0	1	1	1	0	1	1
1	1	0	1	1	1	1	0	1	1
1	0	1	0	1	1	1	1	1	0
1	1	1	1	0	1	1	0	1	1
1	1	1	1	1	0	1	1	1	1
1	1	1	1	1	1	0	0	0	1
1	0	0	1	0	1	0	0	0	0
1	1	1	1	1	1	0	0	0	1
0	1	1	0	1	1	1	0	1	0

0	15	15	7	12	15	5	6	10	0
15	0	8	0	7	11	7	0	7	10
15	8	0	10	12	5	12	0	11	13
7	0	10	0	10	5	5	6	15	0
12	7	12	10	0	14	5	0	12	5
15	11	5	5	14	0	13	15	13	10
5	7	12	5	5	13	0	0	0	13
6	0	0	6	0	15	0	0	0	0
10	7	11	15	12	13	0	0	0	7
0	10	13	0	5	10	13	0	7	0

0	1	1	2	5	2	2	4	2	0
1	0	3	0	4	5	2	0	5	4
1	3	0	1	2	2	5	0	4	1
2	0	1	0	4	5	5	4	5	0
5	4	2	4	0	1	4	0	1	4
2	5	2	5	1	0	2	2	4	3
2	2	5	5	4	2	0	0	0	1
4	0	0	4	0	2	0	0	0	0
2	5	4	5	1	4	0	0	0	3
0	4	1	0	4	3	1	0	3	0

0	95	97	96	95	99	100	96	97	0
95	0	96	0	95	97	100	0	97	98
97	96	0	97	98	98	96	0	99	99
96	0	97	0	97	95	99	95	96	0
95	95	98	97	0	99	100	0	96	98
99	97	98	95	99	0	99	95	96	96
100	100	96	99	100	99	0	0	0	98
96	0	0	95	0	95	0	0	0	0
97	97	99	96	96	96	0	0	0	96
0	98	99	0	98	96	98	0	96	0

0	15	30	29	29	4	14	32	43	0
15	0	39	0	23	19	32	0	2	19
30	39	0	20	0	46	42	0	43	23
29	0	20	0	45	8	16	20	14	0
29	23	0	45	0	25	3	0	24	22
4	19	46	8	25	0	23	25	41	45
14	32	42	16	3	23	0	0	0	41
32	0	0	20	0	25	0	0	0	0
43	2	43	14	24	41	0	0	0	26
0	19	23	0	22	45	41	0	26	0

35	44
47	10
29	32
32	35
35	27
29	20
28	33
16	46
16	19
31	23
