0	1	1	0	1	1	0	0	0	1
1	0	1	1	1	1	1	1	1	1
1	1	0	1	1	1	0	1	0	1
0	1	1	0	0	1	0	1	1	1
1	1	1	0	0	1	1	1	0	0
1	1	1	1	1	0	1	1	1	0
0	1	0	0	1	1	0	1	1	1
0	1	1	1	1	1	1	0	0	1
0	1	0	1	0	1	1	0	0	1
1	1	1	1	0	0	1	1	1	0

0	14	12	0	13	12	0	0	0	6
14	0	6	6	12	7	11	15	12	13
12	6	0	14	5	7	0	5	0	5
0	6	14	0	0	15	0	11	12	7
13	12	5	0	0	15	6	15	0	0
12	7	7	15	15	0	6	10	5	0
0	11	0	0	6	6	0	5	13	10
0	15	5	11	15	10	5	0	0	14
0	12	0	12	0	5	13	0	0	8
6	13	5	7	0	0	10	14	8	0

0	1	2	0	5	5	0	0	0	3
1	0	4	2	2	3	4	5	3	4
2	4	0	5	4	3	0	4	0	5
0	2	5	0	0	1	0	5	1	2
5	2	4	0	0	3	2	5	0	0
5	3	3	1	3	0	4	2	4	0
0	4	0	0	2	4	0	3	3	1
0	5	4	5	5	2	3	0	0	1
0	3	0	1	0	4	3	0	0	2
3	4	5	2	0	0	1	1	2	0

0	99	96	0	96	97	0	0	0	99
99	0	97	98	97	96	95	96	97	99
96	97	0	96	95	96	0	97	0	98
0	98	96	0	0	98	0	99	100	100
96	97	95	0	0	95	97	97	0	0
97	96	96	98	95	0	100	99	96	0
0	95	0	0	97	100	0	98	99	97
0	96	97	99	97	99	98	0	0	98
0	97	0	100	0	96	99	0	0	100
99	99	98	100	0	0	97	98	100	0

0	13	15	0	39	23	0	0	0	17
13	0	39	49	9	24	11	0	16	14
15	39	0	38	7	5	0	2	0	48
0	49	38	0	0	30	0	9	8	11
39	9	7	0	0	14	26	13	0	0
23	24	5	30	14	0	25	18	24	0
0	11	0	0	26	25	0	39	24	13
0	0	2	9	13	18	39	0	0	16
0	16	0	8	0	24	24	0	0	44
17	14	48	11	0	0	13	16	44	0

23	28
38	48
33	30
48	18
15	35
23	38
45	26
30	25
50	49
27	17
