0	1	0	1	0	1	1	1
1	0	1	1	1	1	0	1
0	1	0	1	1	1	1	1
1	1	1	0	1	1	0	0
0	1	1	1	0	1	1	1
1	1	1	1	1	0	1	0
1	0	1	0	1	1	0	1
1	1	1	0	1	0	1	0

0	11	0	12	0	14	13	15
11	0	10	7	8	15	0	11
0	10	0	12	6	5	12	8
12	7	12	0	11	11	0	0
0	8	6	11	0	13	8	6
14	15	5	11	13	0	11	0
13	0	12	0	8	11	0	13
15	11	8	0	6	0	13	0

0	2	0	1	0	5	3	4
2	0	4	4	4	5	0	4
0	4	0	4	2	5	5	2
1	4	4	0	1	3	0	0
0	4	2	1	0	5	4	2
5	5	5	3	5	0	5	0
3	0	5	0	4	5	0	1
4	4	2	0	2	0	1	0

0	96	0	99	0	100	99	95
96	0	100	96	97	99	0	97
0	100	0	97	96	95	98	99
99	96	97	0	99	99	0	0
0	97	96	99	0	100	98	97
100	99	95	99	100	0	99	0
99	0	98	0	98	99	0	96
95	97	99	0	97	0	96	0

0	44	0	37	0	41	9	2
44	0	2	11	27	25	0	23
0	2	0	38	43	8	43	29
37	11	38	0	21	20	0	0
0	27	43	21	0	3	7	13
41	25	8	20	3	0	5	0
9	0	43	0	7	5	0	39
2	23	29	0	13	0	39	0

23	31
25	32
10	45
21	48
21	13
23	10
11	36
32	19
