0	1	1	1	1	1	1
1	0	0	1	0	1	1
1	0	0	1	1	1	1
1	1	1	0	1	1	1
1	0	1	1	0	0	1
1	1	1	1	0	0	1
1	1	1	1	1	1	0

0	7	5	14	10	12	7
7	0	0	5	0	6	5
5	0	0	6	5	14	10
14	5	6	0	8	13	7
10	0	5	8	0	0	10
12	6	14	13	0	0	7
7	5	10	7	10	7	0

0	1	5	1	3	1	2
1	0	0	2	0	5	3
5	0	0	1	2	3	2
1	2	1	0	1	3	3
3	0	2	1	0	0	1
1	5	3	3	0	0	3
2	3	2	3	1	3	0

0	96	95	96	99	95	96
96	0	0	99	0	99	100
95	0	0	100	96	97	96
96	99	100	0	100	96	95
99	0	96	100	0	0	96
95	99	97	96	0	0	96
96	100	96	95	96	96	0

0	41	30	12	28	25	6
41	0	0	33	0	48	18
30	0	0	4	31	6	10
12	33	4	0	42	9	10
28	0	31	42	0	0	42
25	48	6	9	0	0	14
6	18	10	10	42	14	0

18	11
31	38
50	48
37	29
20	13
42	45
37	30
