0	1	1	1	1	1	0	1
1	0	1	0	1	1	1	1
1	1	0	1	1	1	1	1
1	0	1	0	1	1	0	1
1	1	1	1	0	0	0	1
1	1	1	1	0	0	1	1
0	1	1	0	0	1	0	1
1	1	1	1	1	1	1	0

0	7	12	14	5	15	0	9
7	0	8	0	9	8	11	12
12	8	0	7	13	5	10	11
14	0	7	0	7	12	0	5
5	9	13	7	0	0	0	5
15	8	5	12	0	0	7	14
0	11	10	0	0	7	0	13
9	12	11	5	5	14	13	0

0	4	3	3	2	4	0	2
4	0	3	0	1	2	5	5
3	3	0	3	2	3	2	2
3	0	3	0	4	3	0	3
2	1	2	4	0	0	0	1
4	2	3	3	0	0	4	5
0	5	2	0	0	4	0	4
2	5	2	3	1	5	4	0

0	99	98	95	100	96	0	100
99	0	97	0	98	99	95	96
98	97	0	95	98	96	99	100
95	0	95	0	96	97	0	97
100	98	98	96	0	0	0	96
96	99	96	97	0	0	98	100
0	95	99	0	0	98	0	98
100	96	100	97	96	100	98	0

0	29	36	0	12	2	0	7
29	0	8	0	14	7	33	27
36	8	0	16	39	47	22	40
0	0	16	0	46	42	0	13
12	14	39	46	0	0	0	0
2	7	47	42	0	0	30	0
0	33	22	0	0	30	0	6
7	27	40	13	0	0	6	0

47	28
19	39
48	11
28	47
13	30
28	47
11	42
40	33
