0	1	0	1	1	1	1	1	1
1	0	1	1	1	0	1	1	0
0	1	0	1	0	1	0	1	1
1	1	1	0	1	1	1	0	1
1	1	0	1	0	1	1	1	0
1	0	1	1	1	0	1	1	1
1	1	0	1	1	1	0	1	1
1	1	1	0	1	1	1	0	1
1	0	1	1	0	1	1	1	0

0	9	0	12	14	15	15	11	9
9	0	13	10	14	0	7	13	0
0	13	0	15	0	6	0	9	8
12	10	15	0	10	11	13	0	13
14	14	0	10	0	10	15	14	0
15	0	6	11	10	0	6	8	12
15	7	0	13	15	6	0	13	8
11	13	9	0	14	8	13	0	14
9	0	8	13	0	12	8	14	0

0	4	0	1	1	4	1	2	4
4	0	1	4	2	0	3	2	0
0	1	0	4	0	4	0	2	3
1	4	4	0	2	3	2	0	3
1	2	0	2	0	5	3	5	0
4	0	4	3	5	0	2	3	5
1	3	0	2	3	2	0	3	1
2	2	2	0	5	3	3	0	3
4	0	3	3	0	5	1	3	0

0	100	0	97	99	95	95	98	95
100	0	95	95	97	0	97	100	0
0	95	0	100	0	96	0	95	97
97	95	100	0	97	98	95	0	95
99	97	0	97	0	97	98	97	0
95	0	96	98	97	0	97	100	100
95	97	0	95	98	97	0	97	99
98	100	95	0	97	100	97	0	99
95	0	97	95	0	100	99	99	0

0	5	0	12	13	3	4	8	24
5	0	25	20	20	0	5	40	0
0	25	0	14	0	9	0	32	15
12	20	14	0	7	44	13	0	22
13	20	0	7	0	2	5	16	0
3	0	9	44	2	0	24	2	41
4	5	0	13	5	24	0	37	4
8	40	32	0	16	2	37	0	24
24	0	15	22	0	41	4	24	0

26	35
42	28
39	42
43	24
15	36
47	44
50	31
31	29
37	31
