0	0	0	1	1	0	1
0	0	1	1	1	0	1
0	1	0	1	0	1	1
1	1	1	0	1	0	1
1	1	0	1	0	1	0
0	0	1	0	1	0	1
1	1	1	1	0	1	0

0	0	0	7	12	0	12
0	0	13	5	8	0	8
0	13	0	7	0	6	7
7	5	7	0	8	0	14
12	8	0	8	0	8	0
0	0	6	0	8	0	9
12	8	7	14	0	9	0

0	0	0	1	2	0	4
0	0	1	5	5	0	4
0	1	0	5	0	4	4
1	5	5	0	4	0	4
2	5	0	4	0	2	0
0	0	4	0	2	0	1
4	4	4	4	0	1	0

0	0	0	95	100	0	100
0	0	100	99	99	0	95
0	100	0	99	0	96	100
95	99	99	0	99	0	99
100	99	0	99	0	96	0
0	0	96	0	96	0	98
100	95	100	99	0	98	0

0	0	0	17	0	0	33
0	0	9	20	15	0	16
0	9	0	39	0	35	27
17	20	39	0	27	0	27
0	15	0	27	0	30	0
0	0	35	0	30	0	43
33	16	27	27	0	43	0

48	26
19	15
31	47
48	24
14	30
17	31
15	21
