0	1	0	1	0	1	1	1	1
1	0	1	1	1	1	1	1	1
0	1	0	1	1	0	1	0	1
1	1	1	0	1	0	1	1	1
0	1	1	1	0	1	1	1	0
1	1	0	0	1	0	1	1	1
1	1	1	1	1	1	0	1	1
1	1	0	1	1	1	1	0	1
1	1	1	1	0	1	1	1	0

0	13	0	15	0	11	9	15	8
13	0	14	10	7	14	6	15	14
0	14	0	7	5	0	15	0	12
15	10	7	0	14	0	5	13	8
0	7	5	14	0	12	12	8	0
11	14	0	0	12	0	6	7	11
9	6	15	5	12	6	0	11	13
15	15	0	13	8	7	11	0	7
8	14	12	8	0	11	13	7	0

0	1	0	4	0	5	5	5	1
1	0	1	5	1	2	5	1	2
0	1	0	4	3	0	3	0	1
4	5	4	0	1	0	3	3	4
0	1	3	1	0	1	2	1	0
5	2	0	0	1	0	5	5	4
5	5	3	3	2	5	0	5	2
5	1	0	3	1	5	5	0	4
1	2	1	4	0	4	2	4	0

0	95	0	96	0	95	95	99	99
95	0	97	96	95	100	99	95	97
0	97	0	98	96	0	98	0	96
96	96	98	0	97	0	99	99	97
0	95	96	97	0	100	99	95	0
95	100	0	0	100	0	98	95	96
95	99	98	99	99	98	0	99	99
99	95	0	99	95	95	99	0	95
99	97	96	97	0	96	99	95	0

0	8	0	12	0	7	27	38	40
8	0	11	22	48	15	43	12	10
0	11	0	13	49	0	5	0	27
12	22	13	0	7	0	0	32	25
0	48	49	7	0	32	25	5	0
7	15	0	0	32	0	16	38	25
27	43	5	0	25	16	0	0	0
38	12	0	32	5	38	0	0	6
40	10	27	25	0	25	0	6	0

14	33
40	48
17	16
24	22
39	11
26	31
29	48
29	32
28	24
