0	0	0	1	0	0	1
0	0	1	1	1	1	0
0	1	0	1	1	1	1
1	1	1	0	1	1	1
0	1	1	1	0	0	1
0	1	1	1	0	0	1
1	0	1	1	1	1	0

0	0	0	6	0	0	8
0	0	12	9	8	13	0
0	12	0	9	9	14	13
6	9	9	0	7	13	9
0	8	9	7	0	0	12
0	13	14	13	0	0	14
8	0	13	9	12	14	0

0	0	0	2	0	0	4
0	0	4	5	5	3	0
0	4	0	4	4	1	2
2	5	4	0	2	4	1
0	5	4	2	0	0	4
0	3	1	4	0	0	1
4	0	2	1	4	1	0

0	0	0	100	0	0	98
0	0	96	98	99	98	0
0	96	0	97	99	96	95
100	98	97	0	97	95	100
0	99	99	97	0	0	96
0	98	96	95	0	0	96
98	0	95	100	96	96	0

0	0	0	31	0	0	27
0	0	32	18	30	11	0
0	32	0	5	37	15	39
31	18	5	0	19	2	37
0	30	37	19	0	0	30
0	11	15	2	0	0	22
27	0	39	37	30	22	0

18	28
44	37
14	36
46	33
18	41
18	50
42	19
