0	1	0	0	1	1	1	0	1	1
1	0	1	1	0	1	1	1	0	1
0	1	0	1	1	1	1	1	1	1
0	1	1	0	1	1	0	0	1	0
1	0	1	1	0	1	0	0	0	1
1	1	1	1	1	0	1	1	1	1
1	1	1	0	0	1	0	0	1	1
0	1	1	0	0	1	0	0	1	1
1	0	1	1	0	1	1	1	0	0
1	1	1	0	1	1	1	1	0	0

0	12	0	0	14	10	5	0	12	11
12	0	7	5	0	11	7	13	0	15
0	7	0	9	14	5	13	9	8	5
0	5	9	0	9	10	0	0	11	0
14	0	14	9	0	11	0	0	0	9
10	11	5	10	11	0	14	7	7	8
5	7	13	0	0	14	0	0	9	12
0	13	9	0	0	7	0	0	11	13
12	0	8	11	0	7	9	11	0	0
11	15	5	0	9	8	12	13	0	0

0	3	0	0	1	2	5	0	2	5
3	0	3	2	0	4	2	3	0	4
0	3	0	3	3	5	5	4	4	4
0	2	3	0	2	1	0	0	4	0
1	0	3	2	0	1	0	0	0	2
2	4	5	1	1	0	1	3	3	3
5	2	5	0	0	1	0	0	5	2
0	3	4	0	0	3	0	0	2	5
2	0	4	4	0	3	5	2	0	0
5	4	4	0	2	3	2	5	0	0

0	99	0	0	100	97	100	0	99	96
99	0	97	98	0	95	96	96	0	96
0	97	0	97	98	98	97	98	98	99
0	98	97	0	98	97	0	0	98	0
100	0	98	98	0	96	0	0	0	96
97	95	98	97	96	0	96	96	97	98
100	96	97	0	0	96	0	0	98	96
0	96	98	0	0	96	0	0	99	98
99	0	98	98	0	97	98	99	0	0
96	96	99	0	96	98	96	98	0	0

0	20	0	0	9	34	1	0	20	32
20	0	13	1	0	2	34	31	0	21
0	13	0	26	20	11	0	33	1	33
0	1	26	0	40	14	0	0	15	0
9	0	20	40	0	4	0	0	0	39
34	2	11	14	4	0	21	33	22	43
1	34	0	0	0	21	0	0	6	24
0	31	33	0	0	33	0	0	18	9
20	0	1	15	0	22	6	18	0	0
32	21	33	0	39	43	24	9	0	0

13	13
28	45
33	41
48	43
36	48
43	36
42	13
35	18
21	30
41	45
