0	1	1	1	1	1	1	1	1	1
1	0	1	1	1	1	0	0	0	1
1	1	0	1	1	1	0	1	0	0
1	1	1	0	0	0	1	0	0	1
1	1	1	0	0	1	1	1	1	0
1	1	1	0	1	0	1	0	1	1
1	0	0	1	1	1	0	1	1	1
1	0	1	0	1	0	1	0	1	1
1	0	0	0	1	1	1	1	0	1
1	1	0	1	0	1	1	1	1	0

0	10	6	10	6	5	13	8	5	10
10	0	13	9	13	15	0	0	0	14
6	13	0	9	11	15	0	7	0	0
10	9	9	0	0	0	12	0	0	14
6	13	11	0	0	10	10	12	7	0
5	15	15	0	10	0	15	0	6	5
13	0	0	12	10	15	0	9	5	7
8	0	7	0	12	0	9	0	6	13
5	0	0	0	7	6	5	6	0	12
10	14	0	14	0	5	7	13	12	0

0	1	2	4	5	4	4	5	4	4
1	0	1	5	2	5	0	0	0	1
2	1	0	5	3	1	0	1	0	0
4	5	5	0	0	0	2	0	0	5
5	2	3	0	0	4	3	1	4	0
4	5	1	0	4	0	4	0	4	2
4	0	0	2	3	4	0	1	4	4
5	0	1	0	1	0	1	0	3	1
4	0	0	0	4	4	4	3	0	5
4	1	0	5	0	2	4	1	5	0

0	97	99	97	99	97	95	95	95	97
97	0	99	99	100	96	0	0	0	95
99	99	0	95	99	100	0	97	0	0
97	99	95	0	0	0	95	0	0	99
99	100	99	0	0	100	96	97	100	0
97	96	100	0	100	0	100	0	95	95
95	0	0	95	96	100	0	96	99	99
95	0	97	0	97	0	96	0	98	95
95	0	0	0	100	95	99	98	0	96
97	95	0	99	0	95	99	95	96	0

0	10	39	2	48	44	31	46	26	1
10	0	21	40	2	3	0	0	0	25
39	21	0	37	36	9	0	3	0	0
2	40	37	0	0	0	13	0	0	10
48	2	36	0	0	29	37	14	2	0
44	3	9	0	29	0	36	0	22	38
31	0	0	13	37	36	0	1	20	17
46	0	3	0	14	0	1	0	2	1
26	0	0	0	2	22	20	2	0	9
1	25	0	10	0	38	17	1	9	0

10	49
31	16
39	23
29	15
37	32
11	37
28	21
42	48
21	33
34	25
