0	0	0	1	0	0	1	1	1	1
0	0	1	1	1	1	0	1	0	1
0	1	0	1	1	0	1	1	0	1
1	1	1	0	1	1	1	1	1	0
0	1	1	1	0	1	1	0	1	1
0	1	0	1	1	0	1	1	0	0
1	0	1	1	1	1	0	0	0	1
1	1	1	1	0	1	0	0	0	0
1	0	0	1	1	0	0	0	0	0
1	1	1	0	1	0	1	0	0	0

0	0	0	5	0	0	5	13	6	13
0	0	11	14	12	7	0	14	0	12
0	11	0	14	9	0	8	5	0	7
5	14	14	0	8	6	15	7	14	0
0	12	9	8	0	15	10	0	7	8
0	7	0	6	15	0	13	11	0	0
5	0	8	15	10	13	0	0	0	11
13	14	5	7	0	11	0	0	0	0
6	0	0	14	7	0	0	0	0	0
13	12	7	0	8	0	11	0	0	0

0	0	0	4	0	0	1	2	1	2
0	0	4	4	3	1	0	4	0	4
0	4	0	1	4	0	2	3	0	2
4	4	1	0	5	3	4	4	3	0
0	3	4	5	0	2	5	0	3	5
0	1	0	3	2	0	3	2	0	0
1	0	2	4	5	3	0	0	0	5
2	4	3	4	0	2	0	0	0	0
1	0	0	3	3	0	0	0	0	0
2	4	2	0	5	0	5	0	0	0

0	0	0	99	0	0	99	98	96	99
0	0	97	99	95	99	0	97	0	100
0	97	0	99	98	0	100	95	0	96
99	99	99	0	99	96	97	100	98	0
0	95	98	99	0	96	95	0	99	97
0	99	0	96	96	0	97	97	0	0
99	0	100	97	95	97	0	0	0	99
98	97	95	100	0	97	0	0	0	0
96	0	0	98	99	0	0	0	0	0
99	100	96	0	97	0	99	0	0	0

0	0	0	3	0	0	10	5	38	18
0	0	9	37	22	37	0	30	0	8
0	9	0	17	33	0	14	4	0	43
3	37	17	0	2	12	33	40	25	0
0	22	33	2	0	5	34	0	39	14
0	37	0	12	5	0	5	4	0	0
10	0	14	33	34	5	0	0	0	1
5	30	4	40	0	4	0	0	0	0
38	0	0	25	39	0	0	0	0	0
18	8	43	0	14	0	1	0	0	0

50	31
39	28
11	33
27	49
38	48
10	33
22	40
38	45
19	44
24	40
