0	1	0	1	1	1	0	1
1	0	0	0	0	1	0	1
0	0	0	1	0	0	0	0
1	0	1	0	1	1	0	1
1	0	0	1	0	0	1	1
1	1	0	1	0	0	1	0
0	0	0	0	1	1	0	1
1	1	0	1	1	0	1	0

0	12	0	14	8	7	0	6
12	0	0	0	0	12	0	8
0	0	0	8	0	0	0	0
14	0	8	0	14	15	0	11
8	0	0	14	0	0	6	8
7	12	0	15	0	0	10	0
0	0	0	0	6	10	0	13
6	8	0	11	8	0	13	0

0	5	0	2	5	2	0	1
5	0	0	0	0	4	0	1
0	0	0	4	0	0	0	0
2	0	4	0	4	1	0	4
5	0	0	4	0	0	2	2
2	4	0	1	0	0	3	0
0	0	0	0	2	3	0	4
1	1	0	4	2	0	4	0

0	99	0	100	96	96	0	96
99	0	0	0	0	96	0	97
0	0	0	95	0	0	0	0
100	0	95	0	96	98	0	99
96	0	0	96	0	0	96	96
96	96	0	98	0	0	98	0
0	0	0	0	96	98	0	96
96	97	0	99	96	0	96	0

0	4	0	31	15	34	0	36
4	0	0	0	0	12	0	27
0	0	0	27	0	0	0	0
31	0	27	0	20	11	0	43
15	0	0	20	0	0	2	19
34	12	0	11	0	0	6	0
0	0	0	0	2	6	0	29
36	27	0	43	19	0	29	0

10	32
18	40
18	35
35	38
46	13
50	12
28	46
17	17
