0	1	1	1	1	1	1	1
1	0	1	1	1	1	1	1
1	1	0	1	1	1	1	1
1	1	1	0	1	1	1	1
1	1	1	1	0	1	1	1
1	1	1	1	1	0	1	1
1	1	1	1	1	1	0	1
1	1	1	1	1	1	1	0

0	12	9	9	10	14	5	15
12	0	6	14	12	7	6	14
9	6	0	12	8	6	10	11
9	14	12	0	9	11	12	5
10	12	8	9	0	13	10	5
14	7	6	11	13	0	9	5
5	6	10	12	10	9	0	9
15	14	11	5	5	5	9	0

0	4	3	2	2	4	2	4
4	0	4	4	4	4	5	3
3	4	0	1	3	4	5	2
2	4	1	0	5	2	5	5
2	4	3	5	0	5	4	3
4	4	4	2	5	0	2	1
2	5	5	5	4	2	0	3
4	3	2	5	3	1	3	0

0	100	99	99	99	95	98	97
100	0	100	99	97	98	99	100
99	100	0	98	100	99	95	99
99	99	98	0	100	95	97	97
99	97	100	100	0	100	100	96
95	98	99	95	100	0	95	96
98	99	95	97	100	95	0	99
97	100	99	97	96	96	99	0

0	24	29	7	2	37	5	29
24	0	22	8	25	26	22	13
29	22	0	42	31	8	9	2
7	8	42	0	25	34	33	21
2	25	31	25	0	10	20	9
37	26	8	34	10	0	14	30
5	22	9	33	20	14	0	28
29	13	2	21	9	30	28	0

15	40
44	35
40	18
43	10
20	46
24	13
16	44
21	28
