0	1	0	1	1	0	1
1	0	1	1	0	0	0
0	1	0	1	1	0	1
1	1	1	0	0	1	1
1	0	1	0	0	1	1
0	0	0	1	1	0	1
1	0	1	1	1	1	0

0	8	0	14	11	0	13
8	0	9	7	0	0	0
0	9	0	12	6	0	9
14	7	12	0	0	8	8
11	0	6	0	0	15	5
0	0	0	8	15	0	6
13	0	9	8	5	6	0

0	1	0	3	3	0	3
1	0	2	5	0	0	0
0	2	0	1	5	0	2
3	5	1	0	0	1	4
3	0	5	0	0	5	2
0	0	0	1	5	0	3
3	0	2	4	2	3	0

0	98	0	96	98	0	96
98	0	100	100	0	0	0
0	100	0	96	98	0	95
96	100	96	0	0	96	98
98	0	98	0	0	96	96
0	0	0	96	96	0	99
96	0	95	98	96	99	0

0	14	0	17	40	0	18
14	0	39	38	0	0	0
0	39	0	10	37	0	33
17	38	10	0	0	34	15
40	0	37	0	0	34	0
0	0	0	34	34	0	26
18	0	33	15	0	26	0

42	26
17	10
18	28
42	25
36	26
33	19
37	34
