0	1	1	1	1	0	0	1	0
1	0	1	1	0	1	0	0	0
1	1	0	1	0	1	0	1	1
1	1	1	0	0	1	1	1	1
1	0	0	0	0	1	1	1	1
0	1	1	1	1	0	1	1	1
0	0	0	1	1	1	0	1	1
1	0	1	1	1	1	1	0	0
0	0	1	1	1	1	1	0	0

0	8	5	15	8	0	0	13	0
8	0	10	12	0	15	0	0	0
5	10	0	6	0	15	0	14	11
15	12	6	0	0	9	10	11	6
8	0	0	0	0	14	13	8	15
0	15	15	9	14	0	6	8	11
0	0	0	10	13	6	0	11	9
13	0	14	11	8	8	11	0	0
0	0	11	6	15	11	9	0	0

0	4	5	4	1	0	0	1	0
4	0	4	1	0	4	0	0	0
5	4	0	1	0	3	0	3	5
4	1	1	0	0	1	5	4	1
1	0	0	0	0	1	1	3	4
0	4	3	1	1	0	2	5	3
0	0	0	5	1	2	0	3	2
1	0	3	4	3	5	3	0	0
0	0	5	1	4	3	2	0	0

0	95	95	95	98	0	0	100	0
95	0	99	95	0	98	0	0	0
95	99	0	97	0	99	0	95	100
95	95	97	0	0	97	95	100	96
98	0	0	0	0	96	98	99	97
0	98	99	97	96	0	98	98	97
0	0	0	95	98	98	0	97	96
100	0	95	100	99	98	97	0	0
0	0	100	96	97	97	96	0	0

0	41	20	14	1	0	0	2	0
41	0	45	36	0	17	0	0	0
20	45	0	4	0	9	0	39	1
14	36	4	0	0	27	34	1	8
1	0	0	0	0	30	15	38	32
0	17	9	27	30	0	26	13	18
0	0	0	34	15	26	0	11	28
2	0	39	1	38	13	11	0	0
0	0	1	8	32	18	28	0	0

38	16
24	22
43	12
17	21
50	23
23	49
23	35
39	14
38	15
