0	1	0	1	1	1	1	1
1	0	1	0	1	1	0	1
0	1	0	0	1	1	1	1
1	0	0	0	1	1	1	1
1	1	1	1	0	1	1	1
1	1	1	1	1	0	1	1
1	0	1	1	1	1	0	0
1	1	1	1	1	1	0	0

0	15	0	5	12	8	11	11
15	0	11	0	15	6	0	9
0	11	0	0	11	8	11	6
5	0	0	0	12	6	12	6
12	15	11	12	0	13	14	14
8	6	8	6	13	0	11	9
11	0	11	12	14	11	0	0
11	9	6	6	14	9	0	0

0	4	0	5	3	1	5	1
4	0	1	0	4	2	0	5
0	1	0	0	5	2	2	3
5	0	0	0	5	1	5	4
3	4	5	5	0	3	2	5
1	2	2	1	3	0	1	4
5	0	2	5	2	1	0	0
1	5	3	4	5	4	0	0

0	100	0	99	99	97	98	99
100	0	98	0	95	98	0	96
0	98	0	0	100	98	95	96
99	0	0	0	96	98	99	100
99	95	100	96	0	100	97	97
97	98	98	98	100	0	100	96
98	0	95	99	97	100	0	0
99	96	96	100	97	96	0	0

0	16	0	12	5	16	43	36
16	0	40	0	40	48	0	9
0	40	0	0	30	21	3	29
12	0	0	0	23	19	43	5
5	40	30	23	0	23	5	14
16	48	21	19	23	0	18	38
43	0	3	43	5	18	0	0
36	9	29	5	14	38	0	0

10	37
11	14
40	26
27	41
23	46
33	47
44	47
50	45
