0	0	1	0	1	1	1	0
0	0	1	1	1	1	1	1
1	1	0	0	0	1	1	1
0	1	0	0	1	1	0	0
1	1	0	1	0	1	0	1
1	1	1	1	1	0	0	1
1	1	1	0	0	0	0	1
0	1	1	0	1	1	1	0

0	0	5	0	15	8	13	0
0	0	8	6	8	8	9	7
5	8	0	0	0	12	11	9
0	6	0	0	6	11	0	0
15	8	0	6	0	6	0	12
8	8	12	11	6	0	0	6
13	9	11	0	0	0	0	5
0	7	9	0	12	6	5	0

0	0	5	0	5	5	3	0
0	0	4	1	1	1	2	1
5	4	0	0	0	2	5	5
0	1	0	0	3	1	0	0
5	1	0	3	0	2	0	1
5	1	2	1	2	0	0	5
3	2	5	0	0	0	0	4
0	1	5	0	1	5	4	0

0	0	96	0	97	96	96	0
0	0	97	97	96	99	97	99
96	97	0	0	0	95	98	97
0	97	0	0	98	95	0	0
97	96	0	98	0	98	0	97
96	99	95	95	98	0	0	99
96	97	98	0	0	0	0	97
0	99	97	0	97	99	97	0

0	0	36	0	13	16	29	0
0	0	2	38	14	40	0	32
36	2	0	0	0	14	16	46
0	38	0	0	35	31	0	0
13	14	0	35	0	18	0	19
16	40	14	31	18	0	0	15
29	0	16	0	0	0	0	7
0	32	46	0	19	15	7	0

26	20
42	34
13	43
10	50
34	11
13	46
16	47
30	35
