0	0	1	0	1	1	0
0	0	1	1	0	1	0
1	1	0	0	0	1	0
0	1	0	0	0	1	1
1	0	0	0	0	1	0
1	1	1	1	1	0	0
0	0	0	1	0	0	0

0	0	11	0	14	9	0
0	0	12	7	0	13	0
11	12	0	0	0	12	0
0	7	0	0	0	7	7
14	0	0	0	0	9	0
9	13	12	7	9	0	0
0	0	0	7	0	0	0

0	0	1	0	3	4	0
0	0	5	1	0	1	0
1	5	0	0	0	2	0
0	1	0	0	0	5	4
3	0	0	0	0	1	0
4	1	2	5	1	0	0
0	0	0	4	0	0	0

0	0	98	0	95	95	0
0	0	99	97	0	95	0
98	99	0	0	0	99	0
0	97	0	0	0	97	99
95	0	0	0	0	97	0
95	95	99	97	97	0	0
0	0	0	99	0	0	0

0	0	39	0	26	46	0
0	0	22	34	0	42	0
39	22	0	0	0	0	0
0	34	0	0	0	36	0
26	0	0	0	0	23	0
46	42	0	36	23	0	0
0	0	0	0	0	0	0

32	13
40	40
11	23
32	43
18	50
12	36
40	46
