0	1	1	1	1	0	0	0
1	0	1	0	1	1	1	0
1	1	0	1	0	1	1	0
1	0	1	0	1	0	1	0
1	1	0	1	0	0	1	1
0	1	1	0	0	0	0	1
0	1	1	1	1	0	0	0
0	0	0	0	1	1	0	0

0	12	14	12	11	0	0	0
12	0	14	0	9	12	9	0
14	14	0	14	0	6	12	0
12	0	14	0	5	0	9	0
11	9	0	5	0	0	6	7
0	12	6	0	0	0	0	8
0	9	12	9	6	0	0	0
0	0	0	0	7	8	0	0

0	1	3	4	5	0	0	0
1	0	5	0	1	3	2	0
3	5	0	2	0	5	3	0
4	0	2	0	3	0	3	0
5	1	0	3	0	0	3	1
0	3	5	0	0	0	0	3
0	2	3	3	3	0	0	0
0	0	0	0	1	3	0	0

0	97	98	98	97	0	0	0
97	0	100	0	100	100	95	0
98	100	0	97	0	95	100	0
98	0	97	0	100	0	98	0
97	100	0	100	0	0	96	100
0	100	95	0	0	0	0	98
0	95	100	98	96	0	0	0
0	0	0	0	100	98	0	0

0	16	24	4	11	0	0	0
16	0	6	0	44	41	30	0
24	6	0	39	0	47	10	0
4	0	39	0	9	0	1	0
11	44	0	9	0	0	38	9
0	41	47	0	0	0	0	20
0	30	10	1	38	0	0	0
0	0	0	0	9	20	0	0

50	41
38	18
45	27
34	35
32	40
14	38
12	24
20	15
