0	1	0	1	1	0	1	1	0	1
1	0	1	1	1	0	1	1	1	1
0	1	0	1	1	1	1	1	1	0
1	1	1	0	1	0	0	0	1	1
1	1	1	1	0	1	0	0	0	0
0	0	1	0	1	0	1	1	1	1
1	1	1	0	0	1	0	0	1	1
1	1	1	0	0	1	0	0	1	1
0	1	1	1	0	1	1	1	0	1
1	1	0	1	0	1	1	1	1	0

0	13	0	15	6	0	15	11	0	14
13	0	10	15	6	0	15	12	14	12
0	10	0	8	11	10	15	9	9	0
15	15	8	0	12	0	0	0	10	11
6	6	11	12	0	12	0	0	0	0
0	0	10	0	12	0	10	12	10	5
15	15	15	0	0	10	0	0	10	14
11	12	9	0	0	12	0	0	5	6
0	14	9	10	0	10	10	5	0	8
14	12	0	11	0	5	14	6	8	0

0	5	0	2	3	0	3	1	0	1
5	0	4	3	3	0	4	5	2	2
0	4	0	2	4	2	5	2	3	0
2	3	2	0	2	0	0	0	2	2
3	3	4	2	0	4	0	0	0	0
0	0	2	0	4	0	1	5	2	1
3	4	5	0	0	1	0	0	1	1
1	5	2	0	0	5	0	0	4	5
0	2	3	2	0	2	1	4	0	4
1	2	0	2	0	1	1	5	4	0

0	96	0	98	98	0	100	97	0	98
96	0	99	98	99	0	100	96	99	100
0	99	0	99	99	98	98	95	99	0
98	98	99	0	97	0	0	0	95	95
98	99	99	97	0	96	0	0	0	0
0	0	98	0	96	0	98	100	100	95
100	100	98	0	0	98	0	0	100	97
97	96	95	0	0	100	0	0	100	95
0	99	99	95	0	100	100	100	0	97
98	100	0	95	0	95	97	95	97	0

0	11	0	30	6	0	34	14	0	17
11	0	38	14	15	0	19	10	35	1
0	38	0	8	38	30	10	22	30	0
30	14	8	0	1	0	0	0	35	9
6	15	38	1	0	20	0	0	0	0
0	0	30	0	20	0	21	25	28	38
34	19	10	0	0	21	0	0	2	14
14	10	22	0	0	25	0	0	44	46
0	35	30	35	0	28	2	44	0	27
17	1	0	9	0	38	14	46	27	0

35	11
33	47
37	36
45	14
24	14
46	28
20	35
30	15
28	48
13	11
