0	1	1	0	1	0	1
1	0	0	1	1	1	1
1	0	0	1	1	1	1
0	1	1	0	0	1	1
1	1	1	0	0	1	0
0	1	1	1	1	0	0
1	1	1	1	0	0	0

0	5	9	0	5	0	6
5	0	0	11	13	15	5
9	0	0	14	6	13	14
0	11	14	0	0	5	11
5	13	6	0	0	9	0
0	15	13	5	9	0	0
6	5	14	11	0	0	0

0	1	3	0	1	0	5
1	0	0	2	2	2	5
3	0	0	5	5	3	2
0	2	5	0	0	5	1
1	2	5	0	0	5	0
0	2	3	5	5	0	0
5	5	2	1	0	0	0

0	96	97	0	99	0	100
96	0	0	100	98	97	97
97	0	0	99	98	99	95
0	100	99	0	0	99	99
99	98	98	0	0	98	0
0	97	99	99	98	0	0
100	97	95	99	0	0	0

0	49	3	0	48	0	45
49	0	0	35	29	7	43
3	0	0	36	13	16	24
0	35	36	0	0	40	44
48	29	13	0	0	28	0
0	7	16	40	28	0	0
45	43	24	44	0	0	0

50	34
24	23
20	50
11	27
11	14
40	26
33	39
