0	1	1	0	1	1	1	0
1	0	1	1	1	0	1	0
1	1	0	1	0	0	0	1
0	1	1	0	1	0	1	1
1	1	0	1	0	1	1	1
1	0	0	0	1	0	1	1
1	1	0	1	1	1	0	1
0	0	1	1	1	1	1	0

0	12	12	0	13	15	5	0
12	0	14	9	15	0	10	0
12	14	0	5	0	0	0	15
0	9	5	0	12	0	12	6
13	15	0	12	0	15	15	5
15	0	0	0	15	0	5	6
5	10	0	12	15	5	0	9
0	0	15	6	5	6	9	0

0	3	2	0	1	2	5	0
3	0	4	2	2	0	5	0
2	4	0	5	0	0	0	1
0	2	5	0	1	0	4	5
1	2	0	1	0	3	5	2
2	0	0	0	3	0	4	5
5	5	0	4	5	4	0	3
0	0	1	5	2	5	3	0

0	99	96	0	96	97	100	0
99	0	99	97	100	0	99	0
96	99	0	95	0	0	0	98
0	97	95	0	100	0	100	100
96	100	0	100	0	98	95	98
97	0	0	0	98	0	96	95
100	99	0	100	95	96	0	99
0	0	98	100	98	95	99	0

0	13	0	0	27	18	21	0
13	0	9	33	1	0	26	0
0	9	0	43	0	0	0	11
0	33	43	0	10	0	23	41
27	1	0	10	0	9	37	23
18	0	0	0	9	0	34	9
21	26	0	23	37	34	0	13
0	0	11	41	23	9	13	0

38	16
45	32
41	36
13	47
13	38
22	14
16	15
18	27
