0	1	1	1	1	0	1
1	0	1	1	1	0	1
1	1	0	0	0	1	0
1	1	0	0	1	1	1
1	1	0	1	0	1	1
0	0	1	1	1	0	1
1	1	0	1	1	1	0

0	11	7	7	7	0	6
11	0	7	7	5	0	7
7	7	0	0	0	15	0
7	7	0	0	9	13	15
7	5	0	9	0	9	9
0	0	15	13	9	0	8
6	7	0	15	9	8	0

0	2	4	4	1	0	4
2	0	2	5	1	0	5
4	2	0	0	0	5	0
4	5	0	0	4	4	3
1	1	0	4	0	1	2
0	0	5	4	1	0	4
4	5	0	3	2	4	0

0	98	96	99	96	0	99
98	0	100	97	98	0	98
96	100	0	0	0	95	0
99	97	0	0	99	100	98
96	98	0	99	0	99	100
0	0	95	100	99	0	97
99	98	0	98	100	97	0

0	17	16	6	31	0	46
17	0	30	2	46	0	17
16	30	0	0	0	40	0
6	2	0	0	6	2	40
31	46	0	6	0	34	11
0	0	40	2	34	0	20
46	17	0	40	11	20	0

39	12
33	50
49	42
29	34
12	43
29	20
44	34
