0	0	1	0	1	1	0	1	1
0	0	1	0	0	1	0	1	0
1	1	0	1	1	0	0	0	1
0	0	1	0	1	1	0	0	1
1	0	1	1	0	1	0	1	1
1	1	0	1	1	0	0	0	0
0	0	0	0	0	0	0	1	1
1	1	0	0	1	0	1	0	0
1	0	1	1	1	0	1	0	0

0	0	10	0	5	8	0	12	12
0	0	7	0	0	11	0	5	0
10	7	0	15	15	0	0	0	7
0	0	15	0	9	9	0	0	11
5	0	15	9	0	13	0	15	14
8	11	0	9	13	0	0	0	0
0	0	0	0	0	0	0	8	6
12	5	0	0	15	0	8	0	0
12	0	7	11	14	0	6	0	0

0	0	2	0	2	5	0	5	3
0	0	1	0	0	1	0	1	0
2	1	0	3	1	0	0	0	2
0	0	3	0	1	4	0	0	3
2	0	1	1	0	1	0	3	5
5	1	0	4	1	0	0	0	0
0	0	0	0	0	0	0	2	2
5	1	0	0	3	0	2	0	0
3	0	2	3	5	0	2	0	0

0	0	100	0	95	100	0	97	96
0	0	99	0	0	98	0	98	0
100	99	0	97	99	0	0	0	99
0	0	97	0	97	98	0	0	96
95	0	99	97	0	98	0	97	98
100	98	0	98	98	0	0	0	0
0	0	0	0	0	0	0	98	100
97	98	0	0	97	0	98	0	0
96	0	99	96	98	0	100	0	0

0	0	5	0	42	19	0	38	18
0	0	30	0	0	14	0	20	0
5	30	0	22	34	0	0	0	10
0	0	22	0	43	5	0	0	3
42	0	34	43	0	27	0	23	9
19	14	0	5	27	0	0	0	0
0	0	0	0	0	0	0	41	29
38	20	0	0	23	0	41	0	0
18	0	10	3	9	0	29	0	0

41	30
33	49
30	23
31	30
20	22
16	50
38	31
29	28
20	45
