0	1	1	0	1	1	1	0	1
1	0	1	1	1	0	0	0	0
1	1	0	0	1	1	1	1	0
0	1	0	0	1	1	1	1	0
1	1	1	1	0	1	1	0	1
1	0	1	1	1	0	1	1	1
1	0	1	1	1	1	0	1	1
0	0	1	1	0	1	1	0	1
1	0	0	0	1	1	1	1	0

0	15	7	0	8	12	6	0	7
15	0	15	9	7	0	0	0	0
7	15	0	0	6	9	7	15	0
0	9	0	0	6	6	13	13	0
8	7	6	6	0	15	12	0	12
12	0	9	6	15	0	8	10	14
6	0	7	13	12	8	0	12	7
0	0	15	13	0	10	12	0	11
7	0	0	0	12	14	7	11	0

0	5	2	0	2	3	1	0	2
5	0	3	3	3	0	0	0	0
2	3	0	0	1	5	5	5	0
0	3	0	0	1	5	3	4	0
2	3	1	1	0	5	1	0	2
3	0	5	5	5	0	5	2	5
1	0	5	3	1	5	0	5	5
0	0	5	4	0	2	5	0	1
2	0	0	0	2	5	5	1	0

0	96	100	0	96	95	96	0	97
96	0	97	99	100	0	0	0	0
100	97	0	0	99	99	99	96	0
0	99	0	0	95	96	97	96	0
96	100	99	95	0	99	100	0	99
95	0	99	96	99	0	96	100	96
96	0	99	97	100	96	0	97	99
0	0	96	96	0	100	97	0	98
97	0	0	0	99	96	99	98	0

0	15	41	0	14	22	12	0	9
15	0	0	9	6	0	0	0	0
41	0	0	0	4	40	45	14	0
0	9	0	0	43	44	25	9	0
14	6	4	43	0	19	43	0	41
22	0	40	44	19	0	1	39	15
12	0	45	25	43	1	0	42	11
0	0	14	9	0	39	42	0	17
9	0	0	0	41	15	11	17	0

43	24
25	27
47	46
22	39
50	13
29	17
43	12
22	36
35	49
