0	1	1	1	1	1	0	0
1	0	1	1	1	1	1	1
1	1	0	1	1	1	0	1
1	1	1	0	0	1	1	1
1	1	1	0	0	1	1	0
1	1	1	1	1	0	1	1
0	1	0	1	1	1	0	1
0	1	1	1	0	1	1	0

0	11	15	11	10	14	0	0
11	0	8	13	8	5	8	13
15	8	0	10	6	5	0	8
11	13	10	0	0	6	15	11
10	8	6	0	0	15	9	0
14	5	5	6	15	0	15	5
0	8	0	15	9	15	0	5
0	13	8	11	0	5	5	0

0	4	1	2	1	3	0	0
4	0	3	3	4	2	1	4
1	3	0	3	5	5	0	3
2	3	3	0	0	3	3	1
1	4	5	0	0	5	3	0
3	2	5	3	5	0	4	5
0	1	0	3	3	4	0	2
0	4	3	1	0	5	2	0

0	99	97	100	98	100	0	0
99	0	100	96	99	97	97	96
97	100	0	96	96	95	0	95
100	96	96	0	0	97	98	99
98	99	96	0	0	100	96	0
100	97	95	97	100	0	96	97
0	97	0	98	96	96	0	99
0	96	95	99	0	97	99	0

0	29	34	37	8	40	0	0
29	0	7	1	1	5	32	28
34	7	0	42	35	7	0	15
37	1	42	0	0	29	10	25
8	1	35	0	0	35	38	0
40	5	7	29	35	0	2	23
0	32	0	10	38	2	0	32
0	28	15	25	0	23	32	0

33	23
45	17
10	37
32	44
10	49
21	35
48	45
35	11
