0	0	1	1	1	1	1	1	0	1
0	0	1	0	1	0	0	1	0	1
1	1	0	1	0	0	1	0	1	1
1	0	1	0	1	1	0	1	0	1
1	1	0	1	0	1	1	1	1	0
1	0	0	1	1	0	0	1	1	1
1	0	1	0	1	0	0	1	1	1
1	1	0	1	1	1	1	0	1	1
0	0	1	0	1	1	1	1	0	1
1	1	1	1	0	1	1	1	1	0

0	0	8	7	5	10	15	9	0	7
0	0	14	0	15	0	0	6	0	5
8	14	0	8	0	0	8	0	11	12
7	0	8	0	13	9	0	8	0	9
5	15	0	13	0	15	13	12	6	0
10	0	0	9	15	0	0	5	14	6
15	0	8	0	13	0	0	5	8	9
9	6	0	8	12	5	5	0	12	7
0	0	11	0	6	14	8	12	0	6
7	5	12	9	0	6	9	7	6	0

0	0	1	2	3	2	2	3	0	2
0	0	3	0	4	0	0	5	0	5
1	3	0	4	0	0	5	0	3	1
2	0	4	0	4	2	0	3	0	1
3	4	0	4	0	5	3	3	1	0
2	0	0	2	5	0	0	2	2	5
2	0	5	0	3	0	0	1	1	3
3	5	0	3	3	2	1	0	5	3
0	0	3	0	1	2	1	5	0	1
2	5	1	1	0	5	3	3	1	0

0	0	99	96	100	100	97	97	0	100
0	0	100	0	97	0	0	96	0	96
99	100	0	99	0	0	98	0	95	96
96	0	99	0	100	97	0	97	0	96
100	97	0	100	0	100	99	95	98	0
100	0	0	97	100	0	0	96	95	96
97	0	98	0	99	0	0	97	95	99
97	96	0	97	95	96	97	0	96	96
0	0	95	0	98	95	95	96	0	95
100	96	96	96	0	96	99	96	95	0

0	0	43	39	37	14	40	15	0	34
0	0	12	0	2	0	0	39	0	23
43	12	0	32	0	0	7	0	14	26
39	0	32	0	35	21	0	11	0	13
37	2	0	35	0	25	31	18	11	0
14	0	0	21	25	0	0	38	26	34
40	0	7	0	31	0	0	25	14	40
15	39	0	11	18	38	25	0	3	7
0	0	14	0	11	26	14	3	0	9
34	23	26	13	0	34	40	7	9	0

42	11
46	43
38	37
15	36
17	47
12	16
18	37
31	19
25	16
42	20
