0	1	1	1	0	1	0
1	0	1	0	1	1	0
1	1	0	1	1	0	1
1	0	1	0	1	1	1
0	1	1	1	0	1	1
1	1	0	1	1	0	1
0	0	1	1	1	1	0

0	10	8	8	0	15	0
10	0	12	0	9	5	0
8	12	0	7	7	0	8
8	0	7	0	15	12	7
0	9	7	15	0	6	13
15	5	0	12	6	0	6
0	0	8	7	13	6	0

0	1	3	4	0	2	0
1	0	5	0	5	4	0
3	5	0	4	4	0	1
4	0	4	0	3	1	1
0	5	4	3	0	2	5
2	4	0	1	2	0	2
0	0	1	1	5	2	0

0	97	97	95	0	97	0
97	0	100	0	100	97	0
97	100	0	100	97	0	100
95	0	100	0	96	97	96
0	100	97	96	0	99	100
97	97	0	97	99	0	97
0	0	100	96	100	97	0

0	29	36	11	0	23	0
29	0	8	0	35	39	0
36	8	0	8	3	0	47
11	0	8	0	1	34	39
0	35	3	1	0	48	3
23	39	0	34	48	0	13
0	0	47	39	3	13	0

13	26
16	18
27	17
39	13
42	27
24	22
17	31
