0	1	1	1	1	0	1	1
1	0	1	1	0	1	1	0
1	1	0	0	1	0	1	0
1	1	0	0	1	0	1	1
1	0	1	1	0	0	0	0
0	1	0	0	0	0	1	1
1	1	1	1	0	1	0	1
1	0	0	1	0	1	1	0

0	8	5	15	8	0	11	6
8	0	6	10	0	8	12	0
5	6	0	0	6	0	11	0
15	10	0	0	10	0	10	10
8	0	6	10	0	0	0	0
0	8	0	0	0	0	13	12
11	12	11	10	0	13	0	8
6	0	0	10	0	12	8	0

0	5	2	2	2	0	2	5
5	0	4	1	0	3	1	0
2	4	0	0	2	0	5	0
2	1	0	0	4	0	4	4
2	0	2	4	0	0	0	0
0	3	0	0	0	0	3	3
2	1	5	4	0	3	0	3
5	0	0	4	0	3	3	0

0	100	100	96	97	0	95	98
100	0	95	96	0	98	100	0
100	95	0	0	99	0	95	0
96	96	0	0	95	0	97	97
97	0	99	95	0	0	0	0
0	98	0	0	0	0	99	100
95	100	95	97	0	99	0	98
98	0	0	97	0	100	98	0

0	43	3	29	35	0	12	24
43	0	26	5	0	21	26	0
3	26	0	0	15	0	42	0
29	5	0	0	37	0	5	3
35	0	15	37	0	0	0	0
0	21	0	0	0	0	33	42
12	26	42	5	0	33	0	2
24	0	0	3	0	42	2	0

47	20
16	19
24	11
18	45
26	10
45	47
18	22
29	21
