0	1	1	1	1	1	1	1	1	0
1	0	1	0	1	1	1	0	1	1
1	1	0	1	1	1	1	0	1	1
1	0	1	0	1	1	1	1	1	0
1	1	1	1	0	1	1	0	1	1
1	1	1	1	1	0	1	1	1	1
1	1	1	1	1	1	0	0	0	1
1	0	0	1	0	1	0	0	0	0
1	1	1	1	1	1	0	0	0	1
0	1	1	0	1	1	1	0	1	0

0	6	8	10	5	13	5	12	12	0
6	0	7	0	13	14	15	0	9	8
8	7	0	5	10	10	5	0	9	6
10	0	5	0	6	7	5	5	11	0
5	13	10	6	0	12	14	0	5	5
13	14	10	7	12	0	11	14	8	10
5	15	5	5	14	11	0	0	0	7
12	0	0	5	0	14	0	0	0	0
12	9	9	11	5	8	0	0	0	5
0	8	6	0	5	10	7	0	5	0

0	2	4	4	4	5	4	2	1	0
2	0	1	0	1	3	4	0	5	5
4	1	0	2	1	2	1	0	5	4
4	0	2	0	2	5	4	5	2	0
4	1	1	2	0	2	4	0	5	1
5	3	2	5	2	0	3	2	3	3
4	4	1	4	4	3	0	0	0	5
2	0	0	5	0	2	0	0	0	0
1	5	5	2	5	3	0	0	0	2
0	5	4	0	1	3	5	0	2	0

0	100	97	98	96	98	100	100	96	0
100	0	96	0	100	96	98	0	95	98
97	96	0	100	96	98	95	0	97	95
98	0	100	0	98	97	96	99	95	0
96	100	96	98	0	100	100	0	97	95
98	96	98	97	100	0	100	98	98	97
100	98	95	96	100	100	0	0	0	95
100	0	0	99	0	98	0	0	0	0
96	95	97	95	97	98	0	0	0	98
0	98	95	0	95	97	95	0	98	0

0	32	15	44	5	16	42	4	41	0
32	0	26	0	30	29	5	0	5	42
15	26	0	41	44	38	11	0	25	28
44	0	41	0	19	43	17	48	23	0
5	30	44	19	0	17	24	0	45	2
16	29	38	43	17	0	23	8	1	16
42	5	11	17	24	23	0	0	0	11
4	0	0	48	0	8	0	0	0	0
41	5	25	23	45	1	0	0	0	9
0	42	28	0	2	16	11	0	9	0

49	20
42	22
16	35
32	46
48	37
46	18
46	27
47	32
33	13
32	11
