0	0	1	1	1	0	1
0	0	1	0	1	1	0
1	1	0	0	1	0	1
1	0	0	0	1	1	1
1	1	1	1	0	1	1
0	1	0	1	1	0	0
1	0	1	1	1	0	0

0	0	10	14	14	0	12
0	0	11	0	11	14	0
10	11	0	0	7	0	5
14	0	0	0	15	6	9
14	11	7	15	0	15	5
0	14	0	6	15	0	0
12	0	5	9	5	0	0

0	0	2	5	3	0	1
0	0	2	0	4	2	0
2	2	0	0	5	0	5
5	0	0	0	1	5	1
3	4	5	1	0	3	4
0	2	0	5	3	0	0
1	0	5	1	4	0	0

0	0	99	98	99	0	100
0	0	96	0	96	99	0
99	96	0	0	99	0	97
98	0	0	0	96	99	100
99	96	99	96	0	98	97
0	99	0	99	98	0	0
100	0	97	100	97	0	0

0	0	3	12	30	0	31
0	0	30	0	16	41	0
3	30	0	0	5	0	8
12	0	0	0	26	44	20
30	16	5	26	0	34	11
0	41	0	44	34	0	0
31	0	8	20	11	0	0

48	47
45	46
29	33
25	47
17	39
12	16
42	28
