0	0	0	1	0	1	1	1	1
0	0	1	0	0	1	1	0	1
0	1	0	1	1	1	1	0	0
1	0	1	0	1	0	1	0	1
0	0	1	1	0	0	1	1	1
1	1	1	0	0	0	0	1	1
1	1	1	1	1	0	0	1	1
1	0	0	0	1	1	1	0	0
1	1	0	1	1	1	1	0	0

0	0	0	5	0	12	15	6	5
0	0	11	0	0	6	12	0	8
0	11	0	14	11	14	8	0	0
5	0	14	0	10	0	9	0	9
0	0	11	10	0	0	13	6	9
12	6	14	0	0	0	0	11	14
15	12	8	9	13	0	0	14	9
6	0	0	0	6	11	14	0	0
5	8	0	9	9	14	9	0	0

0	0	0	5	0	1	3	5	1
0	0	4	0	0	3	4	0	2
0	4	0	4	5	2	5	0	0
5	0	4	0	1	0	3	0	1
0	0	5	1	0	0	4	1	2
1	3	2	0	0	0	0	1	2
3	4	5	3	4	0	0	2	2
5	0	0	0	1	1	2	0	0
1	2	0	1	2	2	2	0	0

0	0	0	96	0	98	99	97	97
0	0	99	0	0	100	96	0	96
0	99	0	96	97	97	98	0	0
96	0	96	0	98	0	100	0	98
0	0	97	98	0	0	96	96	95
98	100	97	0	0	0	0	100	99
99	96	98	100	96	0	0	96	98
97	0	0	0	96	100	96	0	0
97	96	0	98	95	99	98	0	0

0	0	0	44	0	23	39	44	4
0	0	38	0	0	46	41	0	41
0	38	0	9	6	39	41	0	0
44	0	9	0	28	0	20	0	1
0	0	6	28	0	0	28	6	36
23	46	39	0	0	0	0	40	16
39	41	41	20	28	0	0	20	12
44	0	0	0	6	40	20	0	0
4	41	0	1	36	16	12	0	0

15	45
45	16
48	26
16	22
21	29
38	24
11	11
36	20
15	14
