0	0	0	1	1	1	1	0
0	0	0	1	0	0	0	1
0	0	0	1	1	1	1	1
1	1	1	0	0	1	0	0
1	0	1	0	0	1	0	0
1	0	1	1	1	0	0	1
1	0	1	0	0	0	0	1
0	1	1	0	0	1	1	0

0	0	0	8	14	13	11	0
0	0	0	9	0	0	0	12
0	0	0	10	5	12	11	8
8	9	10	0	0	6	0	0
14	0	5	0	0	14	0	0
13	0	12	6	14	0	0	7
11	0	11	0	0	0	0	7
0	12	8	0	0	7	7	0

0	0	0	3	4	2	3	0
0	0	0	4	0	0	0	1
0	0	0	5	3	1	1	3
3	4	5	0	0	3	0	0
4	0	3	0	0	4	0	0
2	0	1	3	4	0	0	4
3	0	1	0	0	0	0	4
0	1	3	0	0	4	4	0

0	0	0	98	98	98	100	0
0	0	0	96	0	0	0	97
0	0	0	97	99	96	96	96
98	96	97	0	0	100	0	0
98	0	99	0	0	96	0	0
98	0	96	100	96	0	0	100
100	0	96	0	0	0	0	99
0	97	96	0	0	100	99	0

0	0	0	11	5	32	44	0
0	0	0	41	0	0	0	28
0	0	0	40	12	3	15	42
11	41	40	0	0	3	0	0
5	0	12	0	0	36	0	0
32	0	3	3	36	0	0	12
44	0	15	0	0	0	0	28
0	28	42	0	0	12	28	0

48	23
12	27
42	41
31	17
19	31
31	42
46	27
28	26
