0	1	1	1	1	1	1	1
1	0	1	1	1	1	0	1
1	1	0	1	0	1	0	1
1	1	1	0	1	0	1	1
1	1	0	1	0	1	1	0
1	1	1	0	1	0	1	0
1	0	0	1	1	1	0	0
1	1	1	1	0	0	0	0

0	13	12	11	6	10	15	12
13	0	9	15	13	12	0	13
12	9	0	13	0	10	0	13
11	15	13	0	7	0	12	8
6	13	0	7	0	6	13	0
10	12	10	0	6	0	9	0
15	0	0	12	13	9	0	0
12	13	13	8	0	0	0	0

0	5	1	1	3	3	3	2
5	0	1	5	3	4	0	1
1	1	0	2	0	4	0	1
1	5	2	0	2	0	3	2
3	3	0	2	0	1	5	0
3	4	4	0	1	0	4	0
3	0	0	3	5	4	0	0
2	1	1	2	0	0	0	0

0	95	95	100	96	99	99	96
95	0	100	95	99	96	0	99
95	100	0	97	0	96	0	100
100	95	97	0	100	0	95	95
96	99	0	100	0	98	96	0
99	96	96	0	98	0	99	0
99	0	0	95	96	99	0	0
96	99	100	95	0	0	0	0

0	37	25	40	36	28	7	42
37	0	10	33	36	4	0	28
25	10	0	26	0	36	0	31
40	33	26	0	27	0	17	23
36	36	0	27	0	1	11	0
28	4	36	0	1	0	16	0
7	0	0	17	11	16	0	0
42	28	31	23	0	0	0	0

46	37
36	15
34	40
34	19
31	35
43	27
31	39
26	44
