0	1	0	0	1	1	1
1	0	1	0	0	1	0
0	1	0	1	0	1	0
0	0	1	0	1	1	1
1	0	0	1	0	1	1
1	1	1	1	1	0	1
1	0	0	1	1	1	0

0	9	0	0	6	7	6
9	0	7	0	0	9	0
0	7	0	5	0	10	0
0	0	5	0	7	14	6
6	0	0	7	0	7	5
7	9	10	14	7	0	5
6	0	0	6	5	5	0

0	3	0	0	3	1	5
3	0	2	0	0	5	0
0	2	0	3	0	4	0
0	0	3	0	4	1	5
3	0	0	4	0	4	5
1	5	4	1	4	0	2
5	0	0	5	5	2	0

0	100	0	0	99	98	97
100	0	99	0	0	99	0
0	99	0	98	0	100	0
0	0	98	0	99	96	96
99	0	0	99	0	95	98
98	99	100	96	95	0	98
97	0	0	96	98	98	0

0	41	0	0	30	10	47
41	0	15	0	0	45	0
0	15	0	15	0	32	0
0	0	15	0	32	7	5
30	0	0	32	0	17	33
10	45	32	7	17	0	11
47	0	0	5	33	11	0

18	49
19	39
19	30
38	32
29	28
34	17
15	27
