0	1	1	0	1	0	0
1	0	1	1	0	1	0
1	1	0	0	1	0	1
0	1	0	0	0	0	1
1	0	1	0	0	1	0
0	1	0	0	1	0	0
0	0	1	1	0	0	0

0	7	8	0	7	0	0
7	0	13	5	0	9	0
8	13	0	0	6	0	7
0	5	0	0	0	0	7
7	0	6	0	0	9	0
0	9	0	0	9	0	0
0	0	7	7	0	0	0

0	2	3	0	2	0	0
2	0	5	1	0	4	0
3	5	0	0	5	0	3
0	1	0	0	0	0	4
2	0	5	0	0	2	0
0	4	0	0	2	0	0
0	0	3	4	0	0	0

0	98	98	0	100	0	0
98	0	100	95	0	98	0
98	100	0	0	95	0	97
0	95	0	0	0	0	95
100	0	95	0	0	96	0
0	98	0	0	96	0	0
0	0	97	95	0	0	0

0	38	21	0	31	0	0
38	0	32	35	0	14	0
21	32	0	0	12	0	46
0	35	0	0	0	0	9
31	0	12	0	0	20	0
0	14	0	0	20	0	0
0	0	46	9	0	0	0

31	31
33	24
20	44
27	33
46	44
37	40
27	13
