0	1	1	1	1	1	1	1	1	1
1	0	1	1	0	1	0	1	1	1
1	1	0	1	0	1	1	1	1	1
1	1	1	0	1	1	1	1	1	0
1	0	0	1	0	1	1	0	0	1
1	1	1	1	1	0	0	1	0	1
1	0	1	1	1	0	0	1	0	1
1	1	1	1	0	1	1	0	1	1
1	1	1	1	0	0	0	1	0	0
1	1	1	0	1	1	1	1	0	0

0	13	11	7	7	9	8	11	5	13
13	0	10	11	0	15	0	6	9	5
11	10	0	6	0	12	14	13	8	13
7	11	6	0	9	13	9	15	8	0
7	0	0	9	0	9	5	0	0	14
9	15	12	13	9	0	0	13	0	5
8	0	14	9	5	0	0	14	0	10
11	6	13	15	0	13	14	0	11	10
5	9	8	8	0	0	0	11	0	0
13	5	13	0	14	5	10	10	0	0

0	2	3	3	2	1	1	3	1	4
2	0	2	1	0	4	0	1	1	4
3	2	0	5	0	1	3	1	1	5
3	1	5	0	3	2	1	5	4	0
2	0	0	3	0	3	1	0	0	1
1	4	1	2	3	0	0	3	0	1
1	0	3	1	1	0	0	2	0	5
3	1	1	5	0	3	2	0	5	4
1	1	1	4	0	0	0	5	0	0
4	4	5	0	1	1	5	4	0	0

0	95	99	97	100	100	99	95	97	98
95	0	96	98	0	97	0	100	99	97
99	96	0	96	0	97	95	97	95	99
97	98	96	0	97	99	100	96	98	0
100	0	0	97	0	97	98	0	0	97
100	97	97	99	97	0	0	100	0	100
99	0	95	100	98	0	0	96	0	95
95	100	97	96	0	100	96	0	100	97
97	99	95	98	0	0	0	100	0	0
98	97	99	0	97	100	95	97	0	0

0	25	38	26	45	26	33	10	32	35
25	0	36	20	0	10	0	33	38	24
38	36	0	42	0	22	10	30	16	9
26	20	42	0	15	27	26	39	22	0
45	0	0	15	0	29	7	0	0	4
26	10	22	27	29	0	0	26	0	38
33	0	10	26	7	0	0	13	0	45
10	33	30	39	0	26	13	0	4	24
32	38	16	22	0	0	0	4	0	0
35	24	9	0	4	38	45	24	0	0

27	17
13	38
24	42
32	14
44	15
26	40
30	43
32	49
31	27
41	37
