0	1	0	1	1	1	1
1	0	1	1	1	1	0
0	1	0	1	1	0	0
1	1	1	0	0	1	0
1	1	1	0	0	1	1
1	1	0	1	1	0	1
1	0	0	0	1	1	0

0	7	0	9	13	11	13
7	0	6	13	14	13	0
0	6	0	13	9	0	0
9	13	13	0	0	5	0
13	14	9	0	0	15	9
11	13	0	5	15	0	7
13	0	0	0	9	7	0

0	3	0	3	4	2	1
3	0	2	3	4	2	0
0	2	0	3	2	0	0
3	3	3	0	0	1	0
4	4	2	0	0	3	2
2	2	0	1	3	0	5
1	0	0	0	2	5	0

0	98	0	98	96	95	96
98	0	97	99	99	99	0
0	97	0	97	99	0	0
98	99	97	0	0	99	0
96	99	99	0	0	95	95
95	99	0	99	95	0	98
96	0	0	0	95	98	0

0	20	0	28	2	20	39
20	0	45	22	24	5	0
0	45	0	28	31	0	0
28	22	28	0	0	13	0
2	24	31	0	0	22	41
20	5	0	13	22	0	34
39	0	0	0	41	34	0

34	49
20	28
11	35
49	33
47	20
35	12
13	35
