0	1	1	1	0	1	1
1	0	0	0	1	1	1
1	0	0	1	1	1	1
1	0	1	0	0	0	1
0	1	1	0	0	1	0
1	1	1	0	1	0	1
1	1	1	1	0	1	0

0	15	11	7	0	8	6
15	0	0	0	14	14	10
11	0	0	11	5	11	9
7	0	11	0	0	0	11
0	14	5	0	0	13	0
8	14	11	0	13	0	9
6	10	9	11	0	9	0

0	4	3	2	0	3	1
4	0	0	0	2	4	3
3	0	0	2	1	2	5
2	0	2	0	0	0	5
0	2	1	0	0	1	0
3	4	2	0	1	0	4
1	3	5	5	0	4	0

0	99	100	95	0	99	99
99	0	0	0	95	99	95
100	0	0	99	100	96	100
95	0	99	0	0	0	100
0	95	100	0	0	97	0
99	99	96	0	97	0	96
99	95	100	100	0	96	0

0	15	40	14	0	13	17
15	0	0	0	17	27	21
40	0	0	10	30	2	11
14	0	10	0	0	0	7
0	17	30	0	0	4	0
13	27	2	0	4	0	24
17	21	11	7	0	24	0

11	10
22	32
31	21
47	46
49	12
29	21
10	46
