0	0	0	1	1	1	1	1	1	1
0	0	1	0	1	1	1	0	1	1
0	1	0	1	1	0	1	1	1	1
1	0	1	0	1	0	1	1	1	1
1	1	1	1	0	1	1	1	1	1
1	1	0	0	1	0	1	0	1	1
1	1	1	1	1	1	0	1	1	1
1	0	1	1	1	0	1	0	1	0
1	1	1	1	1	1	1	1	0	0
1	1	1	1	1	1	1	0	0	0

0	0	0	11	7	6	12	10	7	13
0	0	11	0	11	12	13	0	8	5
0	11	0	12	14	0	7	13	6	11
11	0	12	0	12	0	7	13	12	10
7	11	14	12	0	13	6	9	14	7
6	12	0	0	13	0	14	0	14	8
12	13	7	7	6	14	0	10	15	7
10	0	13	13	9	0	10	0	6	0
7	8	6	12	14	14	15	6	0	0
13	5	11	10	7	8	7	0	0	0

0	0	0	2	2	2	5	2	4	4
0	0	3	0	3	1	3	0	1	3
0	3	0	2	5	0	1	5	2	3
2	0	2	0	4	0	2	4	3	1
2	3	5	4	0	2	5	5	3	1
2	1	0	0	2	0	4	0	3	1
5	3	1	2	5	4	0	1	5	1
2	0	5	4	5	0	1	0	2	0
4	1	2	3	3	3	5	2	0	0
4	3	3	1	1	1	1	0	0	0

0	0	0	98	96	98	97	98	97	96
0	0	95	0	100	100	98	0	98	98
0	95	0	99	98	0	97	97	99	97
98	0	99	0	96	0	97	97	99	100
96	100	98	96	0	99	98	96	98	97
98	100	0	0	99	0	100	0	96	98
97	98	97	97	98	100	0	97	98	99
98	0	97	97	96	0	97	0	100	0
97	98	99	99	98	96	98	100	0	0
96	98	97	100	97	98	99	0	0	0

0	0	0	24	42	49	8	34	28	41
0	0	25	0	43	38	23	0	11	33
0	25	0	37	34	0	35	9	34	29
24	0	37	0	9	0	38	33	42	16
42	43	34	9	0	42	4	26	3	25
49	38	0	0	42	0	2	0	29	29
8	23	35	38	4	2	0	23	16	41
34	0	9	33	26	0	23	0	23	0
28	11	34	42	3	29	16	23	0	0
41	33	29	16	25	29	41	0	0	0

26	47
48	50
22	30
46	28
43	13
50	17
22	50
47	32
19	15
36	15
