0	0	1	1	0	0	1	1	1	1
0	0	1	1	0	1	1	1	1	1
1	1	0	0	0	0	0	1	1	0
1	1	0	0	1	1	1	0	0	1
0	0	0	1	0	1	0	0	1	0
0	1	0	1	1	0	1	1	1	1
1	1	0	1	0	1	0	0	1	1
1	1	1	0	0	1	0	0	0	1
1	1	1	0	1	1	1	0	0	0
1	1	0	1	0	1	1	1	0	0

0	0	13	7	0	0	13	14	12	6
0	0	6	14	0	6	9	8	11	11
13	6	0	0	0	0	0	9	7	0
7	14	0	0	6	6	13	0	0	15
0	0	0	6	0	5	0	0	9	0
0	6	0	6	5	0	8	5	14	14
13	9	0	13	0	8	0	0	6	10
14	8	9	0	0	5	0	0	0	15
12	11	7	0	9	14	6	0	0	0
6	11	0	15	0	14	10	15	0	0

0	0	4	2	0	0	1	3	1	5
0	0	2	2	0	2	3	5	5	5
4	2	0	0	0	0	0	5	3	0
2	2	0	0	1	3	5	0	0	5
0	0	0	1	0	2	0	0	3	0
0	2	0	3	2	0	1	2	4	1
1	3	0	5	0	1	0	0	3	4
3	5	5	0	0	2	0	0	0	5
1	5	3	0	3	4	3	0	0	0
5	5	0	5	0	1	4	5	0	0

0	0	95	100	0	0	96	98	96	97
0	0	95	96	0	99	97	100	97	95
95	95	0	0	0	0	0	96	97	0
100	96	0	0	97	96	100	0	0	97
0	0	0	97	0	96	0	0	100	0
0	99	0	96	96	0	100	97	97	96
96	97	0	100	0	100	0	0	98	99
98	100	96	0	0	97	0	0	0	97
96	97	97	0	100	97	98	0	0	0
97	95	0	97	0	96	99	97	0	0

0	0	31	27	0	0	1	23	29	16
0	0	12	35	0	41	16	16	35	27
31	12	0	0	0	0	0	10	10	0
27	35	0	0	11	22	42	0	0	17
0	0	0	11	0	27	0	0	34	0
0	41	0	22	27	0	7	10	4	28
1	16	0	42	0	7	0	0	31	6
23	16	10	0	0	10	0	0	0	39
29	35	10	0	34	4	31	0	0	0
16	27	0	17	0	28	6	39	0	0

10	19
44	21
29	19
45	47
50	22
43	41
13	18
15	28
40	14
25	19
