0	1	1	1	0	1	0	1	0
1	0	1	1	1	1	1	0	1
1	1	0	1	1	1	0	0	1
1	1	1	0	1	1	1	1	0
0	1	1	1	0	1	1	0	0
1	1	1	1	1	0	1	1	1
0	1	0	1	1	1	0	1	1
1	0	0	1	0	1	1	0	0
0	1	1	0	0	1	1	0	0

0	11	14	15	0	5	0	15	0
11	0	15	9	8	12	13	0	5
14	15	0	10	12	15	0	0	14
15	9	10	0	14	14	5	15	0
0	8	12	14	0	12	9	0	0
5	12	15	14	12	0	15	5	15
0	13	0	5	9	15	0	5	10
15	0	0	15	0	5	5	0	0
0	5	14	0	0	15	10	0	0

0	4	3	4	0	4	0	2	0
4	0	3	5	5	4	4	0	4
3	3	0	2	4	4	0	0	3
4	5	2	0	3	1	5	4	0
0	5	4	3	0	1	3	0	0
4	4	4	1	1	0	2	1	4
0	4	0	5	3	2	0	3	3
2	0	0	4	0	1	3	0	0
0	4	3	0	0	4	3	0	0

0	98	100	98	0	99	0	97	0
98	0	97	99	97	97	96	0	100
100	97	0	100	96	95	0	0	100
98	99	100	0	99	99	99	100	0
0	97	96	99	0	96	96	0	0
99	97	95	99	96	0	95	95	100
0	96	0	99	96	95	0	95	100
97	0	0	100	0	95	95	0	0
0	100	100	0	0	100	100	0	0

0	40	13	24	0	4	0	12	0
40	0	24	8	12	35	25	0	44
13	24	0	9	6	33	0	0	1
24	8	9	0	32	40	39	11	0
0	12	6	32	0	12	15	0	0
4	35	33	40	12	0	13	13	35
0	25	0	39	15	13	0	9	9
12	0	0	11	0	13	9	0	0
0	44	1	0	0	35	9	0	0

31	43
18	47
48	36
43	34
44	17
19	16
38	45
32	17
12	28
