0	1	0	0	1	1	0	1	1	1
1	0	1	1	1	1	1	0	0	1
0	1	0	1	0	0	1	1	1	1
0	1	1	0	1	1	0	1	1	1
1	1	0	1	0	1	0	1	0	0
1	1	0	1	1	0	1	0	1	1
0	1	1	0	0	1	0	1	1	0
1	0	1	1	1	0	1	0	1	1
1	0	1	1	0	1	1	1	0	0
1	1	1	1	0	1	0	1	0	0

0	15	0	0	10	9	0	9	11	13
15	0	6	9	12	15	11	0	0	14
0	6	0	10	0	0	13	9	14	11
0	9	10	0	9	8	0	14	8	13
10	12	0	9	0	12	0	6	0	0
9	15	0	8	12	0	9	0	12	12
0	11	13	0	0	9	0	7	9	0
9	0	9	14	6	0	7	0	14	12
11	0	14	8	0	12	9	14	0	0
13	14	11	13	0	12	0	12	0	0

0	2	0	0	2	1	0	5	1	3
2	0	2	4	4	1	5	0	0	1
0	2	0	3	0	0	2	5	2	1
0	4	3	0	2	1	0	2	1	4
2	4	0	2	0	2	0	3	0	0
1	1	0	1	2	0	3	0	3	1
0	5	2	0	0	3	0	1	4	0
5	0	5	2	3	0	1	0	1	2
1	0	2	1	0	3	4	1	0	0
3	1	1	4	0	1	0	2	0	0

0	95	0	0	99	99	0	95	99	100
95	0	100	95	98	96	97	0	0	96
0	100	0	96	0	0	97	96	99	97
0	95	96	0	99	97	0	96	98	97
99	98	0	99	0	98	0	96	0	0
99	96	0	97	98	0	95	0	97	97
0	97	97	0	0	95	0	100	97	0
95	0	96	96	96	0	100	0	97	97
99	0	99	98	0	97	97	97	0	0
100	96	97	97	0	97	0	97	0	0

0	25	0	0	6	28	0	22	26	2
25	0	9	37	12	33	2	0	0	39
0	9	0	45	0	0	17	22	6	20
0	37	45	0	12	12	0	25	15	21
6	12	0	12	0	30	0	9	0	0
28	33	0	12	30	0	21	0	7	33
0	2	17	0	0	21	0	18	45	0
22	0	22	25	9	0	18	0	6	42
26	0	6	15	0	7	45	6	0	0
2	39	20	21	0	33	0	42	0	0

43	48
50	37
44	40
50	33
21	14
46	27
41	35
11	14
38	34
38	39
