0	0	1	0	1	1	0
0	0	1	1	0	1	0
1	1	0	0	0	1	0
0	1	0	0	0	1	1
1	0	0	0	0	1	0
1	1	1	1	1	0	0
0	0	0	1	0	0	0

0	0	10	0	11	9	0
0	0	11	9	0	13	0
10	11	0	0	0	7	0
0	9	0	0	0	13	6
11	0	0	0	0	10	0
9	13	7	13	10	0	0
0	0	0	6	0	0	0

0	0	5	0	1	2	0
0	0	4	3	0	4	0
5	4	0	0	0	4	0
0	3	0	0	0	4	1
1	0	0	0	0	3	0
2	4	4	4	3	0	0
0	0	0	1	0	0	0

0	0	98	0	96	96	0
0	0	95	96	0	96	0
98	95	0	0	0	99	0
0	96	0	0	0	97	97
96	0	0	0	0	99	0
96	96	99	97	99	0	0
0	0	0	97	0	0	0

0	0	17	0	13	26	0
0	0	1	10	0	28	0
17	1	0	0	0	20	0
0	10	0	0	0	36	46
13	0	0	0	0	23	0
26	28	20	36	23	0	0
0	0	0	46	0	0	0

48	41
37	42
17	48
25	16
48	14
38	23
48	44
