0	1	1	1	0	0	1	0	1
1	0	1	1	1	1	1	1	1
1	1	0	1	0	0	1	1	1
1	1	1	0	0	0	1	1	1
0	1	0	0	0	0	1	1	1
0	1	0	0	0	0	1	0	1
1	1	1	1	1	1	0	1	1
0	1	1	1	1	0	1	0	0
1	1	1	1	1	1	1	0	0

0	6	9	15	0	0	11	0	13
6	0	7	15	7	12	13	14	9
9	7	0	8	0	0	15	10	5
15	15	8	0	0	0	5	14	15
0	7	0	0	0	0	13	13	14
0	12	0	0	0	0	14	0	15
11	13	15	5	13	14	0	11	5
0	14	10	14	13	0	11	0	0
13	9	5	15	14	15	5	0	0

0	2	4	1	0	0	4	0	3
2	0	3	2	2	1	1	5	1
4	3	0	1	0	0	1	5	4
1	2	1	0	0	0	2	5	1
0	2	0	0	0	0	2	3	5
0	1	0	0	0	0	1	0	2
4	1	1	2	2	1	0	4	1
0	5	5	5	3	0	4	0	0
3	1	4	1	5	2	1	0	0

0	96	97	97	0	0	98	0	95
96	0	98	98	97	98	99	100	100
97	98	0	96	0	0	97	98	97
97	98	96	0	0	0	97	96	100
0	97	0	0	0	0	100	95	99
0	98	0	0	0	0	95	0	98
98	99	97	97	100	95	0	97	97
0	100	98	96	95	0	97	0	0
95	100	97	100	99	98	97	0	0

0	30	40	24	0	0	14	0	4
30	0	10	15	35	34	0	3	35
40	10	0	46	0	0	11	23	24
24	15	46	0	0	0	23	39	0
0	35	0	0	0	0	38	35	6
0	34	0	0	0	0	6	0	36
14	0	11	23	38	6	0	35	26
0	3	23	39	35	0	35	0	0
4	35	24	0	6	36	26	0	0

48	21
32	21
42	32
44	28
20	16
48	45
15	50
31	27
36	46
