0	1	1	1	0	0	0	1	1
1	0	1	1	1	1	1	1	1
1	1	0	1	1	1	0	1	1
1	1	1	0	0	1	1	0	1
0	1	1	0	0	1	0	1	0
0	1	1	1	1	0	0	0	0
0	1	0	1	0	0	0	0	1
1	1	1	0	1	0	0	0	1
1	1	1	1	0	0	1	1	0

0	12	10	6	0	0	0	13	15
12	0	13	8	12	12	14	14	9
10	13	0	13	13	11	0	11	10
6	8	13	0	0	15	15	0	11
0	12	13	0	0	5	0	12	0
0	12	11	15	5	0	0	0	0
0	14	0	15	0	0	0	0	15
13	14	11	0	12	0	0	0	13
15	9	10	11	0	0	15	13	0

0	2	5	5	0	0	0	4	2
2	0	4	2	5	1	3	3	4
5	4	0	4	3	5	0	5	1
5	2	4	0	0	3	3	0	1
0	5	3	0	0	4	0	1	0
0	1	5	3	4	0	0	0	0
0	3	0	3	0	0	0	0	2
4	3	5	0	1	0	0	0	4
2	4	1	1	0	0	2	4	0

0	100	100	95	0	0	0	97	97
100	0	96	100	99	99	95	98	96
100	96	0	98	99	99	0	98	100
95	100	98	0	0	98	98	0	100
0	99	99	0	0	96	0	96	0
0	99	99	98	96	0	0	0	0
0	95	0	98	0	0	0	0	98
97	98	98	0	96	0	0	0	100
97	96	100	100	0	0	98	100	0

0	3	4	24	0	0	0	34	29
3	0	36	17	21	23	29	41	29
4	36	0	4	19	22	0	32	0
24	17	4	0	0	5	37	0	41
0	21	19	0	0	18	0	41	0
0	23	22	5	18	0	0	0	0
0	29	0	37	0	0	0	0	20
34	41	32	0	41	0	0	0	14
29	29	0	41	0	0	20	14	0

22	28
10	39
27	30
28	14
47	42
38	14
44	36
32	38
40	13
