0	1	1	1	1	1	1
1	0	1	1	1	0	0
1	1	0	1	0	1	1
1	1	1	0	0	1	0
1	1	0	0	0	0	1
1	0	1	1	0	0	1
1	0	1	0	1	1	0

0	6	12	8	12	11	12
6	0	13	10	10	0	0
12	13	0	14	0	8	11
8	10	14	0	0	11	0
12	10	0	0	0	0	5
11	0	8	11	0	0	13
12	0	11	0	5	13	0

0	1	2	2	3	2	2
1	0	2	2	1	0	0
2	2	0	2	0	4	1
2	2	2	0	0	4	0
3	1	0	0	0	0	2
2	0	4	4	0	0	1
2	0	1	0	2	1	0

0	97	95	96	98	98	96
97	0	100	97	98	0	0
95	100	0	98	0	95	96
96	97	98	0	0	96	0
98	98	0	0	0	0	99
98	0	95	96	0	0	95
96	0	96	0	99	95	0

0	27	5	31	10	1	13
27	0	18	10	4	0	0
5	18	0	34	0	2	13
31	10	34	0	0	14	0
10	4	0	0	0	0	44
1	0	2	14	0	0	19
13	0	13	0	44	19	0

32	46
29	20
43	44
21	10
47	31
26	22
20	14
