0	1	0	0	1	1	1	1	0	1
1	0	0	1	0	1	0	1	0	1
0	0	0	0	1	0	1	1	0	0
0	1	0	0	1	1	1	1	0	0
1	0	1	1	0	1	0	1	1	1
1	1	0	1	1	0	1	1	1	1
1	0	1	1	0	1	0	1	0	1
1	1	1	1	1	1	1	0	0	1
0	0	0	0	1	1	0	0	0	1
1	1	0	0	1	1	1	1	1	0

0	8	0	0	12	9	5	9	0	8
8	0	0	14	0	14	0	5	0	9
0	0	0	0	14	0	14	7	0	0
0	14	0	0	12	8	7	11	0	0
12	0	14	12	0	12	0	11	15	6
9	14	0	8	12	0	7	5	5	10
5	0	14	7	0	7	0	15	0	5
9	5	7	11	11	5	15	0	0	9
0	0	0	0	15	5	0	0	0	5
8	9	0	0	6	10	5	9	5	0

0	5	0	0	1	4	2	2	0	2
5	0	0	5	0	4	0	1	0	4
0	0	0	0	3	0	1	2	0	0
0	5	0	0	2	1	5	2	0	0
1	0	3	2	0	2	0	3	2	3
4	4	0	1	2	0	4	2	3	3
2	0	1	5	0	4	0	1	0	5
2	1	2	2	3	2	1	0	0	5
0	0	0	0	2	3	0	0	0	2
2	4	0	0	3	3	5	5	2	0

0	96	0	0	96	100	96	95	0	95
96	0	0	96	0	96	0	100	0	95
0	0	0	0	97	0	100	96	0	0
0	96	0	0	96	95	99	99	0	0
96	0	97	96	0	99	0	95	99	99
100	96	0	95	99	0	98	100	95	98
96	0	100	99	0	98	0	99	0	95
95	100	96	99	95	100	99	0	0	95
0	0	0	0	99	95	0	0	0	95
95	95	0	0	99	98	95	95	95	0

0	42	0	0	40	1	8	40	0	44
42	0	0	30	0	16	0	16	0	16
0	0	0	0	14	0	17	16	0	0
0	30	0	0	9	30	47	37	0	0
40	0	14	9	0	28	0	36	14	5
1	16	0	30	28	0	42	25	38	9
8	0	17	47	0	42	0	40	0	7
40	16	16	37	36	25	40	0	0	2
0	0	0	0	14	38	0	0	0	22
44	16	0	0	5	9	7	2	22	0

42	41
16	50
22	30
41	12
21	27
31	14
40	27
10	34
48	42
11	22
