0	1	1	1	1	1	0	1
1	0	0	0	1	1	1	1
1	0	0	0	0	1	1	1
1	0	0	0	1	1	1	1
1	1	0	1	0	1	0	0
1	1	1	1	1	0	1	1
0	1	1	1	0	1	0	1
1	1	1	1	0	1	1	0

0	9	7	5	10	14	0	9
9	0	0	0	12	11	10	14
7	0	0	0	0	11	13	7
5	0	0	0	14	7	8	8
10	12	0	14	0	7	0	0
14	11	11	7	7	0	13	7
0	10	13	8	0	13	0	5
9	14	7	8	0	7	5	0

0	5	2	2	5	4	0	4
5	0	0	0	1	1	3	4
2	0	0	0	0	3	2	5
2	0	0	0	3	5	1	4
5	1	0	3	0	2	0	0
4	1	3	5	2	0	3	4
0	3	2	1	0	3	0	1
4	4	5	4	0	4	1	0

0	95	100	96	95	97	0	100
95	0	0	0	100	96	100	98
100	0	0	0	0	95	95	96
96	0	0	0	98	97	100	99
95	100	0	98	0	96	0	0
97	96	95	97	96	0	99	99
0	100	95	100	0	99	0	96
100	98	96	99	0	99	96	0

0	26	17	14	31	9	0	13
26	0	0	0	11	40	37	24
17	0	0	0	0	42	42	0
14	0	0	0	39	34	38	0
31	11	0	39	0	34	0	0
9	40	42	34	34	0	18	13
0	37	42	38	0	18	0	12
13	24	0	0	0	13	12	0

16	14
11	39
46	45
42	32
33	25
10	29
25	10
48	19
