0	1	1	1	0	0	1	1
1	0	1	1	0	1	1	0
1	1	0	1	1	1	1	0
1	1	1	0	1	1	1	1
0	0	1	1	0	1	1	1
0	1	1	1	1	0	1	1
1	1	1	1	1	1	0	0
1	0	0	1	1	1	0	0

0	13	10	8	0	0	7	13
13	0	9	11	0	12	7	0
10	9	0	9	14	15	10	0
8	11	9	0	12	8	6	13
0	0	14	12	0	14	9	15
0	12	15	8	14	0	12	13
7	7	10	6	9	12	0	0
13	0	0	13	15	13	0	0

0	3	4	5	0	0	3	2
3	0	1	5	0	2	1	0
4	1	0	3	3	4	3	0
5	5	3	0	2	3	1	4
0	0	3	2	0	1	2	5
0	2	4	3	1	0	5	5
3	1	3	1	2	5	0	0
2	0	0	4	5	5	0	0

0	100	99	100	0	0	100	99
100	0	95	99	0	99	96	0
99	95	0	98	98	96	97	0
100	99	98	0	99	97	98	96
0	0	98	99	0	96	97	95
0	99	96	97	96	0	98	97
100	96	97	98	97	98	0	0
99	0	0	96	95	97	0	0

0	40	8	22	0	0	30	3
40	0	40	23	0	12	21	0
8	40	0	2	8	1	8	0
22	23	2	0	42	18	37	38
0	0	8	42	0	17	15	9
0	12	1	18	17	0	20	11
30	21	8	37	15	20	0	0
3	0	0	38	9	11	0	0

23	26
34	13
30	27
32	24
48	34
30	46
46	42
19	13
