0	0	1	1	1	1	1	1	1	1
0	0	1	1	0	1	1	0	1	1
1	1	0	1	1	1	1	1	1	0
1	1	1	0	0	0	1	1	1	1
1	0	1	0	0	1	1	0	0	1
1	1	1	0	1	0	1	1	1	1
1	1	1	1	1	1	0	1	0	1
1	0	1	1	0	1	1	0	1	1
1	1	1	1	0	1	0	1	0	1
1	1	0	1	1	1	1	1	1	0

0	0	11	10	12	14	6	12	5	8
0	0	8	13	0	12	11	0	8	13
11	8	0	9	14	10	10	12	15	0
10	13	9	0	0	0	15	11	15	7
12	0	14	0	0	10	9	0	0	15
14	12	10	0	10	0	15	10	15	15
6	11	10	15	9	15	0	12	0	12
12	0	12	11	0	10	12	0	15	10
5	8	15	15	0	15	0	15	0	7
8	13	0	7	15	15	12	10	7	0

0	0	5	2	4	1	1	1	5	4
0	0	2	2	0	5	3	0	2	1
5	2	0	1	4	1	3	5	4	0
2	2	1	0	0	0	5	3	4	5
4	0	4	0	0	4	4	0	0	1
1	5	1	0	4	0	1	1	4	5
1	3	3	5	4	1	0	3	0	5
1	0	5	3	0	1	3	0	2	2
5	2	4	4	0	4	0	2	0	2
4	1	0	5	1	5	5	2	2	0

0	0	99	98	97	100	98	95	95	95
0	0	98	96	0	99	96	0	99	97
99	98	0	98	95	96	95	97	96	0
98	96	98	0	0	0	96	97	100	99
97	0	95	0	0	98	97	0	0	96
100	99	96	0	98	0	96	98	96	97
98	96	95	96	97	96	0	100	0	96
95	0	97	97	0	98	100	0	96	96
95	99	96	100	0	96	0	96	0	98
95	97	0	99	96	97	96	96	98	0

0	0	17	25	40	22	33	43	23	13
0	0	44	3	0	5	40	0	33	39
17	44	0	33	14	8	44	24	6	0
25	3	33	0	0	0	22	31	1	48
40	0	14	0	0	14	21	0	0	5
22	5	8	0	14	0	18	3	22	33
33	40	44	22	21	18	0	4	0	28
43	0	24	31	0	3	4	0	12	24
23	33	6	1	0	22	0	12	0	29
13	39	0	48	5	33	28	24	29	0

49	49
11	22
23	37
48	46
15	16
49	41
50	30
14	34
49	36
44	22
