0	1	0	1	0	0	1	1
1	0	1	1	0	0	1	1
0	1	0	1	1	1	0	0
1	1	1	0	1	0	1	1
0	0	1	1	0	1	0	1
0	0	1	0	1	0	1	1
1	1	0	1	0	1	0	1
1	1	0	1	1	1	1	0

0	5	0	8	0	0	13	15
5	0	7	5	0	0	14	8
0	7	0	5	15	12	0	0
8	5	5	0	9	0	10	7
0	0	15	9	0	15	0	12
0	0	12	0	15	0	7	6
13	14	0	10	0	7	0	14
15	8	0	7	12	6	14	0

0	5	0	1	0	0	3	2
5	0	2	5	0	0	4	2
0	2	0	4	5	5	0	0
1	5	4	0	5	0	4	3
0	0	5	5	0	4	0	1
0	0	5	0	4	0	1	4
3	4	0	4	0	1	0	2
2	2	0	3	1	4	2	0

0	95	0	100	0	0	100	98
95	0	98	95	0	0	95	97
0	98	0	97	96	100	0	0
100	95	97	0	97	0	100	98
0	0	96	97	0	95	0	96
0	0	100	0	95	0	98	100
100	95	0	100	0	98	0	95
98	97	0	98	96	100	95	0

0	36	0	46	0	0	23	30
36	0	30	34	0	0	6	26
0	30	0	48	25	41	0	0
46	34	48	0	26	0	24	33
0	0	25	26	0	37	0	40
0	0	41	0	37	0	29	10
23	6	0	24	0	29	0	27
30	26	0	33	40	10	27	0

50	28
39	13
35	40
44	10
27	30
23	13
49	49
20	23
