0	1	1	1	1	0	0	1	1	1
1	0	0	1	1	1	1	1	1	1
1	0	0	0	1	1	1	1	1	0
1	1	0	0	1	0	0	1	0	0
1	1	1	1	0	1	0	0	1	0
0	1	1	0	1	0	0	0	0	1
0	1	1	0	0	0	0	1	1	1
1	1	1	1	0	0	1	0	1	1
1	1	1	0	1	0	1	1	0	1
1	1	0	0	0	1	1	1	1	0

0	9	5	11	15	0	0	14	9	9
9	0	0	15	8	11	13	11	12	15
5	0	0	0	6	11	15	5	8	0
11	15	0	0	11	0	0	8	0	0
15	8	6	11	0	6	0	0	5	0
0	11	11	0	6	0	0	0	0	7
0	13	15	0	0	0	0	11	15	14
14	11	5	8	0	0	11	0	11	13
9	12	8	0	5	0	15	11	0	9
9	15	0	0	0	7	14	13	9	0

0	4	2	3	1	0	0	5	1	3
4	0	0	2	3	3	2	3	3	5
2	0	0	0	3	5	5	3	2	0
3	2	0	0	3	0	0	1	0	0
1	3	3	3	0	4	0	0	4	0
0	3	5	0	4	0	0	0	0	2
0	2	5	0	0	0	0	4	2	5
5	3	3	1	0	0	4	0	4	5
1	3	2	0	4	0	2	4	0	2
3	5	0	0	0	2	5	5	2	0

0	98	100	97	96	0	0	95	96	98
98	0	0	99	100	98	96	95	100	99
100	0	0	0	100	99	95	99	96	0
97	99	0	0	100	0	0	95	0	0
96	100	100	100	0	96	0	0	98	0
0	98	99	0	96	0	0	0	0	97
0	96	95	0	0	0	0	96	96	98
95	95	99	95	0	0	96	0	98	97
96	100	96	0	98	0	96	98	0	97
98	99	0	0	0	97	98	97	97	0

0	44	49	8	11	0	0	26	40	16
44	0	0	33	8	44	11	10	29	30
49	0	0	0	36	38	16	19	43	0
8	33	0	0	20	0	0	41	0	0
11	8	36	20	0	2	0	0	24	0
0	44	38	0	2	0	0	0	0	4
0	11	16	0	0	0	0	25	5	0
26	10	19	41	0	0	25	0	36	8
40	29	43	0	24	0	5	36	0	45
16	30	0	0	0	4	0	8	45	0

42	46
20	42
28	37
37	36
20	11
21	39
27	16
48	30
44	29
49	47
