0	1	1	1	1	1	0	1
1	0	1	1	1	0	1	1
1	1	0	0	0	1	1	1
1	1	0	0	0	1	1	1
1	1	0	0	0	1	1	0
1	0	1	1	1	0	1	1
0	1	1	1	1	1	0	0
1	1	1	1	0	1	0	0

0	11	14	6	9	8	0	10
11	0	14	13	5	0	10	7
14	14	0	0	0	12	13	8
6	13	0	0	0	8	14	12
9	5	0	0	0	6	15	0
8	0	12	8	6	0	5	5
0	10	13	14	15	5	0	0
10	7	8	12	0	5	0	0

0	4	4	3	1	2	0	4
4	0	2	5	3	0	3	2
4	2	0	0	0	3	2	4
3	5	0	0	0	1	4	5
1	3	0	0	0	2	3	0
2	0	3	1	2	0	4	1
0	3	2	4	3	4	0	0
4	2	4	5	0	1	0	0

0	99	95	95	98	96	0	97
99	0	95	95	99	0	97	99
95	95	0	0	0	99	96	98
95	95	0	0	0	96	98	100
98	99	0	0	0	99	96	0
96	0	99	96	99	0	99	96
0	97	96	98	96	99	0	0
97	99	98	100	0	96	0	0

0	36	3	35	2	35	0	37
36	0	5	32	31	0	38	12
3	5	0	0	0	17	14	38
35	32	0	0	0	38	5	42
2	31	0	0	0	17	30	0
35	0	17	38	17	0	21	20
0	38	14	5	30	21	0	0
37	12	38	42	0	20	0	0

28	20
49	30
36	19
21	32
39	13
32	49
37	46
45	25
