0	1	1	1	1	0	0
1	0	1	1	1	1	1
1	1	0	1	0	1	1
1	1	1	0	1	0	1
1	1	0	1	0	1	1
0	1	1	0	1	0	1
0	1	1	1	1	1	0

0	7	5	6	6	0	0
7	0	7	6	12	14	6
5	7	0	15	0	7	13
6	6	15	0	6	0	5
6	12	0	6	0	13	12
0	14	7	0	13	0	9
0	6	13	5	12	9	0

0	3	3	3	2	0	0
3	0	2	5	2	1	1
3	2	0	2	0	3	5
3	5	2	0	2	0	4
2	2	0	2	0	1	5
0	1	3	0	1	0	5
0	1	5	4	5	5	0

0	100	100	99	99	0	0
100	0	99	99	100	98	98
100	99	0	96	0	99	95
99	99	96	0	100	0	97
99	100	0	100	0	100	96
0	98	99	0	100	0	98
0	98	95	97	96	98	0

0	3	27	7	30	0	0
3	0	1	37	9	7	14
27	1	0	27	0	2	24
7	37	27	0	22	0	13
30	9	0	22	0	41	23
0	7	2	0	41	0	22
0	14	24	13	23	22	0

13	25
11	38
35	32
32	11
32	20
42	47
24	24
