0	0	0	1	1	1	1
0	0	1	1	1	1	1
0	1	0	1	1	1	1
1	1	1	0	1	1	1
1	1	1	1	0	0	1
1	1	1	1	0	0	1
1	1	1	1	1	1	0

0	0	0	12	13	7	5
0	0	6	10	11	9	12
0	6	0	5	10	15	9
12	10	5	0	8	14	14
13	11	10	8	0	0	15
7	9	15	14	0	0	11
5	12	9	14	15	11	0

0	0	0	4	1	1	3
0	0	5	3	5	2	2
0	5	0	3	5	4	2
4	3	3	0	3	1	5
1	5	5	3	0	0	3
1	2	4	1	0	0	2
3	2	2	5	3	2	0

0	0	0	99	99	96	98
0	0	97	98	95	99	96
0	97	0	98	96	98	95
99	98	98	0	96	97	95
99	95	96	96	0	0	95
96	99	98	97	0	0	95
98	96	95	95	95	95	0

0	0	0	30	25	17	21
0	0	9	3	30	42	11
0	9	0	0	28	18	32
30	3	0	0	38	36	29
25	30	28	38	0	0	17
17	42	18	36	0	0	28
21	11	32	29	17	28	0

41	31
37	24
41	31
50	43
29	33
38	25
23	17
