0	0	1	1	1	0	1
0	0	1	0	1	1	0
1	1	0	0	1	0	1
1	0	0	0	1	1	1
1	1	1	1	0	1	1
0	1	0	1	1	0	0
1	0	1	1	1	0	0

0	0	7	9	7	0	14
0	0	8	0	9	15	0
7	8	0	0	11	0	5
9	0	0	0	6	14	9
7	9	11	6	0	6	12
0	15	0	14	6	0	0
14	0	5	9	12	0	0

0	0	1	1	5	0	4
0	0	1	0	5	5	0
1	1	0	0	3	0	3
1	0	0	0	3	5	4
5	5	3	3	0	3	2
0	5	0	5	3	0	0
4	0	3	4	2	0	0

0	0	98	96	100	0	100
0	0	99	0	97	96	0
98	99	0	0	99	0	96
96	0	0	0	95	99	97
100	97	99	95	0	100	100
0	96	0	99	100	0	0
100	0	96	97	100	0	0

0	0	48	39	21	0	13
0	0	11	0	27	23	0
48	11	0	0	2	0	41
39	0	0	0	23	1	26
21	27	2	23	0	49	16
0	23	0	1	49	0	0
13	0	41	26	16	0	0

32	45
28	31
37	47
46	35
17	19
41	19
27	42
