0	0	1	1	1	0	1	1	0	1
0	0	1	1	1	0	0	0	1	1
1	1	0	1	0	1	1	0	0	1
1	1	1	0	1	1	1	1	1	1
1	1	0	1	0	1	1	1	0	1
0	0	1	1	1	0	1	0	1	1
1	0	1	1	1	1	0	1	1	1
1	0	0	1	1	0	1	0	0	1
0	1	0	1	0	1	1	0	0	1
1	1	1	1	1	1	1	1	1	0

0	0	9	6	8	0	6	15	0	6
0	0	7	5	11	0	0	0	13	5
9	7	0	7	0	11	11	0	0	13
6	5	7	0	12	12	12	15	8	9
8	11	0	12	0	15	11	10	0	9
0	0	11	12	15	0	15	0	9	9
6	0	11	12	11	15	0	14	10	13
15	0	0	15	10	0	14	0	0	7
0	13	0	8	0	9	10	0	0	6
6	5	13	9	9	9	13	7	6	0

0	0	3	2	2	0	4	4	0	4
0	0	4	4	5	0	0	0	5	2
3	4	0	4	0	3	3	0	0	1
2	4	4	0	4	5	1	5	4	5
2	5	0	4	0	1	5	4	0	4
0	0	3	5	1	0	5	0	3	4
4	0	3	1	5	5	0	1	4	4
4	0	0	5	4	0	1	0	0	5
0	5	0	4	0	3	4	0	0	4
4	2	1	5	4	4	4	5	4	0

0	0	100	99	98	0	100	98	0	100
0	0	96	96	98	0	0	0	97	95
100	96	0	97	0	96	97	0	0	96
99	96	97	0	95	96	96	95	95	100
98	98	0	95	0	97	98	97	0	99
0	0	96	96	97	0	95	0	98	100
100	0	97	96	98	95	0	97	96	100
98	0	0	95	97	0	97	0	0	98
0	97	0	95	0	98	96	0	0	96
100	95	96	100	99	100	100	98	96	0

0	0	19	36	0	0	25	1	0	25
0	0	30	24	4	0	0	0	26	32
19	30	0	3	0	28	7	0	0	6
36	24	3	0	5	37	34	18	13	43
0	4	0	5	0	20	31	20	0	15
0	0	28	37	20	0	27	0	34	37
25	0	7	34	31	27	0	8	22	22
1	0	0	18	20	0	8	0	0	5
0	26	0	13	0	34	22	0	0	18
25	32	6	43	15	37	22	5	18	0

35	22
31	15
28	16
18	24
44	34
23	14
14	38
23	40
37	30
18	20
