0	1	1	1	1	0	1
1	0	1	1	0	0	1
1	1	0	1	1	1	1
1	1	1	0	1	1	0
1	0	1	1	0	1	1
0	0	1	1	1	0	1
1	1	1	0	1	1	0

0	9	10	10	10	0	6
9	0	5	5	0	0	5
10	5	0	11	6	10	7
10	5	11	0	9	8	0
10	0	6	9	0	5	11
0	0	10	8	5	0	8
6	5	7	0	11	8	0

0	2	3	4	4	0	1
2	0	2	1	0	0	2
3	2	0	5	2	3	3
4	1	5	0	5	5	0
4	0	2	5	0	4	5
0	0	3	5	4	0	4
1	2	3	0	5	4	0

0	99	100	99	100	0	95
99	0	98	99	0	0	98
100	98	0	100	99	100	98
99	99	100	0	99	100	0
100	0	99	99	0	96	97
0	0	100	100	96	0	96
95	98	98	0	97	96	0

0	14	29	0	14	0	18
14	0	10	21	0	0	12
29	10	0	44	30	42	24
0	21	44	0	12	25	0
14	0	30	12	0	0	23
0	0	42	25	0	0	10
18	12	24	0	23	10	0

20	46
18	38
17	39
30	34
34	21
34	26
26	43
