0	0	0	1	1	1	1	0	1
0	0	0	0	1	1	1	0	0
0	0	0	1	0	0	0	1	1
1	0	1	0	1	1	1	1	1
1	1	0	1	0	1	1	1	1
1	1	0	1	1	0	0	1	1
1	1	0	1	1	0	0	1	1
0	0	1	1	1	1	1	0	1
1	0	1	1	1	1	1	1	0

0	0	0	14	14	8	14	0	10
0	0	0	0	6	10	11	0	0
0	0	0	6	0	0	0	10	5
14	0	6	0	7	13	9	5	10
14	6	0	7	0	12	7	11	7
8	10	0	13	12	0	0	14	12
14	11	0	9	7	0	0	13	7
0	0	10	5	11	14	13	0	10
10	0	5	10	7	12	7	10	0

0	0	0	3	1	4	3	0	4
0	0	0	0	3	4	1	0	0
0	0	0	3	0	0	0	2	2
3	0	3	0	5	5	5	5	3
1	3	0	5	0	1	2	1	3
4	4	0	5	1	0	0	5	1
3	1	0	5	2	0	0	3	5
0	0	2	5	1	5	3	0	1
4	0	2	3	3	1	5	1	0

0	0	0	95	95	97	98	0	97
0	0	0	0	99	99	97	0	0
0	0	0	95	0	0	0	95	98
95	0	95	0	98	100	98	97	100
95	99	0	98	0	95	99	96	100
97	99	0	100	95	0	0	98	96
98	97	0	98	99	0	0	96	100
0	0	95	97	96	98	96	0	99
97	0	98	100	100	96	100	99	0

0	0	0	3	30	44	16	0	22
0	0	0	0	36	27	18	0	0
0	0	0	31	0	0	0	10	25
3	0	31	0	48	28	16	21	36
30	36	0	48	0	26	18	29	2
44	27	0	28	26	0	0	29	17
16	18	0	16	18	0	0	32	35
0	0	10	21	29	29	32	0	36
22	0	25	36	2	17	35	36	0

50	35
13	32
33	43
12	22
27	33
35	15
14	40
13	22
10	35
