0	1	1	0	1	0	1	0	0	1
1	0	1	1	1	1	0	1	0	1
1	1	0	1	1	1	1	1	1	0
0	1	1	0	0	0	1	1	1	0
1	1	1	0	0	1	1	1	0	1
0	1	1	0	1	0	0	1	1	1
1	0	1	1	1	0	0	1	1	0
0	1	1	1	1	1	1	0	1	1
0	0	1	1	0	1	1	1	0	0
1	1	0	0	1	1	0	1	0	0

0	13	7	0	11	0	11	0	0	8
13	0	8	13	6	8	0	11	0	8
7	8	0	11	12	11	5	13	11	0
0	13	11	0	0	0	11	6	5	0
11	6	12	0	0	11	5	8	0	11
0	8	11	0	11	0	0	12	8	10
11	0	5	11	5	0	0	10	6	0
0	11	13	6	8	12	10	0	15	15
0	0	11	5	0	8	6	15	0	0
8	8	0	0	11	10	0	15	0	0

0	5	1	0	5	0	5	0	0	2
5	0	1	3	2	2	0	5	0	4
1	1	0	4	5	4	5	5	4	0
0	3	4	0	0	0	3	1	1	0
5	2	5	0	0	5	4	2	0	2
0	2	4	0	5	0	0	1	5	2
5	0	5	3	4	0	0	3	1	0
0	5	5	1	2	1	3	0	1	3
0	0	4	1	0	5	1	1	0	0
2	4	0	0	2	2	0	3	0	0

0	96	99	0	96	0	95	0	0	99
96	0	95	97	97	99	0	100	0	96
99	95	0	99	99	96	98	97	99	0
0	97	99	0	0	0	99	95	97	0
96	97	99	0	0	96	96	96	0	96
0	99	96	0	96	0	0	96	95	99
95	0	98	99	96	0	0	100	98	0
0	100	97	95	96	96	100	0	99	97
0	0	99	97	0	95	98	99	0	0
99	96	0	0	96	99	0	97	0	0

0	14	12	0	12	0	43	0	0	2
14	0	24	31	28	5	0	27	0	6
12	24	0	42	29	16	26	14	17	0
0	31	42	0	0	0	35	36	12	0
12	28	29	0	0	39	46	24	0	25
0	5	16	0	39	0	0	33	29	7
43	0	26	35	46	0	0	1	2	0
0	27	14	36	24	33	1	0	10	29
0	0	17	12	0	29	2	10	0	0
2	6	0	0	25	7	0	29	0	0

15	10
34	39
42	34
48	14
23	12
10	45
10	31
15	25
48	11
28	45
