0	1	0	1	0	0	1	0	1	1
1	0	0	1	0	0	1	1	1	1
0	0	0	0	1	1	1	1	1	1
1	1	0	0	0	1	1	1	1	1
0	0	1	0	0	1	1	1	1	1
0	0	1	1	1	0	1	0	1	0
1	1	1	1	1	1	0	1	1	0
0	1	1	1	1	0	1	0	1	0
1	1	1	1	1	1	1	1	0	0
1	1	1	1	1	0	0	0	0	0

0	14	0	9	0	0	10	0	10	13
14	0	0	10	0	0	11	12	13	13
0	0	0	0	7	14	11	15	9	8
9	10	0	0	0	8	15	14	15	7
0	0	7	0	0	6	12	5	12	11
0	0	14	8	6	0	5	0	13	0
10	11	11	15	12	5	0	11	5	0
0	12	15	14	5	0	11	0	10	0
10	13	9	15	12	13	5	10	0	0
13	13	8	7	11	0	0	0	0	0

0	3	0	3	0	0	1	0	1	1
3	0	0	1	0	0	2	5	1	4
0	0	0	0	4	5	5	1	4	1
3	1	0	0	0	1	5	4	2	5
0	0	4	0	0	1	3	5	3	1
0	0	5	1	1	0	3	0	3	0
1	2	5	5	3	3	0	1	3	0
0	5	1	4	5	0	1	0	3	0
1	1	4	2	3	3	3	3	0	0
1	4	1	5	1	0	0	0	0	0

0	97	0	100	0	0	99	0	97	96
97	0	0	96	0	0	99	99	95	99
0	0	0	0	95	97	100	95	96	98
100	96	0	0	0	96	95	96	99	95
0	0	95	0	0	98	100	100	97	95
0	0	97	96	98	0	97	0	100	0
99	99	100	95	100	97	0	99	98	0
0	99	95	96	100	0	99	0	99	0
97	95	96	99	97	100	98	99	0	0
96	99	98	95	95	0	0	0	0	0

0	22	0	35	0	0	37	0	25	40
22	0	0	8	0	0	23	43	3	40
0	0	0	0	27	10	35	25	31	11
35	8	0	0	0	13	39	10	13	4
0	0	27	0	0	9	32	34	10	19
0	0	10	13	9	0	4	0	2	0
37	23	35	39	32	4	0	2	43	0
0	43	25	10	34	0	2	0	6	0
25	3	31	13	10	2	43	6	0	0
40	40	11	4	19	0	0	0	0	0

36	34
39	37
50	35
25	18
44	47
34	23
41	19
30	34
38	34
32	26
