0	1	0	1	1	1	1	1	0	1
1	0	0	1	1	1	1	0	0	1
0	0	0	1	1	0	0	0	0	0
1	1	1	0	1	1	1	1	1	0
1	1	1	1	0	1	0	1	1	1
1	1	0	1	1	0	1	1	1	1
1	1	0	1	0	1	0	0	1	1
1	0	0	1	1	1	0	0	1	1
0	0	0	1	1	1	1	1	0	1
1	1	0	0	1	1	1	1	1	0

0	6	0	12	13	6	7	9	0	12
6	0	0	6	14	11	12	0	0	5
0	0	0	6	9	0	0	0	0	0
12	6	6	0	15	8	8	9	10	0
13	14	9	15	0	13	0	13	7	15
6	11	0	8	13	0	5	9	6	11
7	12	0	8	0	5	0	0	5	5
9	0	0	9	13	9	0	0	7	7
0	0	0	10	7	6	5	7	0	5
12	5	0	0	15	11	5	7	5	0

0	5	0	5	5	5	3	4	0	3
5	0	0	1	3	3	1	0	0	2
0	0	0	2	5	0	0	0	0	0
5	1	2	0	2	5	2	5	1	0
5	3	5	2	0	1	0	1	1	2
5	3	0	5	1	0	2	2	3	5
3	1	0	2	0	2	0	0	1	1
4	0	0	5	1	2	0	0	1	3
0	0	0	1	1	3	1	1	0	1
3	2	0	0	2	5	1	3	1	0

0	99	0	97	99	98	96	95	0	97
99	0	0	100	97	97	97	0	0	96
0	0	0	96	95	0	0	0	0	0
97	100	96	0	96	98	96	100	100	0
99	97	95	96	0	97	0	98	95	95
98	97	0	98	97	0	95	95	96	97
96	97	0	96	0	95	0	0	99	98
95	0	0	100	98	95	0	0	99	98
0	0	0	100	95	96	99	99	0	98
97	96	0	0	95	97	98	98	98	0

0	24	0	3	29	27	21	37	0	4
24	0	0	36	14	19	20	0	0	38
0	0	0	43	11	0	0	0	0	0
3	36	43	0	1	32	29	44	31	0
29	14	11	1	0	32	0	34	33	11
27	19	0	32	32	0	36	4	37	23
21	20	0	29	0	36	0	0	31	23
37	0	0	44	34	4	0	0	1	0
0	0	0	31	33	37	31	1	0	11
4	38	0	0	11	23	23	0	11	0

44	45
19	20
38	10
11	34
31	48
41	45
44	45
45	14
13	21
16	45
