0	1	1	1	0	1	0	1	0
1	0	1	1	1	1	1	0	1
1	1	0	1	1	1	0	0	1
1	1	1	0	1	1	1	1	0
0	1	1	1	0	1	1	0	0
1	1	1	1	1	0	1	1	1
0	1	0	1	1	1	0	1	1
1	0	0	1	0	1	1	0	0
0	1	1	0	0	1	1	0	0

0	12	11	5	0	13	0	5	0
12	0	7	10	10	6	11	0	14
11	7	0	13	8	9	0	0	14
5	10	13	0	8	8	6	5	0
0	10	8	8	0	6	10	0	0
13	6	9	8	6	0	15	10	8
0	11	0	6	10	15	0	8	12
5	0	0	5	0	10	8	0	0
0	14	14	0	0	8	12	0	0

0	2	4	3	0	1	0	5	0
2	0	2	4	1	5	3	0	3
4	2	0	3	4	1	0	0	1
3	4	3	0	3	2	4	3	0
0	1	4	3	0	4	1	0	0
1	5	1	2	4	0	4	5	2
0	3	0	4	1	4	0	3	4
5	0	0	3	0	5	3	0	0
0	3	1	0	0	2	4	0	0

0	95	98	99	0	97	0	98	0
95	0	98	97	95	97	99	0	95
98	98	0	98	98	96	0	0	99
99	97	98	0	96	98	99	97	0
0	95	98	96	0	100	97	0	0
97	97	96	98	100	0	98	100	95
0	99	0	99	97	98	0	96	100
98	0	0	97	0	100	96	0	0
0	95	99	0	0	95	100	0	0

0	27	12	27	0	42	0	38	0
27	0	1	16	19	20	27	0	13
12	1	0	21	21	30	0	0	4
27	16	21	0	16	28	49	5	0
0	19	21	16	0	20	32	0	0
42	20	30	28	20	0	20	7	45
0	27	0	49	32	20	0	39	5
38	0	0	5	0	7	39	0	0
0	13	4	0	0	45	5	0	0

31	42
47	41
32	33
15	15
46	26
39	14
12	27
23	38
50	32
