0	1	1	1	0	1	0	1	0
1	0	1	0	0	1	1	1	0
1	1	0	1	0	1	1	1	1
1	0	1	0	0	1	1	1	1
0	0	0	0	0	1	1	1	1
1	1	1	1	1	0	0	1	1
0	1	1	1	1	0	0	0	0
1	1	1	1	1	1	0	0	0
0	0	1	1	1	1	0	0	0

0	10	11	15	0	6	0	14	0
10	0	10	0	0	8	9	11	0
11	10	0	14	0	7	12	12	7
15	0	14	0	0	12	11	13	9
0	0	0	0	0	11	13	12	9
6	8	7	12	11	0	0	6	7
0	9	12	11	13	0	0	0	0
14	11	12	13	12	6	0	0	0
0	0	7	9	9	7	0	0	0

0	3	5	1	0	5	0	1	0
3	0	5	0	0	4	3	4	0
5	5	0	5	0	1	1	4	3
1	0	5	0	0	2	1	2	1
0	0	0	0	0	3	2	3	1
5	4	1	2	3	0	0	4	5
0	3	1	1	2	0	0	0	0
1	4	4	2	3	4	0	0	0
0	0	3	1	1	5	0	0	0

0	100	99	98	0	98	0	95	0
100	0	97	0	0	97	96	97	0
99	97	0	100	0	100	98	99	100
98	0	100	0	0	96	100	95	100
0	0	0	0	0	95	96	95	100
98	97	100	96	95	0	0	95	95
0	96	98	100	96	0	0	0	0
95	97	99	95	95	95	0	0	0
0	0	100	100	100	95	0	0	0

0	11	4	8	0	33	0	28	0
11	0	30	0	0	20	9	15	0
4	30	0	12	0	15	39	9	23
8	0	12	0	0	8	23	36	16
0	0	0	0	0	32	27	18	31
33	20	15	8	32	0	0	18	23
0	9	39	23	27	0	0	0	0
28	15	9	36	18	18	0	0	0
0	0	23	16	31	23	0	0	0

26	39
38	31
10	38
11	18
25	24
33	27
21	39
20	21
31	44
