0	1	1	1	0	1	1	1	1	1
1	0	0	0	1	1	1	1	1	1
1	0	0	1	1	1	0	0	0	0
1	0	1	0	1	1	0	1	1	0
0	1	1	1	0	1	1	1	1	0
1	1	1	1	1	0	0	1	0	1
1	1	0	0	1	0	0	0	1	0
1	1	0	1	1	1	0	0	1	1
1	1	0	1	1	0	1	1	0	1
1	1	0	0	0	1	0	1	1	0

0	10	14	15	0	7	12	13	11	7
10	0	0	0	15	11	15	5	11	12
14	0	0	10	13	8	0	0	0	0
15	0	10	0	11	13	0	5	6	0
0	15	13	11	0	13	7	15	13	0
7	11	8	13	13	0	0	10	0	10
12	15	0	0	7	0	0	0	13	0
13	5	0	5	15	10	0	0	5	11
11	11	0	6	13	0	13	5	0	11
7	12	0	0	0	10	0	11	11	0

0	2	5	3	0	5	1	2	3	4
2	0	0	0	5	4	4	5	4	3
5	0	0	4	1	2	0	0	0	0
3	0	4	0	3	2	0	2	4	0
0	5	1	3	0	2	5	3	1	0
5	4	2	2	2	0	0	1	0	3
1	4	0	0	5	0	0	0	5	0
2	5	0	2	3	1	0	0	1	5
3	4	0	4	1	0	5	1	0	5
4	3	0	0	0	3	0	5	5	0

0	97	99	99	0	97	99	100	98	98
97	0	0	0	97	97	95	96	98	96
99	0	0	97	99	95	0	0	0	0
99	0	97	0	100	97	0	95	100	0
0	97	99	100	0	97	98	98	96	0
97	97	95	97	97	0	0	95	0	100
99	95	0	0	98	0	0	0	100	0
100	96	0	95	98	95	0	0	95	96
98	98	0	100	96	0	100	95	0	96
98	96	0	0	0	100	0	96	96	0

0	0	36	29	0	7	1	14	14	42
0	0	0	0	10	21	37	23	31	42
36	0	0	37	11	45	0	0	0	0
29	0	37	0	14	28	0	12	17	0
0	10	11	14	0	32	37	5	9	0
7	21	45	28	32	0	0	3	0	8
1	37	0	0	37	0	0	0	40	0
14	23	0	12	5	3	0	0	27	31
14	31	0	17	9	0	40	27	0	10
42	42	0	0	0	8	0	31	10	0

29	16
23	24
32	43
20	47
16	39
31	10
29	24
26	43
24	34
29	18
