0	1	1	1	0	1	1	1	1	1
1	0	0	1	1	1	1	1	1	0
1	0	0	1	0	1	0	1	1	1
1	1	1	0	1	1	1	0	1	0
0	1	0	1	0	0	1	0	1	0
1	1	1	1	0	0	1	1	1	1
1	1	0	1	1	1	0	1	0	0
1	1	1	0	0	1	1	0	1	0
1	1	1	1	1	1	0	1	0	1
1	0	1	0	0	1	0	0	1	0

0	12	13	10	0	12	12	6	5	7
12	0	0	12	15	12	13	8	15	0
13	0	0	12	0	10	0	14	11	11
10	12	12	0	15	9	7	0	13	0
0	15	0	15	0	0	15	0	13	0
12	12	10	9	0	0	14	11	10	11
12	13	0	7	15	14	0	5	0	0
6	8	14	0	0	11	5	0	14	0
5	15	11	13	13	10	0	14	0	7
7	0	11	0	0	11	0	0	7	0

0	1	4	4	0	3	4	3	1	2
1	0	0	2	4	3	5	4	3	0
4	0	0	1	0	3	0	1	4	2
4	2	1	0	4	2	1	0	3	0
0	4	0	4	0	0	5	0	2	0
3	3	3	2	0	0	2	5	3	5
4	5	0	1	5	2	0	4	0	0
3	4	1	0	0	5	4	0	1	0
1	3	4	3	2	3	0	1	0	4
2	0	2	0	0	5	0	0	4	0

0	96	100	99	0	96	99	95	97	99
96	0	0	96	100	95	96	98	98	0
100	0	0	97	0	98	0	96	100	97
99	96	97	0	100	99	95	0	99	0
0	100	0	100	0	0	95	0	97	0
96	95	98	99	0	0	95	96	97	98
99	96	0	95	95	95	0	96	0	0
95	98	96	0	0	96	96	0	98	0
97	98	100	99	97	97	0	98	0	97
99	0	97	0	0	98	0	0	97	0

0	42	23	1	0	2	32	17	27	20
42	0	0	13	19	9	13	12	10	0
23	0	0	23	0	31	0	22	35	32
1	13	23	0	8	33	19	0	2	0
0	19	0	8	0	0	17	0	35	0
2	9	31	33	0	0	1	35	40	20
32	13	0	19	17	1	0	35	0	0
17	12	22	0	0	35	35	0	37	0
27	10	35	2	35	40	0	37	0	26
20	0	32	0	0	20	0	0	26	0

48	21
31	22
42	20
28	14
20	23
15	18
31	38
47	16
37	27
14	37
