0	1	1	1	0	1	1	1	0
1	0	1	1	1	1	1	1	0
1	1	0	1	1	1	1	0	1
1	1	1	0	1	1	0	1	0
0	1	1	1	0	0	0	1	1
1	1	1	1	0	0	1	0	1
1	1	1	0	0	1	0	1	1
1	1	0	1	1	0	1	0	0
0	0	1	0	1	1	1	0	0

0	6	10	14	0	9	15	5	0
6	0	13	8	6	14	13	6	0
10	13	0	7	5	12	13	0	14
14	8	7	0	8	6	0	8	0
0	6	5	8	0	0	0	10	7
9	14	12	6	0	0	11	0	7
15	13	13	0	0	11	0	5	14
5	6	0	8	10	0	5	0	0
0	0	14	0	7	7	14	0	0

0	2	1	1	0	3	5	5	0
2	0	3	3	4	2	4	2	0
1	3	0	1	5	5	1	0	4
1	3	1	0	1	5	0	5	0
0	4	5	1	0	0	0	1	4
3	2	5	5	0	0	1	0	2
5	4	1	0	0	1	0	4	1
5	2	0	5	1	0	4	0	0
0	0	4	0	4	2	1	0	0

0	100	98	98	0	97	98	98	0
100	0	97	95	98	97	95	98	0
98	97	0	98	100	96	96	0	99
98	95	98	0	98	99	0	96	0
0	98	100	98	0	0	0	97	98
97	97	96	99	0	0	100	0	99
98	95	96	0	0	100	0	98	98
98	98	0	96	97	0	98	0	0
0	0	99	0	98	99	98	0	0

0	24	36	38	0	7	16	37	0
24	0	36	0	18	38	40	28	0
36	36	0	16	3	22	26	0	26
38	0	16	0	17	41	0	33	0
0	18	3	17	0	0	0	29	34
7	38	22	41	0	0	30	0	45
16	40	26	0	0	30	0	47	36
37	28	0	33	29	0	47	0	0
0	0	26	0	34	45	36	0	0

47	19
25	29
10	45
43	40
17	32
17	22
44	10
24	28
46	35
