0	0	0	1	1	0	0	0	1	0
0	0	1	1	1	1	1	1	1	1
0	1	0	0	1	0	1	1	1	0
1	1	0	0	0	1	0	1	1	1
1	1	1	0	0	1	0	0	0	1
0	1	0	1	1	0	0	1	1	1
0	1	1	0	0	0	0	1	1	0
0	1	1	1	0	1	1	0	1	1
1	1	1	1	0	1	1	1	0	1
0	1	0	1	1	1	0	1	1	0

0	0	0	9	10	0	0	0	11	0
0	0	7	8	5	9	5	12	11	9
0	7	0	0	9	0	10	13	15	0
9	8	0	0	0	14	0	7	7	6
10	5	9	0	0	6	0	0	0	7
0	9	0	14	6	0	0	10	6	10
0	5	10	0	0	0	0	9	15	0
0	12	13	7	0	10	9	0	14	7
11	11	15	7	0	6	15	14	0	15
0	9	0	6	7	10	0	7	15	0

0	0	0	5	5	0	0	0	3	0
0	0	5	4	3	3	3	1	1	1
0	5	0	0	5	0	3	3	5	0
5	4	0	0	0	5	0	5	3	2
5	3	5	0	0	2	0	0	0	3
0	3	0	5	2	0	0	4	2	3
0	3	3	0	0	0	0	2	1	0
0	1	3	5	0	4	2	0	4	2
3	1	5	3	0	2	1	4	0	1
0	1	0	2	3	3	0	2	1	0

0	0	0	98	95	0	0	0	100	0
0	0	100	96	99	100	95	100	96	96
0	100	0	0	100	0	100	95	97	0
98	96	0	0	0	98	0	98	96	96
95	99	100	0	0	100	0	0	0	96
0	100	0	98	100	0	0	98	97	95
0	95	100	0	0	0	0	98	100	0
0	100	95	98	0	98	98	0	96	96
100	96	97	96	0	97	100	96	0	100
0	96	0	96	96	95	0	96	100	0

0	0	0	31	14	0	0	0	30	0
0	0	29	42	29	45	46	17	22	2
0	29	0	0	38	0	8	1	34	0
31	42	0	0	0	35	0	8	9	30
14	29	38	0	0	9	0	0	0	23
0	45	0	35	9	0	0	32	34	12
0	46	8	0	0	0	0	33	18	0
0	17	1	8	0	32	33	0	1	12
30	22	34	9	0	34	18	1	0	31
0	2	0	30	23	12	0	12	31	0

23	36
13	15
47	21
35	21
18	15
49	45
47	30
38	18
39	18
44	17
