0	0	1	1	1	1	1	0	1	1
0	0	0	1	1	1	1	1	1	1
1	0	0	1	1	1	1	1	1	1
1	1	1	0	1	0	1	1	0	1
1	1	1	1	0	1	1	1	1	0
1	1	1	0	1	0	0	0	0	1
1	1	1	1	1	0	0	0	1	1
0	1	1	1	1	0	0	0	1	0
1	1	1	0	1	0	1	1	0	0
1	1	1	1	0	1	1	0	0	0

0	0	7	6	15	10	10	0	15	11
0	0	0	7	11	14	8	7	9	15
7	0	0	9	6	5	13	9	9	8
6	7	9	0	12	0	13	11	0	14
15	11	6	12	0	7	5	13	5	0
10	14	5	0	7	0	0	0	0	13
10	8	13	13	5	0	0	0	9	10
0	7	9	11	13	0	0	0	13	0
15	9	9	0	5	0	9	13	0	0
11	15	8	14	0	13	10	0	0	0

0	0	4	3	3	2	3	0	5	1
0	0	0	4	5	5	4	4	2	2
4	0	0	1	4	2	1	1	5	4
3	4	1	0	1	0	2	1	0	5
3	5	4	1	0	3	3	5	1	0
2	5	2	0	3	0	0	0	0	3
3	4	1	2	3	0	0	0	5	4
0	4	1	1	5	0	0	0	1	0
5	2	5	0	1	0	5	1	0	0
1	2	4	5	0	3	4	0	0	0

0	0	97	98	95	96	97	0	96	100
0	0	0	98	100	97	100	98	96	99
97	0	0	96	98	98	100	99	96	95
98	98	96	0	100	0	100	96	0	95
95	100	98	100	0	98	100	95	99	0
96	97	98	0	98	0	0	0	0	97
97	100	100	100	100	0	0	0	100	100
0	98	99	96	95	0	0	0	99	0
96	96	96	0	99	0	100	99	0	0
100	99	95	95	0	97	100	0	0	0

0	0	22	41	5	3	36	0	32	6
0	0	0	26	14	3	6	37	39	11
22	0	0	12	4	8	16	44	2	33
41	26	12	0	9	0	34	44	0	21
5	14	4	9	0	39	6	0	40	0
3	3	8	0	39	0	0	0	0	42
36	6	16	34	6	0	0	0	40	42
0	37	44	44	0	0	0	0	32	0
32	39	2	0	40	0	40	32	0	0
6	11	33	21	0	42	42	0	0	0

35	20
38	13
15	50
34	46
15	32
20	26
15	28
24	13
25	44
20	15
