0	1	1	1	0	0	1	0	1
1	0	1	0	1	1	1	0	1
1	1	0	0	1	1	1	0	1
1	0	0	0	1	1	1	1	1
0	1	1	1	0	0	1	0	0
0	1	1	1	0	0	1	1	0
1	1	1	1	1	1	0	1	1
0	0	0	1	0	1	1	0	1
1	1	1	1	0	0	1	1	0

0	6	15	15	0	0	12	0	8
6	0	7	0	6	8	6	0	6
15	7	0	0	14	5	7	0	5
15	0	0	0	6	5	14	10	14
0	6	14	6	0	0	14	0	0
0	8	5	5	0	0	7	12	0
12	6	7	14	14	7	0	5	11
0	0	0	10	0	12	5	0	15
8	6	5	14	0	0	11	15	0

0	1	1	3	0	0	4	0	4
1	0	3	0	1	2	2	0	5
1	3	0	0	4	3	1	0	2
3	0	0	0	3	2	4	4	2
0	1	4	3	0	0	5	0	0
0	2	3	2	0	0	2	1	0
4	2	1	4	5	2	0	3	1
0	0	0	4	0	1	3	0	4
4	5	2	2	0	0	1	4	0

0	98	95	96	0	0	99	0	98
98	0	99	0	98	99	98	0	95
95	99	0	0	98	100	96	0	96
96	0	0	0	97	98	95	100	100
0	98	98	97	0	0	99	0	0
0	99	100	98	0	0	98	95	0
99	98	96	95	99	98	0	95	98
0	0	0	100	0	95	95	0	100
98	95	96	100	0	0	98	100	0

0	16	17	29	0	0	20	0	28
16	0	36	0	27	23	24	0	45
17	36	0	0	13	45	15	0	23
29	0	0	0	9	28	18	41	2
0	27	13	9	0	0	32	0	0
0	23	45	28	0	0	18	41	0
20	24	15	18	32	18	0	31	4
0	0	0	41	0	41	31	0	27
28	45	23	2	0	0	4	27	0

12	30
35	23
35	41
37	17
36	29
31	47
25	36
34	45
21	25
