0	0	1	1	1	1	0	1
0	0	1	0	1	1	1	1
1	1	0	0	1	0	1	1
1	0	0	0	0	0	1	0
1	1	1	0	0	1	1	1
1	1	0	0	1	0	1	1
0	1	1	1	1	1	0	1
1	1	1	0	1	1	1	0

0	0	6	5	9	9	0	9
0	0	10	0	6	9	6	9
6	10	0	0	5	0	14	9
5	0	0	0	0	0	14	0
9	6	5	0	0	9	11	14
9	9	0	0	9	0	6	8
0	6	14	14	11	6	0	13
9	9	9	0	14	8	13	0

0	0	5	2	5	1	0	4
0	0	3	0	2	2	3	3
5	3	0	0	1	0	5	1
2	0	0	0	0	0	4	0
5	2	1	0	0	1	5	4
1	2	0	0	1	0	4	5
0	3	5	4	5	4	0	2
4	3	1	0	4	5	2	0

0	0	100	99	97	97	0	99
0	0	95	0	98	95	96	100
100	95	0	0	96	0	99	100
99	0	0	0	0	0	99	0
97	98	96	0	0	96	97	97
97	95	0	0	96	0	99	98
0	96	99	99	97	99	0	100
99	100	100	0	97	98	100	0

0	0	41	18	19	40	0	5
0	0	21	0	19	41	1	26
41	21	0	0	11	0	15	37
18	0	0	0	0	0	12	0
19	19	11	0	0	4	26	41
40	41	0	0	4	0	5	23
0	1	15	12	26	5	0	33
5	26	37	0	41	23	33	0

20	27
16	39
16	35
40	41
24	16
39	28
41	18
17	17
