0	0	1	1	0	1	0	1
0	0	1	1	1	1	1	1
1	1	0	1	1	0	1	1
1	1	1	0	1	1	1	1
0	1	1	1	0	0	1	1
1	1	0	1	0	0	1	1
0	1	1	1	1	1	0	1
1	1	1	1	1	1	1	0

0	0	14	15	0	10	0	7
0	0	13	7	13	5	8	15
14	13	0	7	10	0	14	5
15	7	7	0	10	11	12	8
0	13	10	10	0	0	8	11
10	5	0	11	0	0	10	11
0	8	14	12	8	10	0	10
7	15	5	8	11	11	10	0

0	0	3	3	0	2	0	3
0	0	1	3	3	3	4	4
3	1	0	2	1	0	1	1
3	3	2	0	5	3	5	2
0	3	1	5	0	0	4	4
2	3	0	3	0	0	2	2
0	4	1	5	4	2	0	5
3	4	1	2	4	2	5	0

0	0	95	99	0	96	0	98
0	0	96	100	96	96	95	97
95	96	0	98	99	0	96	100
99	100	98	0	95	100	97	95
0	96	99	95	0	0	96	100
96	96	0	100	0	0	95	98
0	95	96	97	96	95	0	98
98	97	100	95	100	98	98	0

0	0	3	3	0	33	0	17
0	0	3	19	15	18	42	20
3	3	0	26	4	0	8	46
3	19	26	0	34	27	23	39
0	15	4	34	0	0	7	20
33	18	0	27	0	0	31	33
0	42	8	23	7	31	0	8
17	20	46	39	20	33	8	0

35	10
36	30
33	17
23	13
33	37
15	50
27	49
46	24
