0	1	1	1	1	1	0	0
1	0	1	1	0	1	1	1
1	1	0	0	1	0	0	1
1	1	0	0	1	1	0	0
1	0	1	1	0	1	1	0
1	1	0	1	1	0	0	1
0	1	0	0	1	0	0	0
0	1	1	0	0	1	0	0

0	14	14	6	14	7	0	0
14	0	12	15	0	6	14	10
14	12	0	0	14	0	0	6
6	15	0	0	9	8	0	0
14	0	14	9	0	7	8	0
7	6	0	8	7	0	0	12
0	14	0	0	8	0	0	0
0	10	6	0	0	12	0	0

0	2	3	5	4	1	0	0
2	0	4	2	0	3	1	3
3	4	0	0	2	0	0	5
5	2	0	0	3	3	0	0
4	0	2	3	0	2	3	0
1	3	0	3	2	0	0	4
0	1	0	0	3	0	0	0
0	3	5	0	0	4	0	0

0	99	100	95	97	98	0	0
99	0	95	98	0	95	95	100
100	95	0	0	100	0	0	98
95	98	0	0	95	98	0	0
97	0	100	95	0	100	99	0
98	95	0	98	100	0	0	97
0	95	0	0	99	0	0	0
0	100	98	0	0	97	0	0

0	16	33	17	8	7	0	0
16	0	23	21	0	3	17	41
33	23	0	0	40	0	0	44
17	21	0	0	24	42	0	0
8	0	40	24	0	26	43	0
7	3	0	42	26	0	0	11
0	17	0	0	43	0	0	0
0	41	44	0	0	11	0	0

23	43
19	16
23	50
44	50
46	33
34	13
46	27
20	32
