0	1	1	0	1	0	1
1	0	1	1	1	0	1
1	1	0	1	1	1	1
0	1	1	0	0	1	1
1	1	1	0	0	1	1
0	0	1	1	1	0	0
1	1	1	1	1	0	0

0	6	7	0	8	0	7
6	0	15	12	6	0	12
7	15	0	15	6	11	6
0	12	15	0	0	12	11
8	6	6	0	0	7	9
0	0	11	12	7	0	0
7	12	6	11	9	0	0

0	4	3	0	2	0	4
4	0	1	1	3	0	3
3	1	0	2	5	1	3
0	1	2	0	0	1	2
2	3	5	0	0	1	2
0	0	1	1	1	0	0
4	3	3	2	2	0	0

0	96	97	0	96	0	99
96	0	100	100	97	0	99
97	100	0	95	96	98	99
0	100	95	0	0	99	98
96	97	96	0	0	97	97
0	0	98	99	97	0	0
99	99	99	98	97	0	0

0	38	46	0	8	0	5
38	0	24	16	28	0	41
46	24	0	33	26	9	42
0	16	33	0	0	18	31
8	28	26	0	0	18	39
0	0	9	18	18	0	0
5	41	42	31	39	0	0

48	27
11	10
24	32
25	39
15	43
20	28
45	32
