0	0	1	1	1	1	0	1
0	0	1	1	1	1	1	1
1	1	0	1	1	1	1	1
1	1	1	0	0	1	1	0
1	1	1	0	0	0	1	1
1	1	1	1	0	0	1	0
0	1	1	1	1	1	0	1
1	1	1	0	1	0	1	0

0	0	10	10	13	6	0	11
0	0	11	13	11	12	15	8
10	11	0	12	8	8	11	12
10	13	12	0	0	11	15	0
13	11	8	0	0	0	13	7
6	12	8	11	0	0	8	0
0	15	11	15	13	8	0	5
11	8	12	0	7	0	5	0

0	0	5	3	2	5	0	4
0	0	1	5	4	5	4	5
5	1	0	4	2	3	3	2
3	5	4	0	0	2	1	0
2	4	2	0	0	0	4	4
5	5	3	2	0	0	3	0
0	4	3	1	4	3	0	1
4	5	2	0	4	0	1	0

0	0	97	96	100	99	0	99
0	0	95	99	99	98	95	95
97	95	0	95	99	100	96	99
96	99	95	0	0	98	98	0
100	99	99	0	0	0	97	97
99	98	100	98	0	0	96	0
0	95	96	98	97	96	0	100
99	95	99	0	97	0	100	0

0	0	20	40	25	10	0	42
0	0	39	26	9	37	10	5
20	39	0	30	23	1	40	40
40	26	30	0	0	32	10	0
25	9	23	0	0	0	28	15
10	37	1	32	0	0	43	0
0	10	40	10	28	43	0	22
42	5	40	0	15	0	22	0

32	13
12	25
12	23
16	21
32	28
50	42
49	38
17	10
