0	1	1	1	1	1	0	0	1	1
1	0	1	0	1	1	1	1	1	0
1	1	0	0	1	1	1	1	1	1
1	0	0	0	1	1	0	1	0	1
1	1	1	1	0	1	0	1	1	1
1	1	1	1	1	0	1	1	1	0
0	1	1	0	0	1	0	1	1	0
0	1	1	1	1	1	1	0	0	1
1	1	1	0	1	1	1	0	0	1
1	0	1	1	1	0	0	1	1	0

0	5	7	10	14	11	0	0	9	6
5	0	10	0	8	10	8	10	10	0
7	10	0	0	10	7	11	5	15	15
10	0	0	0	7	15	0	11	0	9
14	8	10	7	0	5	0	14	8	12
11	10	7	15	5	0	8	7	15	0
0	8	11	0	0	8	0	9	7	0
0	10	5	11	14	7	9	0	0	13
9	10	15	0	8	15	7	0	0	6
6	0	15	9	12	0	0	13	6	0

0	4	2	3	1	3	0	0	4	5
4	0	5	0	4	1	4	2	1	0
2	5	0	0	2	3	1	1	4	5
3	0	0	0	5	3	0	1	0	4
1	4	2	5	0	3	0	5	1	2
3	1	3	3	3	0	5	2	5	0
0	4	1	0	0	5	0	2	2	0
0	2	1	1	5	2	2	0	0	1
4	1	4	0	1	5	2	0	0	5
5	0	5	4	2	0	0	1	5	0

0	100	96	96	97	96	0	0	98	96
100	0	100	0	99	98	98	96	100	0
96	100	0	0	100	95	95	98	97	100
96	0	0	0	97	100	0	97	0	98
97	99	100	97	0	99	0	100	95	100
96	98	95	100	99	0	99	97	95	0
0	98	95	0	0	99	0	97	98	0
0	96	98	97	100	97	97	0	0	99
98	100	97	0	95	95	98	0	0	96
96	0	100	98	100	0	0	99	96	0

0	39	1	41	19	42	0	0	7	10
39	0	20	0	46	38	41	34	37	0
1	20	0	0	8	28	37	44	21	10
41	0	0	0	14	4	0	26	0	30
19	46	8	14	0	4	0	2	33	39
42	38	28	4	4	0	40	1	39	0
0	41	37	0	0	40	0	19	38	0
0	34	44	26	2	1	19	0	0	0
7	37	21	0	33	39	38	0	0	41
10	0	10	30	39	0	0	0	41	0

46	37
40	50
13	16
39	46
19	20
49	22
30	41
44	33
46	11
34	29
