0	1	0	1	1	1	1
1	0	1	0	0	1	1
0	1	0	1	1	1	0
1	0	1	0	1	0	1
1	0	1	1	0	0	1
1	1	1	0	0	0	1
1	1	0	1	1	1	0

0	12	0	6	5	10	14
12	0	8	0	0	6	5
0	8	0	13	11	9	0
6	0	13	0	8	0	6
5	0	11	8	0	0	10
10	6	9	0	0	0	5
14	5	0	6	10	5	0

0	3	0	1	1	1	4
3	0	4	0	0	3	3
0	4	0	2	2	4	0
1	0	2	0	5	0	2
1	0	2	5	0	0	5
1	3	4	0	0	0	3
4	3	0	2	5	3	0

0	95	0	95	96	96	99
95	0	98	0	0	100	95
0	98	0	95	99	100	0
95	0	95	0	97	0	100
96	0	99	97	0	0	99
96	100	100	0	0	0	95
99	95	0	100	99	95	0

0	10	0	44	21	5	31
10	0	46	0	0	24	0
0	46	0	15	23	36	0
44	0	15	0	6	0	30
21	0	23	6	0	0	17
5	24	36	0	0	0	26
31	0	0	30	17	26	0

16	16
14	18
20	48
14	12
27	16
40	20
10	46
