0	1	1	0	1	1	1	0
1	0	1	1	1	0	0	1
1	1	0	1	1	1	1	0
0	1	1	0	0	0	1	1
1	1	1	0	0	1	0	1
1	0	1	0	1	0	1	0
1	0	1	1	0	1	0	1
0	1	0	1	1	0	1	0

0	14	14	0	10	15	13	0
14	0	5	13	7	0	0	8
14	5	0	10	8	8	5	0
0	13	10	0	0	0	11	12
10	7	8	0	0	13	0	10
15	0	8	0	13	0	8	0
13	0	5	11	0	8	0	15
0	8	0	12	10	0	15	0

0	4	1	0	2	1	5	0
4	0	1	4	1	0	0	4
1	1	0	5	4	4	4	0
0	4	5	0	0	0	3	2
2	1	4	0	0	1	0	1
1	0	4	0	1	0	4	0
5	0	4	3	0	4	0	4
0	4	0	2	1	0	4	0

0	96	99	0	98	98	97	0
96	0	100	95	97	0	0	97
99	100	0	99	95	99	100	0
0	95	99	0	0	0	99	98
98	97	95	0	0	100	0	100
98	0	99	0	100	0	97	0
97	0	100	99	0	97	0	100
0	97	0	98	100	0	100	0

0	30	0	0	40	20	41	0
30	0	10	14	24	0	0	28
0	10	0	25	17	11	44	0
0	14	25	0	0	0	19	27
40	24	17	0	0	38	0	24
20	0	11	0	38	0	6	0
41	0	44	19	0	6	0	21
0	28	0	27	24	0	21	0

34	26
10	50
22	24
41	39
47	48
38	19
38	42
49	23
