0	0	1	1	1	1	1	0	1	1
0	0	0	1	1	1	1	1	1	1
1	0	0	1	1	1	1	1	1	1
1	1	1	0	1	0	1	1	0	1
1	1	1	1	0	1	1	1	1	0
1	1	1	0	1	0	0	0	0	1
1	1	1	1	1	0	0	0	1	1
0	1	1	1	1	0	0	0	1	0
1	1	1	0	1	0	1	1	0	0
1	1	1	1	0	1	1	0	0	0

0	0	6	8	14	10	5	0	8	7
0	0	0	11	5	15	15	12	7	8
6	0	0	7	11	12	15	9	13	7
8	11	7	0	9	0	12	14	0	5
14	5	11	9	0	6	14	10	12	0
10	15	12	0	6	0	0	0	0	7
5	15	15	12	14	0	0	0	8	12
0	12	9	14	10	0	0	0	15	0
8	7	13	0	12	0	8	15	0	0
7	8	7	5	0	7	12	0	0	0

0	0	4	1	1	1	5	0	5	2
0	0	0	2	4	1	5	4	2	2
4	0	0	2	2	3	4	4	1	3
1	2	2	0	1	0	2	2	0	3
1	4	2	1	0	3	1	3	2	0
1	1	3	0	3	0	0	0	0	2
5	5	4	2	1	0	0	0	3	4
0	4	4	2	3	0	0	0	4	0
5	2	1	0	2	0	3	4	0	0
2	2	3	3	0	2	4	0	0	0

0	0	100	96	97	96	96	0	99	97
0	0	0	96	96	98	99	100	100	100
100	0	0	100	96	99	96	98	95	99
96	96	100	0	97	0	97	96	0	96
97	96	96	97	0	97	95	100	97	0
96	98	99	0	97	0	0	0	0	96
96	99	96	97	95	0	0	0	100	100
0	100	98	96	100	0	0	0	95	0
99	100	95	0	97	0	100	95	0	0
97	100	99	96	0	96	100	0	0	0

0	0	25	36	19	10	15	0	22	41
0	0	0	43	0	20	19	35	22	5
25	0	0	37	37	42	11	44	18	41
36	43	37	0	43	0	37	20	0	20
19	0	37	43	0	37	13	5	40	0
10	20	42	0	37	0	0	0	0	33
15	19	11	37	13	0	0	0	37	3
0	35	44	20	5	0	0	0	13	0
22	22	18	0	40	0	37	13	0	0
41	5	41	20	0	33	3	0	0	0

41	16
42	21
21	13
31	17
24	25
41	19
50	24
28	23
40	30
38	50
