0	1	1	0	0	0	0	0	0
1	0	1	0	0	1	0	0	0
1	1	0	0	1	1	1	1	1
0	0	0	0	1	1	0	1	1
0	0	1	1	0	1	1	0	1
0	1	1	1	1	0	1	0	1
0	0	1	0	1	1	0	1	1
0	0	1	1	0	0	1	0	1
0	0	1	1	1	1	1	1	0

0	8	11	0	0	0	0	0	0
8	0	5	0	0	7	0	0	0
11	5	0	0	10	5	13	10	9
0	0	0	0	13	7	0	13	15
0	0	10	13	0	8	13	0	8
0	7	5	7	8	0	10	0	8
0	0	13	0	13	10	0	10	6
0	0	10	13	0	0	10	0	6
0	0	9	15	8	8	6	6	0

0	1	3	0	0	0	0	0	0
1	0	3	0	0	1	0	0	0
3	3	0	0	3	5	3	1	5
0	0	0	0	4	5	0	1	4
0	0	3	4	0	2	1	0	3
0	1	5	5	2	0	2	0	5
0	0	3	0	1	2	0	4	1
0	0	1	1	0	0	4	0	3
0	0	5	4	3	5	1	3	0

0	99	98	0	0	0	0	0	0
99	0	100	0	0	99	0	0	0
98	100	0	0	96	96	98	98	97
0	0	0	0	97	97	0	95	97
0	0	96	97	0	98	96	0	99
0	99	96	97	98	0	98	0	96
0	0	98	0	96	98	0	100	96
0	0	98	95	0	0	100	0	99
0	0	97	97	99	96	96	99	0

0	25	13	0	0	0	0	0	0
25	0	26	0	0	44	0	0	0
13	26	0	0	40	32	6	22	4
0	0	0	0	1	48	0	12	24
0	0	40	1	0	16	40	0	7
0	44	32	48	16	0	16	0	18
0	0	6	0	40	16	0	23	13
0	0	22	12	0	0	23	0	22
0	0	4	24	7	18	13	22	0

41	40
18	43
16	28
19	33
36	38
11	32
24	40
35	37
45	23
