0	0	0	1	0	1	1
0	0	1	1	1	0	1
0	1	0	1	1	1	1
1	1	1	0	0	1	1
0	1	1	0	0	0	1
1	0	1	1	0	0	1
1	1	1	1	1	1	0

0	0	0	5	0	6	5
0	0	14	6	15	0	13
0	14	0	8	6	14	14
5	6	8	0	0	15	12
0	15	6	0	0	0	10
6	0	14	15	0	0	8
5	13	14	12	10	8	0

0	0	0	2	0	1	2
0	0	3	3	5	0	1
0	3	0	1	3	4	4
2	3	1	0	0	5	4
0	5	3	0	0	0	3
1	0	4	5	0	0	5
2	1	4	4	3	5	0

0	0	0	95	0	98	100
0	0	99	99	99	0	96
0	99	0	96	100	98	97
95	99	96	0	0	99	96
0	99	100	0	0	0	99
98	0	98	99	0	0	96
100	96	97	96	99	96	0

0	0	0	37	0	7	47
0	0	16	20	39	0	38
0	16	0	5	5	41	18
37	20	5	0	0	23	8
0	39	5	0	0	0	35
7	0	41	23	0	0	10
47	38	18	8	35	10	0

25	16
38	44
17	15
26	16
38	10
43	39
11	28
