0	1	1	1	1	1	1	1
1	0	0	1	1	1	0	0
1	0	0	0	1	1	1	1
1	1	0	0	1	0	1	1
1	1	1	1	0	0	0	0
1	1	1	0	0	0	1	0
1	0	1	1	0	1	0	1
1	0	1	1	0	0	1	0

0	8	11	10	11	10	5	7
8	0	0	12	12	15	0	0
11	0	0	0	11	13	5	8
10	12	0	0	11	0	15	12
11	12	11	11	0	0	0	0
10	15	13	0	0	0	10	0
5	0	5	15	0	10	0	13
7	0	8	12	0	0	13	0

0	3	3	5	1	1	1	3
3	0	0	2	2	5	0	0
3	0	0	0	2	2	1	2
5	2	0	0	4	0	2	1
1	2	2	4	0	0	0	0
1	5	2	0	0	0	2	0
1	0	1	2	0	2	0	3
3	0	2	1	0	0	3	0

0	99	96	95	99	96	99	95
99	0	0	99	95	100	0	0
96	0	0	0	98	98	99	97
95	99	0	0	95	0	98	96
99	95	98	95	0	0	0	0
96	100	98	0	0	0	100	0
99	0	99	98	0	100	0	95
95	0	97	96	0	0	95	0

0	24	28	40	39	37	27	26
24	0	0	22	5	22	0	0
28	0	0	0	25	27	28	10
40	22	0	0	2	0	37	37
39	5	25	2	0	0	0	0
37	22	27	0	0	0	19	0
27	0	28	37	0	19	0	8
26	0	10	37	0	0	8	0

25	49
42	23
42	13
29	10
41	41
23	29
47	18
28	43
