0	1	1	1	0	0	0	1
1	0	0	0	1	1	1	0
1	0	0	1	1	1	0	0
1	0	1	0	1	1	0	1
0	1	1	1	0	1	0	1
0	1	1	1	1	0	1	1
0	1	0	0	0	1	0	1
1	0	0	1	1	1	1	0

0	9	14	8	0	0	0	11
9	0	0	0	9	11	15	0
14	0	0	13	6	11	0	0
8	0	13	0	7	12	0	13
0	9	6	7	0	11	0	5
0	11	11	12	11	0	12	12
0	15	0	0	0	12	0	15
11	0	0	13	5	12	15	0

0	5	3	1	0	0	0	3
5	0	0	0	2	2	1	0
3	0	0	4	1	4	0	0
1	0	4	0	3	5	0	1
0	2	1	3	0	5	0	1
0	2	4	5	5	0	1	2
0	1	0	0	0	1	0	3
3	0	0	1	1	2	3	0

0	98	97	100	0	0	0	100
98	0	0	0	96	97	95	0
97	0	0	99	96	96	0	0
100	0	99	0	100	99	0	99
0	96	96	100	0	97	0	95
0	97	96	99	97	0	98	99
0	95	0	0	0	98	0	100
100	0	0	99	95	99	100	0

0	0	26	40	0	0	0	32
0	0	0	0	14	8	39	0
26	0	0	0	7	5	0	0
40	0	0	0	44	38	0	5
0	14	7	44	0	0	0	9
0	8	5	38	0	0	43	11
0	39	0	0	0	43	0	10
32	0	0	5	9	11	10	0

46	21
13	20
14	48
18	38
31	19
18	46
11	25
45	33
