0	1	1	1	1	1	1	1	0	1
1	0	0	1	1	1	0	0	1	1
1	0	0	1	1	0	1	1	1	1
1	1	1	0	1	1	1	0	0	1
1	1	1	1	0	0	1	1	0	1
1	1	0	1	0	0	1	0	1	0
1	0	1	1	1	1	0	1	0	1
1	0	1	0	1	0	1	0	0	0
0	1	1	0	0	1	0	0	0	1
1	1	1	1	1	0	1	0	1	0

0	10	5	7	14	7	14	13	0	13
10	0	0	12	5	10	0	0	14	15
5	0	0	5	6	0	8	11	5	14
7	12	5	0	15	15	9	0	0	9
14	5	6	15	0	0	9	13	0	6
7	10	0	15	0	0	7	0	10	0
14	0	8	9	9	7	0	12	0	13
13	0	11	0	13	0	12	0	0	0
0	14	5	0	0	10	0	0	0	11
13	15	14	9	6	0	13	0	11	0

0	1	2	2	3	1	2	4	0	5
1	0	0	4	4	5	0	0	4	4
2	0	0	1	2	0	4	2	2	3
2	4	1	0	5	3	2	0	0	4
3	4	2	5	0	0	4	2	0	3
1	5	0	3	0	0	5	0	4	0
2	0	4	2	4	5	0	5	0	5
4	0	2	0	2	0	5	0	0	0
0	4	2	0	0	4	0	0	0	5
5	4	3	4	3	0	5	0	5	0

0	97	98	100	97	98	100	99	0	96
97	0	0	98	95	96	0	0	99	98
98	0	0	95	96	0	97	99	97	97
100	98	95	0	96	98	99	0	0	99
97	95	96	96	0	0	96	95	0	98
98	96	0	98	0	0	100	0	98	0
100	0	97	99	96	100	0	99	0	95
99	0	99	0	95	0	99	0	0	0
0	99	97	0	0	98	0	0	0	96
96	98	97	99	98	0	95	0	96	0

0	4	48	27	23	6	38	26	0	7
4	0	0	42	41	5	0	0	19	37
48	0	0	21	26	0	17	12	14	13
27	42	21	0	28	16	28	0	0	22
23	41	26	28	0	0	23	35	0	11
6	5	0	16	0	0	20	0	14	0
38	0	17	28	23	20	0	21	0	37
26	0	12	0	35	0	21	0	0	0
0	19	14	0	0	14	0	0	0	11
7	37	13	22	11	0	37	0	11	0

40	23
21	31
15	23
13	40
18	38
20	20
43	50
50	48
20	23
50	13
