0	1	1	0	1	1	1	1	1	0
1	0	1	1	1	0	1	0	1	1
1	1	0	1	0	0	0	1	0	1
0	1	1	0	0	1	1	0	1	1
1	1	0	0	0	1	1	1	1	1
1	0	0	1	1	0	1	0	0	0
1	1	0	1	1	1	0	0	1	1
1	0	1	0	1	0	0	0	0	0
1	1	0	1	1	0	1	0	0	1
0	1	1	1	1	0	1	0	1	0

0	10	14	0	5	5	10	15	5	0
10	0	13	6	14	0	15	0	6	8
14	13	0	9	0	0	0	10	0	15
0	6	9	0	0	6	11	0	10	12
5	14	0	0	0	15	7	15	12	10
5	0	0	6	15	0	13	0	0	0
10	15	0	11	7	13	0	0	6	13
15	0	10	0	15	0	0	0	0	0
5	6	0	10	12	0	6	0	0	9
0	8	15	12	10	0	13	0	9	0

0	1	5	0	2	3	2	2	1	0
1	0	5	1	1	0	1	0	3	3
5	5	0	2	0	0	0	3	0	2
0	1	2	0	0	1	4	0	1	5
2	1	0	0	0	4	1	1	1	1
3	0	0	1	4	0	3	0	0	0
2	1	0	4	1	3	0	0	3	1
2	0	3	0	1	0	0	0	0	0
1	3	0	1	1	0	3	0	0	3
0	3	2	5	1	0	1	0	3	0

0	99	99	0	96	99	96	98	100	0
99	0	97	96	97	0	96	0	97	95
99	97	0	95	0	0	0	99	0	96
0	96	95	0	0	99	98	0	98	99
96	97	0	0	0	99	99	95	99	98
99	0	0	99	99	0	97	0	0	0
96	96	0	98	99	97	0	0	95	97
98	0	99	0	95	0	0	0	0	0
100	97	0	98	99	0	95	0	0	100
0	95	96	99	98	0	97	0	100	0

0	27	30	0	39	15	33	14	31	0
27	0	39	20	21	0	23	0	31	42
30	39	0	40	0	0	0	8	0	35
0	20	40	0	0	3	19	0	45	39
39	21	0	0	0	3	13	37	40	22
15	0	0	3	3	0	17	0	0	0
33	23	0	19	13	17	0	0	48	35
14	0	8	0	37	0	0	0	0	0
31	31	0	45	40	0	48	0	0	3
0	42	35	39	22	0	35	0	3	0

30	23
26	43
22	27
14	16
48	50
40	17
16	18
30	33
40	37
17	17
