0	1	1	0	1	1	1	0
1	0	1	0	1	1	1	1
1	1	0	1	0	1	1	0
0	0	1	0	1	0	0	1
1	1	0	1	0	0	1	1
1	1	1	0	0	0	1	1
1	1	1	0	1	1	0	1
0	1	0	1	1	1	1	0

0	7	7	0	13	12	10	0
7	0	11	0	8	6	10	5
7	11	0	8	0	5	11	0
0	0	8	0	10	0	0	15
13	8	0	10	0	0	8	10
12	6	5	0	0	0	13	14
10	10	11	0	8	13	0	8
0	5	0	15	10	14	8	0

0	5	2	0	5	5	4	0
5	0	2	0	1	2	2	4
2	2	0	3	0	1	3	0
0	0	3	0	3	0	0	5
5	1	0	3	0	0	1	1
5	2	1	0	0	0	5	5
4	2	3	0	1	5	0	1
0	4	0	5	1	5	1	0

0	96	95	0	97	97	97	0
96	0	96	0	95	99	100	99
95	96	0	98	0	98	100	0
0	0	98	0	100	0	0	98
97	95	0	100	0	0	97	99
97	99	98	0	0	0	99	98
97	100	100	0	97	99	0	98
0	99	0	98	99	98	98	0

0	4	22	0	28	38	4	0
4	0	4	0	18	28	44	16
22	4	0	7	0	2	10	0
0	0	7	0	9	0	0	40
28	18	0	9	0	0	34	45
38	28	2	0	0	0	1	8
4	44	10	0	34	1	0	29
0	16	0	40	45	8	29	0

33	26
28	30
16	26
47	15
32	44
14	48
26	13
43	32
