0	1	1	1	1	1	1	1	1
1	0	1	0	0	1	1	1	1
1	1	0	1	0	1	1	1	0
1	0	1	0	0	1	1	1	0
1	0	0	0	0	1	1	1	0
1	1	1	1	1	0	1	1	0
1	1	1	1	1	1	0	1	1
1	1	1	1	1	1	1	0	1
1	1	0	0	0	0	1	1	0

0	13	5	6	9	11	9	6	10
13	0	13	0	0	7	12	9	7
5	13	0	7	0	6	13	15	0
6	0	7	0	0	13	12	9	0
9	0	0	0	0	7	13	6	0
11	7	6	13	7	0	10	15	0
9	12	13	12	13	10	0	11	5
6	9	15	9	6	15	11	0	10
10	7	0	0	0	0	5	10	0

0	2	2	2	5	3	4	2	4
2	0	2	0	0	1	2	5	2
2	2	0	1	0	5	5	3	0
2	0	1	0	0	5	5	2	0
5	0	0	0	0	2	1	2	0
3	1	5	5	2	0	3	4	0
4	2	5	5	1	3	0	3	1
2	5	3	2	2	4	3	0	3
4	2	0	0	0	0	1	3	0

0	95	100	98	100	95	95	98	98
95	0	98	0	0	96	97	95	96
100	98	0	98	0	98	99	95	0
98	0	98	0	0	100	99	97	0
100	0	0	0	0	95	95	99	0
95	96	98	100	95	0	99	97	0
95	97	99	99	95	99	0	99	99
98	95	95	97	99	97	99	0	95
98	96	0	0	0	0	99	95	0

0	35	28	43	30	15	17	30	26
35	0	42	0	0	28	39	39	6
28	42	0	7	0	41	7	36	0
43	0	7	0	0	37	38	19	0
30	0	0	0	0	1	12	46	0
15	28	41	37	1	0	28	25	0
17	39	7	38	12	28	0	31	23
30	39	36	19	46	25	31	0	26
26	6	0	0	0	0	23	26	0

39	37
21	21
32	10
35	36
42	22
46	39
25	37
43	40
45	13
