0	1	1	1	0	0	1
1	0	1	0	1	1	1
1	1	0	1	1	1	1
1	0	1	0	1	1	0
0	1	1	1	0	1	1
0	1	1	1	1	0	1
1	1	1	0	1	1	0

0	8	12	7	0	0	7
8	0	9	0	11	10	12
12	9	0	9	9	5	14
7	0	9	0	15	12	0
0	11	9	15	0	12	12
0	10	5	12	12	0	12
7	12	14	0	12	12	0

0	5	4	2	0	0	1
5	0	2	0	3	4	1
4	2	0	3	3	3	4
2	0	3	0	5	2	0
0	3	3	5	0	3	4
0	4	3	2	3	0	4
1	1	4	0	4	4	0

0	99	100	99	0	0	98
99	0	98	0	98	98	97
100	98	0	96	100	98	95
99	0	96	0	98	95	0
0	98	100	98	0	96	98
0	98	98	95	96	0	95
98	97	95	0	98	95	0

0	32	0	32	0	0	32
32	0	14	0	31	27	0
0	14	0	7	8	9	18
32	0	7	0	12	9	0
0	31	8	12	0	43	38
0	27	9	9	43	0	16
32	0	18	0	38	16	0

20	23
11	47
10	11
16	13
38	21
15	38
28	21
