0	1	1	1	1	1	1	1	1	1
1	0	1	1	1	0	1	1	1	0
1	1	0	1	1	0	0	0	0	0
1	1	1	0	0	1	1	1	1	1
1	1	1	0	0	0	1	1	0	1
1	0	0	1	0	0	1	0	0	1
1	1	0	1	1	1	0	1	0	0
1	1	0	1	1	0	1	0	1	0
1	1	0	1	0	0	0	1	0	1
1	0	0	1	1	1	0	0	1	0

0	11	12	10	6	11	14	15	8	12
11	0	13	10	7	0	12	5	11	0
12	13	0	6	6	0	0	0	0	0
10	10	6	0	0	11	9	12	6	15
6	7	6	0	0	0	10	5	0	9
11	0	0	11	0	0	15	0	0	7
14	12	0	9	10	15	0	8	0	0
15	5	0	12	5	0	8	0	11	0
8	11	0	6	0	0	0	11	0	10
12	0	0	15	9	7	0	0	10	0

0	4	1	4	2	5	4	3	5	3
4	0	3	2	5	0	5	3	5	0
1	3	0	1	3	0	0	0	0	0
4	2	1	0	0	4	5	2	1	5
2	5	3	0	0	0	2	5	0	1
5	0	0	4	0	0	2	0	0	2
4	5	0	5	2	2	0	3	0	0
3	3	0	2	5	0	3	0	5	0
5	5	0	1	0	0	0	5	0	2
3	0	0	5	1	2	0	0	2	0

0	96	100	97	97	95	96	97	99	95
96	0	95	96	100	0	97	99	95	0
100	95	0	99	100	0	0	0	0	0
97	96	99	0	0	97	97	99	96	96
97	100	100	0	0	0	100	99	0	98
95	0	0	97	0	0	99	0	0	98
96	97	0	97	100	99	0	98	0	0
97	99	0	99	99	0	98	0	97	0
99	95	0	96	0	0	0	97	0	99
95	0	0	96	98	98	0	0	99	0

0	15	1	40	15	37	33	19	27	16
15	0	11	31	29	0	42	18	24	0
1	11	0	42	26	0	0	0	0	0
40	31	42	0	0	20	39	32	41	40
15	29	26	0	0	0	0	24	0	36
37	0	0	20	0	0	27	0	0	37
33	42	0	39	0	27	0	0	0	0
19	18	0	32	24	0	0	0	35	0
27	24	0	41	0	0	0	35	0	0
16	0	0	40	36	37	0	0	0	0

46	40
20	47
41	15
30	10
33	43
47	26
25	35
21	25
29	10
34	18
