0	1	1	1	0	0	1	1	0
1	0	0	1	1	0	1	1	1
1	0	0	1	1	1	1	1	0
1	1	1	0	0	1	0	1	1
0	1	1	0	0	1	0	1	1
0	0	1	1	1	0	0	0	0
1	1	1	0	0	0	0	1	0
1	1	1	1	1	0	1	0	1
0	1	0	1	1	0	0	1	0

0	5	7	11	0	0	5	12	0
5	0	0	14	14	0	15	5	6
7	0	0	10	11	5	14	13	0
11	14	10	0	0	14	0	5	15
0	14	11	0	0	15	0	11	13
0	0	5	14	15	0	0	0	0
5	15	14	0	0	0	0	11	0
12	5	13	5	11	0	11	0	5
0	6	0	15	13	0	0	5	0

0	2	4	5	0	0	3	1	0
2	0	0	1	1	0	2	1	5
4	0	0	1	1	2	1	1	0
5	1	1	0	0	3	0	4	3
0	1	1	0	0	4	0	1	4
0	0	2	3	4	0	0	0	0
3	2	1	0	0	0	0	2	0
1	1	1	4	1	0	2	0	2
0	5	0	3	4	0	0	2	0

0	100	98	96	0	0	96	96	0
100	0	0	98	98	0	100	95	100
98	0	0	96	98	96	95	97	0
96	98	96	0	0	100	0	99	99
0	98	98	0	0	100	0	100	100
0	0	96	100	100	0	0	0	0
96	100	95	0	0	0	0	96	0
96	95	97	99	100	0	96	0	100
0	100	0	99	100	0	0	100	0

0	32	38	40	0	0	36	38	0
32	0	0	15	4	0	35	14	10
38	0	0	23	34	34	37	6	0
40	15	23	0	0	32	0	30	30
0	4	34	0	0	37	0	17	41
0	0	34	32	37	0	0	0	0
36	35	37	0	0	0	0	28	0
38	14	6	30	17	0	28	0	37
0	10	0	30	41	0	0	37	0

22	21
36	20
26	29
47	34
17	43
15	10
35	28
44	32
34	44
