0	1	0	1	0	1	1	0	0	1
1	0	0	1	1	1	1	0	0	0
0	0	0	1	1	1	1	1	1	1
1	1	1	0	0	0	1	0	1	1
0	1	1	0	0	1	1	0	0	1
1	1	1	0	1	0	0	1	1	1
1	1	1	1	1	0	0	1	0	1
0	0	1	0	0	1	1	0	0	0
0	0	1	1	0	1	0	0	0	1
1	0	1	1	1	1	1	0	1	0

0	10	0	11	0	9	12	0	0	9
10	0	0	10	15	11	15	0	0	0
0	0	0	8	11	13	9	10	11	15
11	10	8	0	0	0	5	0	13	14
0	15	11	0	0	5	7	0	0	9
9	11	13	0	5	0	0	14	12	14
12	15	9	5	7	0	0	10	0	9
0	0	10	0	0	14	10	0	0	0
0	0	11	13	0	12	0	0	0	8
9	0	15	14	9	14	9	0	8	0

0	1	0	3	0	5	2	0	0	5
1	0	0	2	1	2	1	0	0	0
0	0	0	4	2	2	5	1	5	2
3	2	4	0	0	0	3	0	5	2
0	1	2	0	0	2	4	0	0	1
5	2	2	0	2	0	0	4	2	2
2	1	5	3	4	0	0	1	0	1
0	0	1	0	0	4	1	0	0	0
0	0	5	5	0	2	0	0	0	5
5	0	2	2	1	2	1	0	5	0

0	100	0	100	0	95	97	0	0	99
100	0	0	95	95	98	95	0	0	0
0	0	0	97	95	99	99	98	96	96
100	95	97	0	0	0	96	0	96	100
0	95	95	0	0	98	100	0	0	100
95	98	99	0	98	0	0	100	95	97
97	95	99	96	100	0	0	100	0	98
0	0	98	0	0	100	100	0	0	0
0	0	96	96	0	95	0	0	0	97
99	0	96	100	100	97	98	0	97	0

0	5	0	11	0	20	34	0	0	1
5	0	0	20	28	9	10	0	0	0
0	0	0	38	16	28	29	9	19	12
11	20	38	0	0	0	13	0	35	31
0	28	16	0	0	10	25	0	0	27
20	9	28	0	10	0	0	22	29	41
34	10	29	13	25	0	0	24	0	24
0	0	9	0	0	22	24	0	0	0
0	0	19	35	0	29	0	0	0	23
1	0	12	31	27	41	24	0	23	0

23	28
42	29
35	46
50	24
35	15
41	10
44	31
46	43
31	14
46	32
