0	1	1	0	0	1	1	1	1
1	0	0	1	1	1	1	1	1
1	0	0	1	1	1	0	1	1
0	1	1	0	1	1	0	1	1
0	1	1	1	0	0	1	1	1
1	1	1	1	0	0	1	0	0
1	1	0	0	1	1	0	0	1
1	1	1	1	1	0	0	0	1
1	1	1	1	1	0	1	1	0

0	11	8	0	0	14	10	11	13
11	0	0	7	10	12	5	13	11
8	0	0	9	12	8	0	10	13
0	7	9	0	14	11	0	11	11
0	10	12	14	0	0	11	15	6
14	12	8	11	0	0	7	0	0
10	5	0	0	11	7	0	0	5
11	13	10	11	15	0	0	0	6
13	11	13	11	6	0	5	6	0

0	1	1	0	0	5	4	2	3
1	0	0	1	3	3	3	1	1
1	0	0	3	4	3	0	3	3
0	1	3	0	4	5	0	5	3
0	3	4	4	0	0	1	2	3
5	3	3	5	0	0	1	0	0
4	3	0	0	1	1	0	0	5
2	1	3	5	2	0	0	0	2
3	1	3	3	3	0	5	2	0

0	100	97	0	0	97	99	95	97
100	0	0	100	95	99	95	98	95
97	0	0	97	99	95	0	100	95
0	100	97	0	98	99	0	100	99
0	95	99	98	0	0	98	95	100
97	99	95	99	0	0	98	0	0
99	95	0	0	98	98	0	0	97
95	98	100	100	95	0	0	0	97
97	95	95	99	100	0	97	97	0

0	39	4	0	0	22	7	0	18
39	0	0	24	2	10	10	13	35
4	0	0	4	5	20	0	26	3
0	24	4	0	30	17	0	40	9
0	2	5	30	0	0	9	17	15
22	10	20	17	0	0	4	0	0
7	10	0	0	9	4	0	0	24
0	13	26	40	17	0	0	0	22
18	35	3	9	15	0	24	22	0

33	16
16	39
33	18
27	36
48	27
46	37
32	18
10	15
33	36
