0	0	1	1	0	1	0	0	1	0
0	0	0	1	0	1	1	1	1	0
1	0	0	1	1	0	1	0	0	1
1	1	1	0	1	0	0	1	1	1
0	0	1	1	0	0	0	0	1	0
1	1	0	0	0	0	1	1	1	0
0	1	1	0	0	1	0	1	1	1
0	1	0	1	0	1	1	0	1	1
1	1	0	1	1	1	1	1	0	0
0	0	1	1	0	0	1	1	0	0

0	0	7	9	0	10	0	0	7	0
0	0	0	6	0	6	10	5	12	0
7	0	0	6	10	0	12	0	0	9
9	6	6	0	8	0	0	13	10	8
0	0	10	8	0	0	0	0	5	0
10	6	0	0	0	0	14	11	5	0
0	10	12	0	0	14	0	13	11	15
0	5	0	13	0	11	13	0	10	15
7	12	0	10	5	5	11	10	0	0
0	0	9	8	0	0	15	15	0	0

0	0	5	1	0	3	0	0	4	0
0	0	0	4	0	3	5	2	5	0
5	0	0	1	1	0	2	0	0	1
1	4	1	0	5	0	0	5	2	3
0	0	1	5	0	0	0	0	1	0
3	3	0	0	0	0	5	2	4	0
0	5	2	0	0	5	0	4	3	1
0	2	0	5	0	2	4	0	3	5
4	5	0	2	1	4	3	3	0	0
0	0	1	3	0	0	1	5	0	0

0	0	100	98	0	96	0	0	96	0
0	0	0	97	0	100	100	96	100	0
100	0	0	95	97	0	96	0	0	99
98	97	95	0	100	0	0	98	100	95
0	0	97	100	0	0	0	0	96	0
96	100	0	0	0	0	98	96	96	0
0	100	96	0	0	98	0	95	98	96
0	96	0	98	0	96	95	0	96	100
96	100	0	100	96	96	98	96	0	0
0	0	99	95	0	0	96	100	0	0

0	0	36	16	0	25	0	0	26	0
0	0	0	34	0	17	1	40	2	0
36	0	0	15	17	0	14	0	0	42
16	34	15	0	44	0	0	15	41	21
0	0	17	44	0	0	0	0	22	0
25	17	0	0	0	0	7	15	7	0
0	1	14	0	0	7	0	34	11	6
0	40	0	15	0	15	34	0	2	19
26	2	0	41	22	7	11	2	0	0
0	0	42	21	0	0	6	19	0	0

30	50
14	21
22	10
14	21
36	16
11	39
16	44
23	47
38	45
50	38
