0	1	1	1	0	1	0
1	0	0	1	1	0	1
1	0	0	0	1	1	0
1	1	0	0	1	1	1
0	1	1	1	0	1	1
1	0	1	1	1	0	1
0	1	0	1	1	1	0

0	5	13	9	0	15	0
5	0	0	6	12	0	6
13	0	0	0	11	14	0
9	6	0	0	5	11	6
0	12	11	5	0	13	15
15	0	14	11	13	0	14
0	6	0	6	15	14	0

0	5	4	2	0	2	0
5	0	0	4	5	0	4
4	0	0	0	1	5	0
2	4	0	0	1	1	2
0	5	1	1	0	3	5
2	0	5	1	3	0	4
0	4	0	2	5	4	0

0	96	98	96	0	98	0
96	0	0	98	97	0	95
98	0	0	0	99	97	0
96	98	0	0	98	98	99
0	97	99	98	0	99	95
98	0	97	98	99	0	100
0	95	0	99	95	100	0

0	15	28	11	0	3	0
15	0	0	31	7	0	4
28	0	0	0	27	32	0
11	31	0	0	12	39	12
0	7	27	12	0	38	2
3	0	32	39	38	0	0
0	4	0	12	2	0	0

29	23
34	50
12	18
43	45
15	22
29	27
46	48
