0	1	1	1	1	1	1	1	1	1
1	0	1	1	1	1	1	0	1	1
1	1	0	1	1	1	1	0	1	1
1	1	1	0	1	0	0	1	1	1
1	1	1	1	0	1	0	0	1	1
1	1	1	0	1	0	1	1	1	1
1	1	1	0	0	1	0	1	0	1
1	0	0	1	0	1	1	0	0	0
1	1	1	1	1	1	0	0	0	1
1	1	1	1	1	1	1	0	1	0

0	9	13	13	10	7	14	5	15	11
9	0	9	5	7	13	5	0	8	9
13	9	0	14	13	15	7	0	9	13
13	5	14	0	8	0	0	10	9	7
10	7	13	8	0	13	0	0	7	5
7	13	15	0	13	0	9	7	12	5
14	5	7	0	0	9	0	13	0	15
5	0	0	10	0	7	13	0	0	0
15	8	9	9	7	12	0	0	0	7
11	9	13	7	5	5	15	0	7	0

0	3	5	3	3	4	3	2	5	1
3	0	2	1	2	3	5	0	5	5
5	2	0	2	2	4	1	0	2	5
3	1	2	0	1	0	0	5	3	4
3	2	2	1	0	1	0	0	1	2
4	3	4	0	1	0	2	2	5	5
3	5	1	0	0	2	0	2	0	1
2	0	0	5	0	2	2	0	0	0
5	5	2	3	1	5	0	0	0	1
1	5	5	4	2	5	1	0	1	0

0	100	99	97	96	98	95	99	100	96
100	0	98	99	95	95	100	0	100	100
99	98	0	99	100	97	99	0	100	97
97	99	99	0	97	0	0	96	95	100
96	95	100	97	0	96	0	0	100	95
98	95	97	0	96	0	100	95	98	98
95	100	99	0	0	100	0	95	0	95
99	0	0	96	0	95	95	0	0	0
100	100	100	95	100	98	0	0	0	96
96	100	97	100	95	98	95	0	96	0

0	34	13	38	36	47	22	46	36	16
34	0	12	48	48	5	11	0	4	24
13	12	0	12	20	40	23	0	45	37
38	48	12	0	12	0	0	16	9	17
36	48	20	12	0	23	0	0	33	18
47	5	40	0	23	0	11	6	10	29
22	11	23	0	0	11	0	25	0	0
46	0	0	16	0	6	25	0	0	0
36	4	45	9	33	10	0	0	0	17
16	24	37	17	18	29	0	0	17	0

45	44
36	46
23	50
40	36
23	45
48	25
40	23
38	14
30	31
16	27
