0	1	0	1	1	1	1	1	1
1	0	0	1	1	0	1	1	1
0	0	0	1	1	1	0	1	1
1	1	1	0	0	1	1	1	0
1	1	1	0	0	1	1	1	1
1	0	1	1	1	0	1	1	1
1	1	0	1	1	1	0	1	1
1	1	1	1	1	1	1	0	1
1	1	1	0	1	1	1	1	0

0	14	0	9	8	12	15	11	10
14	0	0	11	14	0	5	10	5
0	0	0	14	15	9	0	6	7
9	11	14	0	0	9	6	11	0
8	14	15	0	0	7	15	6	13
12	0	9	9	7	0	10	8	11
15	5	0	6	15	10	0	13	13
11	10	6	11	6	8	13	0	5
10	5	7	0	13	11	13	5	0

0	3	0	1	1	2	1	4	2
3	0	0	1	4	0	1	4	2
0	0	0	4	2	2	0	3	5
1	1	4	0	0	5	4	3	0
1	4	2	0	0	1	5	4	4
2	0	2	5	1	0	5	4	4
1	1	0	4	5	5	0	5	2
4	4	3	3	4	4	5	0	5
2	2	5	0	4	4	2	5	0

0	95	0	96	95	95	95	99	99
95	0	0	95	96	0	96	100	95
0	0	0	97	100	96	0	96	97
96	95	97	0	0	97	95	95	0
95	96	100	0	0	95	97	100	100
95	0	96	97	95	0	97	96	96
95	96	0	95	97	97	0	99	99
99	100	96	95	100	96	99	0	97
99	95	97	0	100	96	99	97	0

0	0	0	23	42	25	36	33	14
0	0	0	38	33	0	30	10	40
0	0	0	24	12	30	0	43	8
23	38	24	0	0	21	42	8	0
42	33	12	0	0	16	13	28	17
25	0	30	21	16	0	33	38	8
36	30	0	42	13	33	0	41	39
33	10	43	8	28	38	41	0	39
14	40	8	0	17	8	39	39	0

28	36
43	28
15	26
18	48
49	49
25	29
16	28
10	50
22	10
