0	1	0	0	0	1	0	0	0	1
1	0	0	1	1	1	0	0	1	1
0	0	0	1	1	1	0	1	1	0
0	1	1	0	1	0	0	0	1	1
0	1	1	1	0	1	1	1	1	0
1	1	1	0	1	0	0	0	1	1
0	0	0	0	1	0	0	1	0	1
0	0	1	0	1	0	1	0	0	1
0	1	1	1	1	1	0	0	0	0
1	1	0	1	0	1	1	1	0	0

0	12	0	0	0	10	0	0	0	14
12	0	0	12	8	7	0	0	8	10
0	0	0	9	7	5	0	8	13	0
0	12	9	0	11	0	0	0	13	5
0	8	7	11	0	15	8	6	9	0
10	7	5	0	15	0	0	0	6	8
0	0	0	0	8	0	0	5	0	9
0	0	8	0	6	0	5	0	0	9
0	8	13	13	9	6	0	0	0	0
14	10	0	5	0	8	9	9	0	0

0	5	0	0	0	1	0	0	0	5
5	0	0	2	2	3	0	0	5	5
0	0	0	3	3	5	0	4	3	0
0	2	3	0	3	0	0	0	2	2
0	2	3	3	0	4	5	4	5	0
1	3	5	0	4	0	0	0	5	5
0	0	0	0	5	0	0	2	0	5
0	0	4	0	4	0	2	0	0	2
0	5	3	2	5	5	0	0	0	0
5	5	0	2	0	5	5	2	0	0

0	99	0	0	0	97	0	0	0	95
99	0	0	96	99	99	0	0	97	98
0	0	0	98	97	95	0	95	98	0
0	96	98	0	95	0	0	0	99	97
0	99	97	95	0	98	100	95	98	0
97	99	95	0	98	0	0	0	95	97
0	0	0	0	100	0	0	100	0	99
0	0	95	0	95	0	100	0	0	98
0	97	98	99	98	95	0	0	0	0
95	98	0	97	0	97	99	98	0	0

0	21	0	0	0	7	0	0	0	15
21	0	0	28	40	34	0	0	40	36
0	0	0	7	14	44	0	3	13	0
0	28	7	0	0	0	0	0	41	25
0	40	14	0	0	15	8	1	10	0
7	34	44	0	15	0	0	0	43	41
0	0	0	0	8	0	0	20	0	45
0	0	3	0	1	0	20	0	0	35
0	40	13	41	10	43	0	0	0	0
15	36	0	25	0	41	45	35	0	0

28	30
20	34
35	33
13	29
46	39
40	15
12	11
50	22
48	24
23	27
