0	1	1	0	1	1	1	1	0	1
1	0	0	1	0	0	0	1	0	1
1	0	0	1	1	1	1	1	1	1
0	1	1	0	0	1	0	1	0	1
1	0	1	0	0	0	1	0	0	1
1	0	1	1	0	0	0	1	1	1
1	0	1	0	1	0	0	1	1	1
1	1	1	1	0	1	1	0	0	1
0	0	1	0	0	1	1	0	0	1
1	1	1	1	1	1	1	1	1	0

0	9	15	0	14	10	9	5	0	8
9	0	0	6	0	0	0	12	0	6
15	0	0	11	14	12	13	14	5	9
0	6	11	0	0	7	0	10	0	11
14	0	14	0	0	0	9	0	0	11
10	0	12	7	0	0	0	13	15	6
9	0	13	0	9	0	0	13	9	15
5	12	14	10	0	13	13	0	0	12
0	0	5	0	0	15	9	0	0	10
8	6	9	11	11	6	15	12	10	0

0	3	2	0	5	2	4	3	0	3
3	0	0	1	0	0	0	5	0	2
2	0	0	1	1	5	2	3	4	3
0	1	1	0	0	3	0	1	0	1
5	0	1	0	0	0	3	0	0	3
2	0	5	3	0	0	0	4	1	1
4	0	2	0	3	0	0	2	4	1
3	5	3	1	0	4	2	0	0	3
0	0	4	0	0	1	4	0	0	5
3	2	3	1	3	1	1	3	5	0

0	98	99	0	98	95	98	100	0	98
98	0	0	95	0	0	0	98	0	95
99	0	0	100	97	96	98	99	96	100
0	95	100	0	0	96	0	100	0	95
98	0	97	0	0	0	97	0	0	96
95	0	96	96	0	0	0	96	96	96
98	0	98	0	97	0	0	96	99	97
100	98	99	100	0	96	96	0	0	96
0	0	96	0	0	96	99	0	0	96
98	95	100	95	96	96	97	96	96	0

0	11	1	0	18	31	10	20	0	9
11	0	0	47	0	0	0	21	0	5
1	0	0	32	38	35	11	41	0	40
0	47	32	0	0	24	0	5	0	31
18	0	38	0	0	0	26	0	0	15
31	0	35	24	0	0	0	28	38	20
10	0	11	0	26	0	0	10	13	21
20	21	41	5	0	28	10	0	0	30
0	0	0	0	0	38	13	0	0	35
9	5	40	31	15	20	21	30	35	0

19	48
30	12
30	34
28	39
32	23
47	21
43	46
49	29
20	38
45	39
