0	1	1	1	1	1	1
1	0	1	1	1	0	1
1	1	0	1	0	0	0
1	1	1	0	1	1	1
1	1	0	1	0	1	1
1	0	0	1	1	0	1
1	1	0	1	1	1	0

0	7	12	8	10	8	8
7	0	15	11	9	0	5
12	15	0	12	0	0	0
8	11	12	0	11	6	13
10	9	0	11	0	11	6
8	0	0	6	11	0	5
8	5	0	13	6	5	0

0	5	1	1	5	5	1
5	0	1	2	4	0	5
1	1	0	3	0	0	0
1	2	3	0	3	2	4
5	4	0	3	0	1	2
5	0	0	2	1	0	2
1	5	0	4	2	2	0

0	100	99	99	99	100	96
100	0	96	100	96	0	97
99	96	0	98	0	0	0
99	100	98	0	99	97	99
99	96	0	99	0	95	100
100	0	0	97	95	0	100
96	97	0	99	100	100	0

0	34	41	3	32	21	32
34	0	31	22	20	0	37
41	31	0	1	0	0	0
3	22	1	0	22	21	23
32	20	0	22	0	15	30
21	0	0	21	15	0	17
32	37	0	23	30	17	0

13	26
11	10
28	17
25	25
26	31
30	18
30	27
