0	1	1	0	1	0	1
1	0	1	1	1	0	1
1	1	0	1	1	1	1
0	1	1	0	0	1	1
1	1	1	0	0	1	1
0	0	1	1	1	0	0
1	1	1	1	1	0	0

0	12	10	0	9	0	5
12	0	11	6	6	0	6
10	11	0	5	14	13	9
0	6	5	0	0	13	12
9	6	14	0	0	14	14
0	0	13	13	14	0	0
5	6	9	12	14	0	0

0	1	5	0	3	0	2
1	0	3	5	5	0	1
5	3	0	3	3	3	5
0	5	3	0	0	2	4
3	5	3	0	0	3	2
0	0	3	2	3	0	0
2	1	5	4	2	0	0

0	96	96	0	99	0	97
96	0	99	100	95	0	100
96	99	0	96	96	96	95
0	100	96	0	0	95	95
99	95	96	0	0	98	99
0	0	96	95	98	0	0
97	100	95	95	99	0	0

0	42	32	0	1	0	11
42	0	15	46	36	0	23
32	15	0	7	18	8	19
0	46	7	0	0	2	36
1	36	18	0	0	3	14
0	0	8	2	3	0	0
11	23	19	36	14	0	0

35	23
48	29
11	39
33	19
45	45
33	15
39	28
