0	1	1	1	1	0	1
1	0	1	0	0	0	1
1	1	0	0	1	1	0
1	0	0	0	1	1	1
1	0	1	1	0	1	1
0	0	1	1	1	0	1
1	1	0	1	1	1	0

0	8	5	7	9	0	7
8	0	9	0	0	0	6
5	9	0	0	14	11	0
7	0	0	0	11	5	11
9	0	14	11	0	13	10
0	0	11	5	13	0	15
7	6	0	11	10	15	0

0	4	5	3	3	0	2
4	0	1	0	0	0	4
5	1	0	0	3	1	0
3	0	0	0	4	3	1
3	0	3	4	0	1	5
0	0	1	3	1	0	5
2	4	0	1	5	5	0

0	98	97	100	97	0	97
98	0	98	0	0	0	97
97	98	0	0	95	100	0
100	0	0	0	99	95	97
97	0	95	99	0	98	98
0	0	100	95	98	0	98
97	97	0	97	98	98	0

0	19	35	30	26	0	47
19	0	5	0	0	0	6
35	5	0	0	1	20	0
30	0	0	0	18	41	10
26	0	1	18	0	13	10
0	0	20	41	13	0	19
47	6	0	10	10	19	0

14	12
14	21
11	37
33	21
23	32
35	33
11	29
