0	1	0	1	1	1	1
1	0	0	0	0	0	0
0	0	0	1	0	0	1
1	0	1	0	1	1	1
1	0	0	1	0	0	1
1	0	0	1	0	0	1
1	0	1	1	1	1	0

0	12	0	13	14	14	12
12	0	0	0	0	0	0
0	0	0	9	0	0	14
13	0	9	0	9	7	10
14	0	0	9	0	0	9
14	0	0	7	0	0	12
12	0	14	10	9	12	0

0	5	0	2	1	1	4
5	0	0	0	0	0	0
0	0	0	2	0	0	1
2	0	2	0	5	3	2
1	0	0	5	0	0	2
1	0	0	3	0	0	2
4	0	1	2	2	2	0

0	96	0	95	98	95	96
96	0	0	0	0	0	0
0	0	0	97	0	0	98
95	0	97	0	96	96	95
98	0	0	96	0	0	98
95	0	0	96	0	0	95
96	0	98	95	98	95	0

0	43	0	8	5	39	20
43	0	0	0	0	0	0
0	0	0	19	0	0	4
8	0	19	0	44	19	9
5	0	0	44	0	0	19
39	0	0	19	0	0	34
20	0	4	9	19	34	0

41	13
24	25
33	49
31	44
14	36
41	17
42	11
