0	1	0	1	1	0	1	1	1	1
1	0	0	1	0	0	0	1	1	1
0	0	0	1	0	1	1	1	1	0
1	1	1	0	1	1	1	0	1	1
1	0	0	1	0	1	0	0	0	1
0	0	1	1	1	0	0	1	1	0
1	0	1	1	0	0	0	1	0	1
1	1	1	0	0	1	1	0	0	1
1	1	1	1	0	1	0	0	0	0
1	1	0	1	1	0	1	1	0	0

0	6	0	12	9	0	12	10	10	5
6	0	0	5	0	0	0	6	9	5
0	0	0	7	0	12	5	7	12	0
12	5	7	0	15	10	10	0	11	11
9	0	0	15	0	7	0	0	0	5
0	0	12	10	7	0	0	8	8	0
12	0	5	10	0	0	0	14	0	14
10	6	7	0	0	8	14	0	0	10
10	9	12	11	0	8	0	0	0	0
5	5	0	11	5	0	14	10	0	0

0	3	0	2	5	0	5	1	4	5
3	0	0	2	0	0	0	5	3	5
0	0	0	1	0	5	4	1	5	0
2	2	1	0	2	2	2	0	2	4
5	0	0	2	0	4	0	0	0	5
0	0	5	2	4	0	0	3	4	0
5	0	4	2	0	0	0	1	0	3
1	5	1	0	0	3	1	0	0	5
4	3	5	2	0	4	0	0	0	0
5	5	0	4	5	0	3	5	0	0

0	98	0	97	97	0	99	97	95	99
98	0	0	98	0	0	0	97	99	98
0	0	0	97	0	96	100	96	95	0
97	98	97	0	98	95	100	0	98	96
97	0	0	98	0	95	0	0	0	95
0	0	96	95	95	0	0	99	100	0
99	0	100	100	0	0	0	99	0	100
97	97	96	0	0	99	99	0	0	97
95	99	95	98	0	100	0	0	0	0
99	98	0	96	95	0	100	97	0	0

0	4	0	31	19	0	1	21	30	14
4	0	0	4	0	0	0	43	37	8
0	0	0	4	0	17	35	25	13	0
31	4	4	0	23	21	41	0	29	29
19	0	0	23	0	37	0	0	0	6
0	0	17	21	37	0	0	21	36	0
1	0	35	41	0	0	0	8	0	3
21	43	25	0	0	21	8	0	0	13
30	37	13	29	0	36	0	0	0	0
14	8	0	29	6	0	3	13	0	0

18	49
36	49
27	48
42	37
34	48
28	17
42	35
34	37
49	21
49	50
