0	1	1	1	1	0	1	1
1	0	0	1	1	1	0	0
1	0	0	1	0	0	1	0
1	1	1	0	1	1	0	1
1	1	0	1	0	1	1	0
0	1	0	1	1	0	1	1
1	0	1	0	1	1	0	1
1	0	0	1	0	1	1	0

0	10	10	9	13	0	10	6
10	0	0	9	6	5	0	0
10	0	0	8	0	0	9	0
9	9	8	0	12	11	0	11
13	6	0	12	0	8	14	0
0	5	0	11	8	0	14	13
10	0	9	0	14	14	0	14
6	0	0	11	0	13	14	0

0	3	3	2	1	0	2	4
3	0	0	2	5	3	0	0
3	0	0	2	0	0	2	0
2	2	2	0	1	5	0	4
1	5	0	1	0	5	3	0
0	3	0	5	5	0	4	1
2	0	2	0	3	4	0	1
4	0	0	4	0	1	1	0

0	100	97	100	99	0	100	97
100	0	0	99	97	96	0	0
97	0	0	96	0	0	96	0
100	99	96	0	99	97	0	95
99	97	0	99	0	99	99	0
0	96	0	97	99	0	95	96
100	0	96	0	99	95	0	98
97	0	0	95	0	96	98	0

0	8	18	27	19	0	24	4
8	0	0	24	11	37	0	0
18	0	0	1	0	0	33	0
27	24	1	0	33	5	0	17
19	11	0	33	0	40	7	0
0	37	0	5	40	0	7	34
24	0	33	0	7	7	0	17
4	0	0	17	0	34	17	0

17	10
22	31
43	46
31	13
44	31
40	27
25	12
33	46
