0	0	0	1	0	1	0	1	0	1
0	0	1	0	1	0	1	1	1	0
0	1	0	0	1	1	1	1	1	1
1	0	0	0	1	1	0	1	1	1
0	1	1	1	0	1	1	1	0	0
1	0	1	1	1	0	1	1	1	1
0	1	1	0	1	1	0	1	1	1
1	1	1	1	1	1	1	0	1	1
0	1	1	1	0	1	1	1	0	1
1	0	1	1	0	1	1	1	1	0

0	0	0	5	0	13	0	13	0	7
0	0	6	0	9	0	13	9	7	0
0	6	0	0	6	14	13	13	6	6
5	0	0	0	14	8	0	11	12	7
0	9	6	14	0	5	14	7	0	0
13	0	14	8	5	0	10	11	5	8
0	13	13	0	14	10	0	6	10	13
13	9	13	11	7	11	6	0	13	6
0	7	6	12	0	5	10	13	0	10
7	0	6	7	0	8	13	6	10	0

0	0	0	1	0	2	0	4	0	5
0	0	4	0	1	0	1	4	3	0
0	4	0	0	2	3	4	2	4	4
1	0	0	0	1	3	0	4	2	2
0	1	2	1	0	4	5	3	0	0
2	0	3	3	4	0	2	2	2	1
0	1	4	0	5	2	0	2	1	4
4	4	2	4	3	2	2	0	3	3
0	3	4	2	0	2	1	3	0	4
5	0	4	2	0	1	4	3	4	0

0	0	0	95	0	97	0	98	0	95
0	0	97	0	96	0	97	95	98	0
0	97	0	0	96	100	99	96	99	99
95	0	0	0	96	99	0	100	96	96
0	96	96	96	0	96	97	98	0	0
97	0	100	99	96	0	97	98	100	95
0	97	99	0	97	97	0	95	100	100
98	95	96	100	98	98	95	0	100	98
0	98	99	96	0	100	100	100	0	98
95	0	99	96	0	95	100	98	98	0

0	0	0	36	0	16	0	38	0	48
0	0	1	0	42	0	19	3	27	0
0	1	0	0	19	23	33	1	47	44
36	0	0	0	26	12	0	7	5	31
0	42	19	26	0	17	7	30	0	0
16	0	23	12	17	0	35	22	5	22
0	19	33	0	7	35	0	19	32	15
38	3	1	7	30	22	19	0	16	27
0	27	47	5	0	5	32	16	0	32
48	0	44	31	0	22	15	27	32	0

21	34
21	38
30	28
10	38
45	39
29	16
50	10
11	24
22	17
29	25
