0	0	0	1	1	0	0	0	1	0
0	0	1	1	1	1	1	1	1	1
0	1	0	0	1	0	1	1	1	0
1	1	0	0	0	1	0	1	1	1
1	1	1	0	0	1	0	0	0	1
0	1	0	1	1	0	0	1	1	1
0	1	1	0	0	0	0	1	1	0
0	1	1	1	0	1	1	0	1	1
1	1	1	1	0	1	1	1	0	1
0	1	0	1	1	1	0	1	1	0

0	0	0	13	11	0	0	0	10	0
0	0	8	11	8	7	5	15	14	8
0	8	0	0	13	0	13	15	6	0
13	11	0	0	0	7	0	15	6	6
11	8	13	0	0	7	0	0	0	6
0	7	0	7	7	0	0	14	5	14
0	5	13	0	0	0	0	11	15	0
0	15	15	15	0	14	11	0	13	13
10	14	6	6	0	5	15	13	0	11
0	8	0	6	6	14	0	13	11	0

0	0	0	4	5	0	0	0	3	0
0	0	2	4	4	2	5	5	1	4
0	2	0	0	5	0	5	3	2	0
4	4	0	0	0	1	0	2	1	4
5	4	5	0	0	2	0	0	0	1
0	2	0	1	2	0	0	1	3	1
0	5	5	0	0	0	0	1	4	0
0	5	3	2	0	1	1	0	5	1
3	1	2	1	0	3	4	5	0	4
0	4	0	4	1	1	0	1	4	0

0	0	0	96	95	0	0	0	97	0
0	0	97	99	97	100	95	99	96	98
0	97	0	0	96	0	95	95	100	0
96	99	0	0	0	97	0	98	98	100
95	97	96	0	0	99	0	0	0	100
0	100	0	97	99	0	0	95	96	98
0	95	95	0	0	0	0	98	100	0
0	99	95	98	0	95	98	0	100	96
97	96	100	98	0	96	100	100	0	97
0	98	0	100	100	98	0	96	97	0

0	0	0	16	17	0	0	0	37	0
0	0	1	18	0	38	14	2	10	20
0	1	0	0	38	0	41	36	37	0
16	18	0	0	0	44	0	10	45	31
17	0	38	0	0	15	0	0	0	23
0	38	0	44	15	0	0	39	15	39
0	14	41	0	0	0	0	31	24	0
0	2	36	10	0	39	31	0	5	35
37	10	37	45	0	15	24	5	0	10
0	20	0	31	23	39	0	35	10	0

13	32
40	44
25	28
29	37
31	27
34	46
20	33
24	27
41	16
37	50
