0	1	0	1	1	1	1	0
1	0	1	1	1	1	1	1
0	1	0	1	1	1	1	1
1	1	1	0	1	1	1	0
1	1	1	1	0	1	0	1
1	1	1	1	1	0	1	1
1	1	1	1	0	1	0	0
0	1	1	0	1	1	0	0

0	12	0	10	9	11	5	0
12	0	11	14	10	11	12	9
0	11	0	12	9	13	10	5
10	14	12	0	13	5	11	0
9	10	9	13	0	6	0	5
11	11	13	5	6	0	7	13
5	12	10	11	0	7	0	0
0	9	5	0	5	13	0	0

0	1	0	2	5	4	2	0
1	0	1	1	1	3	5	4
0	1	0	3	5	2	4	4
2	1	3	0	2	3	1	0
5	1	5	2	0	2	0	4
4	3	2	3	2	0	5	2
2	5	4	1	0	5	0	0
0	4	4	0	4	2	0	0

0	99	0	99	98	95	96	0
99	0	98	98	98	99	99	98
0	98	0	99	95	97	99	98
99	98	99	0	95	97	95	0
98	98	95	95	0	98	0	98
95	99	97	97	98	0	97	96
96	99	99	95	0	97	0	0
0	98	98	0	98	96	0	0

0	33	0	14	27	23	32	0
33	0	24	17	21	8	34	39
0	24	0	20	42	39	18	26
14	17	20	0	38	10	28	0
27	21	42	38	0	32	0	8
23	8	39	10	32	0	32	1
32	34	18	28	0	32	0	0
0	39	26	0	8	1	0	0

50	19
25	48
39	22
23	41
29	15
18	17
46	28
48	31
