0	0	0	0	1	1	1	1	1
0	0	0	1	1	1	1	1	1
0	0	0	1	1	1	1	1	1
0	1	1	0	1	1	1	1	1
1	1	1	1	0	1	1	0	1
1	1	1	1	1	0	0	0	0
1	1	1	1	1	0	0	0	0
1	1	1	1	0	0	0	0	1
1	1	1	1	1	0	0	1	0

0	0	0	0	11	5	13	9	13
0	0	0	9	15	15	13	14	8
0	0	0	9	13	10	14	13	12
0	9	9	0	11	15	5	14	8
11	15	13	11	0	8	8	0	5
5	15	10	15	8	0	0	0	0
13	13	14	5	8	0	0	0	0
9	14	13	14	0	0	0	0	11
13	8	12	8	5	0	0	11	0

0	0	0	0	5	3	5	2	2
0	0	0	2	2	1	5	5	3
0	0	0	2	2	5	3	2	4
0	2	2	0	1	4	5	1	4
5	2	2	1	0	4	4	0	2
3	1	5	4	4	0	0	0	0
5	5	3	5	4	0	0	0	0
2	5	2	1	0	0	0	0	5
2	3	4	4	2	0	0	5	0

0	0	0	0	98	99	99	98	98
0	0	0	97	100	98	98	98	99
0	0	0	95	100	98	99	100	98
0	97	95	0	95	95	97	95	96
98	100	100	95	0	97	100	0	98
99	98	98	95	97	0	0	0	0
99	98	99	97	100	0	0	0	0
98	98	100	95	0	0	0	0	97
98	99	98	96	98	0	0	97	0

0	0	0	0	6	22	0	37	20
0	0	0	8	35	40	32	35	9
0	0	0	35	12	7	5	41	38
0	8	35	0	26	20	11	25	4
6	35	12	26	0	27	38	0	40
22	40	7	20	27	0	0	0	0
0	32	5	11	38	0	0	0	0
37	35	41	25	0	0	0	0	1
20	9	38	4	40	0	0	1	0

29	45
43	30
28	22
14	10
27	31
44	40
34	28
33	24
46	45
