0	0	0	1	1	0	1
0	0	1	1	1	0	1
0	1	0	1	0	1	1
1	1	1	0	1	0	1
1	1	0	1	0	1	0
0	0	1	0	1	0	1
1	1	1	1	0	1	0

0	0	0	15	12	0	5
0	0	13	11	13	0	9
0	13	0	10	0	6	8
15	11	10	0	11	0	12
12	13	0	11	0	9	0
0	0	6	0	9	0	7
5	9	8	12	0	7	0

0	0	0	4	1	0	4
0	0	4	5	3	0	3
0	4	0	1	0	4	1
4	5	1	0	3	0	3
1	3	0	3	0	4	0
0	0	4	0	4	0	4
4	3	1	3	0	4	0

0	0	0	96	97	0	95
0	0	97	97	97	0	96
0	97	0	97	0	96	99
96	97	97	0	98	0	99
97	97	0	98	0	96	0
0	0	96	0	96	0	99
95	96	99	99	0	99	0

0	0	0	15	18	0	49
0	0	22	21	25	0	17
0	22	0	9	0	44	8
15	21	9	0	1	0	5
18	25	0	1	0	44	0
0	0	44	0	44	0	3
49	17	8	5	0	3	0

50	43
17	39
10	17
44	38
44	28
44	16
10	39
