0	1	0	1	0	1	1	1
1	0	1	1	1	1	0	1
0	1	0	1	1	1	1	1
1	1	1	0	1	1	0	0
0	1	1	1	0	1	1	1
1	1	1	1	1	0	1	0
1	0	1	0	1	1	0	1
1	1	1	0	1	0	1	0

0	6	0	6	0	14	7	7
6	0	12	13	11	13	0	10
0	12	0	12	8	7	12	11
6	13	12	0	13	13	0	0
0	11	8	13	0	15	9	9
14	13	7	13	15	0	7	0
7	0	12	0	9	7	0	13
7	10	11	0	9	0	13	0

0	1	0	2	0	3	2	1
1	0	3	1	5	1	0	5
0	3	0	3	1	5	2	2
2	1	3	0	1	4	0	0
0	5	1	1	0	3	5	1
3	1	5	4	3	0	4	0
2	0	2	0	5	4	0	2
1	5	2	0	1	0	2	0

0	98	0	100	0	100	99	96
98	0	99	97	97	96	0	96
0	99	0	97	95	100	97	98
100	97	97	0	95	96	0	0
0	97	95	95	0	100	95	95
100	96	100	96	100	0	98	0
99	0	97	0	95	98	0	96
96	96	98	0	95	0	96	0

0	4	0	4	0	15	2	43
4	0	6	27	31	11	0	4
0	6	0	13	5	42	26	44
4	27	13	0	24	14	0	0
0	31	5	24	0	4	45	10
15	11	42	14	4	0	17	0
2	0	26	0	45	17	0	18
43	4	44	0	10	0	18	0

21	17
17	25
14	41
45	29
46	20
44	34
16	48
34	46
