0	0	1	0	1	1	0	1	0
0	0	1	1	1	1	1	0	1
1	1	0	1	1	1	1	1	0
0	1	1	0	1	1	1	1	0
1	1	1	1	0	1	1	0	1
1	1	1	1	1	0	1	1	1
0	1	1	1	1	1	0	0	1
1	0	1	1	0	1	0	0	1
0	1	0	0	1	1	1	1	0

0	0	9	0	15	11	0	14	0
0	0	11	6	12	6	7	0	11
9	11	0	6	9	7	13	6	0
0	6	6	0	13	9	5	12	0
15	12	9	13	0	12	9	0	11
11	6	7	9	12	0	6	6	9
0	7	13	5	9	6	0	0	13
14	0	6	12	0	6	0	0	9
0	11	0	0	11	9	13	9	0

0	0	4	0	5	4	0	2	0
0	0	5	1	2	4	4	0	3
4	5	0	1	4	3	5	4	0
0	1	1	0	4	5	4	5	0
5	2	4	4	0	4	4	0	4
4	4	3	5	4	0	2	2	2
0	4	5	4	4	2	0	0	3
2	0	4	5	0	2	0	0	2
0	3	0	0	4	2	3	2	0

0	0	98	0	95	99	0	98	0
0	0	95	100	99	100	98	0	100
98	95	0	95	96	95	98	98	0
0	100	95	0	99	99	98	100	0
95	99	96	99	0	95	100	0	95
99	100	95	99	95	0	96	95	98
0	98	98	98	100	96	0	0	99
98	0	98	100	0	95	0	0	98
0	100	0	0	95	98	99	98	0

0	0	20	0	14	8	0	23	0
0	0	38	8	3	36	15	0	6
20	38	0	21	34	27	22	35	0
0	8	21	0	41	35	8	6	0
14	3	34	41	0	43	6	0	20
8	36	27	35	43	0	39	6	41
0	15	22	8	6	39	0	0	39
23	0	35	6	0	6	0	0	24
0	6	0	0	20	41	39	24	0

29	47
31	41
10	23
46	14
27	16
46	11
46	43
26	33
41	47
