0	1	1	1	1	1	1	1	0
1	0	0	0	0	0	0	1	1
1	0	0	0	0	0	1	1	1
1	0	0	0	1	1	1	1	1
1	0	0	1	0	1	0	0	1
1	0	0	1	1	0	1	0	1
1	0	1	1	0	1	0	1	0
1	1	1	1	0	0	1	0	0
0	1	1	1	1	1	0	0	0

0	11	14	6	14	13	12	6	0
11	0	0	0	0	0	0	13	15
14	0	0	0	0	0	10	13	12
6	0	0	0	10	13	12	9	15
14	0	0	10	0	6	0	0	5
13	0	0	13	6	0	8	0	12
12	0	10	12	0	8	0	14	0
6	13	13	9	0	0	14	0	0
0	15	12	15	5	12	0	0	0

0	3	1	2	5	5	5	5	0
3	0	0	0	0	0	0	5	2
1	0	0	0	0	0	4	5	3
2	0	0	0	5	3	2	3	5
5	0	0	5	0	5	0	0	3
5	0	0	3	5	0	2	0	2
5	0	4	2	0	2	0	5	0
5	5	5	3	0	0	5	0	0
0	2	3	5	3	2	0	0	0

0	97	95	97	98	99	100	100	0
97	0	0	0	0	0	0	95	99
95	0	0	0	0	0	98	95	95
97	0	0	0	97	96	99	100	99
98	0	0	97	0	99	0	0	98
99	0	0	96	99	0	100	0	99
100	0	98	99	0	100	0	99	0
100	95	95	100	0	0	99	0	0
0	99	95	99	98	99	0	0	0

0	31	16	41	38	37	42	6	0
31	0	0	0	0	0	0	42	2
16	0	0	0	0	0	44	10	15
41	0	0	0	29	15	25	22	17
38	0	0	29	0	3	0	0	20
37	0	0	15	3	0	29	0	13
42	0	44	25	0	29	0	34	0
6	42	10	22	0	0	34	0	0
0	2	15	17	20	13	0	0	0

25	46
39	14
37	34
45	27
47	43
25	50
41	36
31	48
21	39
