0	1	1	1	0	0	0	0
1	0	1	1	1	1	1	1
1	1	0	1	1	1	0	1
1	1	1	0	0	1	0	1
0	1	1	0	0	0	0	0
0	1	1	1	0	0	0	1
0	1	0	0	0	0	0	0
0	1	1	1	0	1	0	0

0	7	10	12	0	0	0	0
7	0	10	6	13	5	5	11
10	10	0	5	10	9	0	7
12	6	5	0	0	13	0	8
0	13	10	0	0	0	0	0
0	5	9	13	0	0	0	12
0	5	0	0	0	0	0	0
0	11	7	8	0	12	0	0

0	3	5	5	0	0	0	0
3	0	2	4	4	2	5	1
5	2	0	5	2	5	0	2
5	4	5	0	0	2	0	1
0	4	2	0	0	0	0	0
0	2	5	2	0	0	0	5
0	5	0	0	0	0	0	0
0	1	2	1	0	5	0	0

0	98	99	98	0	0	0	0
98	0	95	96	98	99	99	97
99	95	0	96	100	98	0	95
98	96	96	0	0	98	0	97
0	98	100	0	0	0	0	0
0	99	98	98	0	0	0	100
0	99	0	0	0	0	0	0
0	97	95	97	0	100	0	0

0	11	26	43	0	0	0	0
11	0	30	31	41	44	9	35
26	30	0	5	44	21	0	47
43	31	5	0	0	8	0	8
0	41	44	0	0	0	0	0
0	44	21	8	0	0	0	23
0	9	0	0	0	0	0	0
0	35	47	8	0	23	0	0

45	47
35	50
23	16
49	37
30	35
16	26
14	27
27	11
