0	1	1	1	1	1	1	0	0
1	0	1	0	1	0	0	0	1
1	1	0	1	1	1	1	0	1
1	0	1	0	1	1	1	1	1
1	1	1	1	0	1	0	0	0
1	0	1	1	1	0	1	0	1
1	0	1	1	0	1	0	0	1
0	0	0	1	0	0	0	0	0
0	1	1	1	0	1	1	0	0

0	7	15	13	5	14	10	0	0
7	0	7	0	11	0	0	0	14
15	7	0	11	13	11	12	0	5
13	0	11	0	14	9	12	7	12
5	11	13	14	0	14	0	0	0
14	0	11	9	14	0	5	0	15
10	0	12	12	0	5	0	0	5
0	0	0	7	0	0	0	0	0
0	14	5	12	0	15	5	0	0

0	3	5	5	5	3	3	0	0
3	0	3	0	5	0	0	0	2
5	3	0	1	3	5	2	0	2
5	0	1	0	2	2	3	4	4
5	5	3	2	0	1	0	0	0
3	0	5	2	1	0	3	0	4
3	0	2	3	0	3	0	0	2
0	0	0	4	0	0	0	0	0
0	2	2	4	0	4	2	0	0

0	100	96	97	97	99	96	0	0
100	0	99	0	98	0	0	0	98
96	99	0	100	99	99	96	0	96
97	0	100	0	100	97	97	99	100
97	98	99	100	0	95	0	0	0
99	0	99	97	95	0	98	0	95
96	0	96	97	0	98	0	0	99
0	0	0	99	0	0	0	0	0
0	98	96	100	0	95	99	0	0

0	45	11	4	49	32	15	0	0
45	0	7	0	20	0	0	0	39
11	7	0	32	7	7	13	0	16
4	0	32	0	3	22	25	29	38
49	20	7	3	0	21	0	0	0
32	0	7	22	21	0	8	0	26
15	0	13	25	0	8	0	0	27
0	0	0	29	0	0	0	0	0
0	39	16	38	0	26	27	0	0

36	13
41	44
47	50
14	19
44	32
13	31
32	13
41	44
32	18
