0	0	1	1	1	1	1
0	0	1	1	1	1	1
1	1	0	1	1	1	1
1	1	1	0	1	1	1
1	1	1	1	0	1	0
1	1	1	1	1	0	1
1	1	1	1	0	1	0

0	0	6	14	5	9	13
0	0	9	6	11	13	6
6	9	0	6	10	9	12
14	6	6	0	10	5	5
5	11	10	10	0	7	0
9	13	9	5	7	0	13
13	6	12	5	0	13	0

0	0	4	3	5	3	1
0	0	1	4	3	5	4
4	1	0	3	4	4	3
3	4	3	0	4	1	1
5	3	4	4	0	4	0
3	5	4	1	4	0	4
1	4	3	1	0	4	0

0	0	96	95	95	99	96
0	0	96	95	98	100	100
96	96	0	97	100	95	98
95	95	97	0	98	95	99
95	98	100	98	0	95	0
99	100	95	95	95	0	100
96	100	98	99	0	100	0

0	0	25	31	22	41	18
0	0	8	17	1	29	10
25	8	0	41	15	44	24
31	17	41	0	0	26	48
22	1	15	0	0	23	0
41	29	44	26	23	0	38
18	10	24	48	0	38	0

48	46
29	17
43	35
32	28
30	44
32	19
25	25
