0	1	0	1	1	1	1
1	0	1	1	0	1	1
0	1	0	0	0	0	1
1	1	0	0	1	1	1
1	0	0	1	0	1	0
1	1	0	1	1	0	0
1	1	1	1	0	0	0

0	9	0	12	6	9	8
9	0	14	14	0	7	13
0	14	0	0	0	0	15
12	14	0	0	15	14	9
6	0	0	15	0	11	0
9	7	0	14	11	0	0
8	13	15	9	0	0	0

0	5	0	1	4	4	4
5	0	2	2	0	1	4
0	2	0	0	0	0	5
1	2	0	0	2	4	5
4	0	0	2	0	2	0
4	1	0	4	2	0	0
4	4	5	5	0	0	0

0	95	0	96	96	96	96
95	0	99	98	0	100	99
0	99	0	0	0	0	100
96	98	0	0	99	98	97
96	0	0	99	0	97	0
96	100	0	98	97	0	0
96	99	100	97	0	0	0

0	36	0	38	38	11	19
36	0	24	32	0	17	27
0	24	0	0	0	0	32
38	32	0	0	34	37	35
38	0	0	34	0	3	0
11	17	0	37	3	0	0
19	27	32	35	0	0	0

35	35
46	15
12	36
22	46
34	36
12	27
26	38
