0	0	0	1	1	0	1
0	0	1	1	0	0	1
0	1	0	1	1	1	0
1	1	1	0	1	0	1
1	0	1	1	0	1	1
0	0	1	0	1	0	0
1	1	0	1	1	0	0

0	0	0	7	7	0	11
0	0	11	14	0	0	5
0	11	0	11	5	8	0
7	14	11	0	6	0	11
7	0	5	6	0	5	14
0	0	8	0	5	0	0
11	5	0	11	14	0	0

0	0	0	5	2	0	2
0	0	4	2	0	0	3
0	4	0	5	3	5	0
5	2	5	0	1	0	2
2	0	3	1	0	1	3
0	0	5	0	1	0	0
2	3	0	2	3	0	0

0	0	0	95	96	0	95
0	0	99	95	0	0	99
0	99	0	95	100	98	0
95	95	95	0	100	0	95
96	0	100	100	0	98	97
0	0	98	0	98	0	0
95	99	0	95	97	0	0

0	0	0	12	21	0	14
0	0	1	24	0	0	23
0	1	0	24	39	38	0
12	24	24	0	19	0	29
21	0	39	19	0	50	22
0	0	38	0	50	0	0
14	23	0	29	22	0	0

15	14
48	23
23	17
41	46
47	18
24	18
37	23
