0	0	1	1	1	0	1	1
0	0	0	1	1	1	1	0
1	0	0	0	1	0	1	1
1	1	0	0	1	0	1	1
1	1	1	1	0	0	1	1
0	1	0	0	0	0	1	0
1	1	1	1	1	1	0	1
1	0	1	1	1	0	1	0

0	0	13	13	8	0	9	15
0	0	0	5	5	9	5	0
13	0	0	0	14	0	7	15
13	5	0	0	10	0	7	8
8	5	14	10	0	0	10	15
0	9	0	0	0	0	11	0
9	5	7	7	10	11	0	12
15	0	15	8	15	0	12	0

0	0	2	4	5	0	3	5
0	0	0	5	2	3	2	0
2	0	0	0	1	0	4	2
4	5	0	0	4	0	4	5
5	2	1	4	0	0	2	5
0	3	0	0	0	0	4	0
3	2	4	4	2	4	0	5
5	0	2	5	5	0	5	0

0	0	95	100	95	0	98	99
0	0	0	100	96	100	97	0
95	0	0	0	98	0	100	95
100	100	0	0	96	0	98	100
95	96	98	96	0	0	97	96
0	100	0	0	0	0	95	0
98	97	100	98	97	95	0	96
99	0	95	100	96	0	96	0

0	0	8	35	0	0	0	26
0	0	0	47	27	29	46	0
8	0	0	0	14	0	6	33
35	47	0	0	11	0	18	27
0	27	14	11	0	0	14	12
0	29	0	0	0	0	37	0
0	46	6	18	14	37	0	26
26	0	33	27	12	0	26	0

16	13
11	35
36	39
27	10
30	16
45	21
31	22
13	17
