0	1	1	1	1	1	1	1
1	0	0	1	1	1	1	0
1	0	0	1	1	1	0	1
1	1	1	0	1	1	1	0
1	1	1	1	0	1	1	1
1	1	1	1	1	0	1	0
1	1	0	1	1	1	0	1
1	0	1	0	1	0	1	0

0	11	6	13	9	5	8	14
11	0	0	6	14	8	9	0
6	0	0	6	7	14	0	5
13	6	6	0	9	12	11	0
9	14	7	9	0	14	12	10
5	8	14	12	14	0	14	0
8	9	0	11	12	14	0	12
14	0	5	0	10	0	12	0

0	1	4	5	3	3	4	3
1	0	0	1	4	2	2	0
4	0	0	2	3	4	0	4
5	1	2	0	5	1	4	0
3	4	3	5	0	3	5	5
3	2	4	1	3	0	5	0
4	2	0	4	5	5	0	5
3	0	4	0	5	0	5	0

0	98	100	96	97	99	97	98
98	0	0	96	97	98	98	0
100	0	0	98	97	96	0	100
96	96	98	0	100	98	95	0
97	97	97	100	0	96	98	96
99	98	96	98	96	0	95	0
97	98	0	95	98	95	0	95
98	0	100	0	96	0	95	0

0	29	41	9	7	11	18	34
29	0	0	13	32	27	27	0
41	0	0	32	31	10	0	9
9	13	32	0	33	30	24	0
7	32	31	33	0	35	31	39
11	27	10	30	35	0	19	0
18	27	0	24	31	19	0	4
34	0	9	0	39	0	4	0

40	25
17	29
26	20
12	33
43	49
36	35
29	14
36	17
