0	0	1	0	0	1	1	1	1
0	0	1	0	1	1	1	1	1
1	1	0	1	0	0	1	1	1
0	0	1	0	1	1	0	1	0
0	1	0	1	0	1	1	1	1
1	1	0	1	1	0	0	1	1
1	1	1	0	1	0	0	1	0
1	1	1	1	1	1	1	0	1
1	1	1	0	1	1	0	1	0

0	0	14	0	0	7	7	10	13
0	0	8	0	8	5	8	6	10
14	8	0	6	0	0	7	9	5
0	0	6	0	13	10	0	8	0
0	8	0	13	0	13	12	8	12
7	5	0	10	13	0	0	14	10
7	8	7	0	12	0	0	6	0
10	6	9	8	8	14	6	0	5
13	10	5	0	12	10	0	5	0

0	0	2	0	0	2	2	1	5
0	0	5	0	2	5	5	3	1
2	5	0	5	0	0	1	4	2
0	0	5	0	4	1	0	2	0
0	2	0	4	0	3	4	1	4
2	5	0	1	3	0	0	4	5
2	5	1	0	4	0	0	3	0
1	3	4	2	1	4	3	0	2
5	1	2	0	4	5	0	2	0

0	0	100	0	0	98	96	95	95
0	0	97	0	97	95	97	99	95
100	97	0	99	0	0	100	97	100
0	0	99	0	95	97	0	99	0
0	97	0	95	0	95	95	97	99
98	95	0	97	95	0	0	96	97
96	97	100	0	95	0	0	100	0
95	99	97	99	97	96	100	0	99
95	95	100	0	99	97	0	99	0

0	0	40	0	0	32	3	14	25
0	0	4	0	14	45	41	3	35
40	4	0	26	0	0	2	19	0
0	0	26	0	37	15	0	23	0
0	14	0	37	0	42	30	15	41
32	45	0	15	42	0	0	38	3
3	41	2	0	30	0	0	1	0
14	3	19	23	15	38	1	0	36
25	35	0	0	41	3	0	36	0

24	16
22	35
46	33
25	18
26	24
38	35
33	45
49	45
33	44
