0	1	1	0	1	0	0	1	1
1	0	1	0	0	1	1	0	1
1	1	0	0	0	0	1	0	1
0	0	0	0	0	1	1	0	1
1	0	0	0	0	1	0	1	1
0	1	0	1	1	0	1	1	1
0	1	1	1	0	1	0	1	1
1	0	0	0	1	1	1	0	1
1	1	1	1	1	1	1	1	0

0	8	8	0	6	0	0	15	6
8	0	5	0	0	15	6	0	6
8	5	0	0	0	0	14	0	8
0	0	0	0	0	5	5	0	7
6	0	0	0	0	6	0	14	12
0	15	0	5	6	0	12	6	6
0	6	14	5	0	12	0	5	7
15	0	0	0	14	6	5	0	10
6	6	8	7	12	6	7	10	0

0	3	3	0	2	0	0	4	3
3	0	5	0	0	5	3	0	1
3	5	0	0	0	0	5	0	5
0	0	0	0	0	4	1	0	4
2	0	0	0	0	5	0	3	1
0	5	0	4	5	0	3	2	1
0	3	5	1	0	3	0	3	2
4	0	0	0	3	2	3	0	1
3	1	5	4	1	1	2	1	0

0	95	98	0	97	0	0	98	96
95	0	100	0	0	95	98	0	95
98	100	0	0	0	0	99	0	98
0	0	0	0	0	95	98	0	97
97	0	0	0	0	96	0	96	95
0	95	0	95	96	0	98	96	95
0	98	99	98	0	98	0	95	97
98	0	0	0	96	96	95	0	97
96	95	98	97	95	95	97	97	0

0	38	32	0	21	0	0	37	22
38	0	6	0	0	23	1	0	27
32	6	0	0	0	0	15	0	11
0	0	0	0	0	19	22	0	13
21	0	0	0	0	26	0	1	24
0	23	0	19	26	0	15	49	37
0	1	15	22	0	15	0	16	39
37	0	0	0	1	49	16	0	5
22	27	11	13	24	37	39	5	0

42	45
39	25
37	42
19	28
21	38
36	20
23	31
17	43
45	48
