0	1	0	0	1	1	1	0
1	0	0	0	1	0	1	1
0	0	0	1	1	1	1	1
0	0	1	0	1	1	0	0
1	1	1	1	0	1	1	0
1	0	1	1	1	0	1	1
1	1	1	0	1	1	0	1
0	1	1	0	0	1	1	0

0	10	0	0	12	9	5	0
10	0	0	0	11	0	5	14
0	0	0	12	8	12	12	10
0	0	12	0	6	13	0	0
12	11	8	6	0	10	14	0
9	0	12	13	10	0	13	15
5	5	12	0	14	13	0	8
0	14	10	0	0	15	8	0

0	1	0	0	3	2	1	0
1	0	0	0	5	0	3	1
0	0	0	3	2	1	3	2
0	0	3	0	5	4	0	0
3	5	2	5	0	5	5	0
2	0	1	4	5	0	2	1
1	3	3	0	5	2	0	1
0	1	2	0	0	1	1	0

0	100	0	0	100	97	98	0
100	0	0	0	95	0	99	95
0	0	0	100	100	97	95	96
0	0	100	0	98	95	0	0
100	95	100	98	0	97	96	0
97	0	97	95	97	0	99	99
98	99	95	0	96	99	0	95
0	95	96	0	0	99	95	0

0	41	0	0	40	27	2	0
41	0	0	0	35	0	11	16
0	0	0	2	26	28	3	26
0	0	2	0	19	18	0	0
40	35	26	19	0	6	39	0
27	0	28	18	6	0	21	3
2	11	3	0	39	21	0	20
0	16	26	0	0	3	20	0

44	44
22	31
42	10
38	35
40	48
42	39
30	43
45	11
