0	1	1	1	1	0	1	1
1	0	0	0	1	0	0	1
1	0	0	0	0	1	1	0
1	0	0	0	1	1	0	1
1	1	0	1	0	0	0	0
0	0	1	1	0	0	1	0
1	0	1	0	0	1	0	0
1	1	0	1	0	0	0	0

0	11	5	10	12	0	10	12
11	0	0	0	13	0	0	9
5	0	0	0	0	7	14	0
10	0	0	0	11	12	0	14
12	13	0	11	0	0	0	0
0	0	7	12	0	0	5	0
10	0	14	0	0	5	0	0
12	9	0	14	0	0	0	0

0	4	5	3	5	0	2	2
4	0	0	0	2	0	0	5
5	0	0	0	0	4	4	0
3	0	0	0	2	5	0	5
5	2	0	2	0	0	0	0
0	0	4	5	0	0	4	0
2	0	4	0	0	4	0	0
2	5	0	5	0	0	0	0

0	97	100	100	95	0	99	96
97	0	0	0	100	0	0	95
100	0	0	0	0	100	95	0
100	0	0	0	96	96	0	99
95	100	0	96	0	0	0	0
0	0	100	96	0	0	96	0
99	0	95	0	0	96	0	0
96	95	0	99	0	0	0	0

0	42	13	32	25	0	27	14
42	0	0	0	16	0	0	36
13	0	0	0	0	44	16	0
32	0	0	0	10	41	0	19
25	16	0	10	0	0	0	0
0	0	44	41	0	0	34	0
27	0	16	0	0	34	0	0
14	36	0	19	0	0	0	0

27	12
13	47
50	12
33	11
23	11
18	12
29	19
48	45
