0	1	1	1	1	0	0	1	0
1	0	1	1	0	1	0	0	0
1	1	0	1	0	1	0	1	1
1	1	1	0	0	1	1	1	1
1	0	0	0	0	1	1	1	1
0	1	1	1	1	0	1	1	1
0	0	0	1	1	1	0	1	1
1	0	1	1	1	1	1	0	0
0	0	1	1	1	1	1	0	0

0	8	6	6	13	0	0	13	0
8	0	5	11	0	15	0	0	0
6	5	0	9	0	14	0	7	5
6	11	9	0	0	5	11	9	5
13	0	0	0	0	5	11	5	5
0	15	14	5	5	0	11	7	12
0	0	0	11	11	11	0	7	12
13	0	7	9	5	7	7	0	0
0	0	5	5	5	12	12	0	0

0	5	1	3	4	0	0	3	0
5	0	2	2	0	1	0	0	0
1	2	0	4	0	2	0	3	5
3	2	4	0	0	3	4	1	3
4	0	0	0	0	3	3	3	4
0	1	2	3	3	0	1	3	4
0	0	0	4	3	1	0	2	3
3	0	3	1	3	3	2	0	0
0	0	5	3	4	4	3	0	0

0	96	95	95	95	0	0	98	0
96	0	98	98	0	100	0	0	0
95	98	0	100	0	98	0	98	99
95	98	100	0	0	95	95	95	97
95	0	0	0	0	97	95	97	96
0	100	98	95	97	0	99	100	100
0	0	0	95	95	99	0	95	97
98	0	98	95	97	100	95	0	0
0	0	99	97	96	100	97	0	0

0	3	39	13	10	0	0	27	0
3	0	7	33	0	17	0	0	0
39	7	0	5	0	6	0	46	4
13	33	5	0	0	4	3	39	26
10	0	0	0	0	27	41	12	34
0	17	6	4	27	0	39	17	18
0	0	0	3	41	39	0	19	35
27	0	46	39	12	17	19	0	0
0	0	4	26	34	18	35	0	0

15	10
33	20
47	28
50	38
22	47
38	19
17	49
24	49
12	50
