0	0	0	1	1	1	1	1	1
0	0	1	1	1	1	1	0	1
0	1	0	1	0	1	0	1	1
1	1	1	0	1	0	1	1	1
1	1	0	1	0	1	1	1	0
1	1	1	0	1	0	0	0	1
1	1	0	1	1	0	0	1	1
1	0	1	1	1	0	1	0	0
1	1	1	1	0	1	1	0	0

0	0	0	6	15	10	8	9	8
0	0	8	13	7	6	14	0	13
0	8	0	6	0	8	0	9	7
6	13	6	0	12	0	5	15	11
15	7	0	12	0	6	12	7	0
10	6	8	0	6	0	0	0	9
8	14	0	5	12	0	0	5	10
9	0	9	15	7	0	5	0	0
8	13	7	11	0	9	10	0	0

0	0	0	2	3	3	4	1	3
0	0	2	5	4	3	2	0	4
0	2	0	2	0	2	0	3	3
2	5	2	0	2	0	1	5	4
3	4	0	2	0	2	2	5	0
3	3	2	0	2	0	0	0	5
4	2	0	1	2	0	0	4	5
1	0	3	5	5	0	4	0	0
3	4	3	4	0	5	5	0	0

0	0	0	95	96	95	100	100	100
0	0	95	97	98	95	99	0	96
0	95	0	95	0	99	0	96	98
95	97	95	0	97	0	95	96	99
96	98	0	97	0	96	95	99	0
95	95	99	0	96	0	0	0	100
100	99	0	95	95	0	0	96	97
100	0	96	96	99	0	96	0	0
100	96	98	99	0	100	97	0	0

0	0	0	32	9	23	14	39	2
0	0	25	22	7	37	0	0	22
0	25	0	32	0	11	0	16	45
32	22	32	0	29	0	18	38	31
9	7	0	29	0	20	27	15	0
23	37	11	0	20	0	0	0	5
14	0	0	18	27	0	0	21	32
39	0	16	38	15	0	21	0	0
2	22	45	31	0	5	32	0	0

39	43
43	38
35	16
10	38
32	46
24	43
30	36
38	41
26	35
