0	1	1	1	1	1	0
1	0	0	1	0	0	1
1	0	0	1	1	0	1
1	1	1	0	1	0	1
1	0	1	1	0	0	0
1	0	0	0	0	0	1
0	1	1	1	0	1	0

0	8	5	7	8	12	0
8	0	0	9	0	0	13
5	0	0	14	5	0	15
7	9	14	0	10	0	10
8	0	5	10	0	0	0
12	0	0	0	0	0	14
0	13	15	10	0	14	0

0	1	1	4	4	2	0
1	0	0	5	0	0	1
1	0	0	2	2	0	5
4	5	2	0	5	0	3
4	0	2	5	0	0	0
2	0	0	0	0	0	4
0	1	5	3	0	4	0

0	95	95	95	98	100	0
95	0	0	99	0	0	96
95	0	0	98	95	0	97
95	99	98	0	96	0	96
98	0	95	96	0	0	0
100	0	0	0	0	0	100
0	96	97	96	0	100	0

0	33	25	31	4	8	0
33	0	0	13	0	0	18
25	0	0	24	43	0	34
31	13	24	0	32	0	16
4	0	43	32	0	0	0
8	0	0	0	0	0	21
0	18	34	16	0	21	0

36	26
35	44
15	44
42	33
46	28
19	14
22	12
