0	0	1	1	1	0	1	1	0
0	0	1	1	1	1	1	1	1
1	1	0	1	1	1	1	1	0
1	1	1	0	0	1	1	1	0
1	1	1	0	0	0	1	1	0
0	1	1	1	0	0	0	1	1
1	1	1	1	1	0	0	1	0
1	1	1	1	1	1	1	0	1
0	1	0	0	0	1	0	1	0

0	0	6	9	13	0	14	6	0
0	0	14	10	10	14	15	11	5
6	14	0	8	15	14	11	9	0
9	10	8	0	0	10	12	14	0
13	10	15	0	0	0	13	8	0
0	14	14	10	0	0	0	15	13
14	15	11	12	13	0	0	8	0
6	11	9	14	8	15	8	0	8
0	5	0	0	0	13	0	8	0

0	0	1	1	3	0	4	1	0
0	0	4	4	5	2	2	1	2
1	4	0	2	4	2	2	2	0
1	4	2	0	0	2	2	5	0
3	5	4	0	0	0	5	3	0
0	2	2	2	0	0	0	1	4
4	2	2	2	5	0	0	5	0
1	1	2	5	3	1	5	0	3
0	2	0	0	0	4	0	3	0

0	0	97	96	97	0	96	97	0
0	0	98	96	96	100	95	98	100
97	98	0	98	95	96	100	96	0
96	96	98	0	0	96	98	100	0
97	96	95	0	0	0	100	98	0
0	100	96	96	0	0	0	99	98
96	95	100	98	100	0	0	95	0
97	98	96	100	98	99	95	0	97
0	100	0	0	0	98	0	97	0

0	0	23	8	10	0	16	31	0
0	0	30	25	25	36	31	43	29
23	30	0	25	11	12	31	41	0
8	25	25	0	0	14	23	9	0
10	25	11	0	0	0	34	32	0
0	36	12	14	0	0	0	8	40
16	31	31	23	34	0	0	4	0
31	43	41	9	32	8	4	0	6
0	29	0	0	0	40	0	6	0

24	19
17	41
26	10
26	11
19	10
22	18
40	40
25	25
49	40
