0	1	1	1	1	1	0	0	1
1	0	1	0	1	1	1	1	1
1	1	0	1	0	1	1	1	1
1	0	1	0	1	0	1	0	1
1	1	0	1	0	1	1	1	1
1	1	1	0	1	0	1	1	1
0	1	1	1	1	1	0	1	1
0	1	1	0	1	1	1	0	1
1	1	1	1	1	1	1	1	0

0	12	7	12	6	5	0	0	12
12	0	13	0	14	12	7	15	7
7	13	0	5	0	10	11	10	13
12	0	5	0	15	0	15	0	8
6	14	0	15	0	7	6	10	8
5	12	10	0	7	0	12	14	15
0	7	11	15	6	12	0	7	10
0	15	10	0	10	14	7	0	12
12	7	13	8	8	15	10	12	0

0	2	2	1	2	1	0	0	1
2	0	4	0	3	2	4	3	4
2	4	0	3	0	3	5	5	1
1	0	3	0	1	0	1	0	2
2	3	0	1	0	5	2	5	2
1	2	3	0	5	0	1	1	2
0	4	5	1	2	1	0	1	4
0	3	5	0	5	1	1	0	5
1	4	1	2	2	2	4	5	0

0	99	96	95	96	96	0	0	99
99	0	97	0	98	97	96	100	95
96	97	0	100	0	99	95	99	97
95	0	100	0	95	0	98	0	96
96	98	0	95	0	98	99	96	95
96	97	99	0	98	0	95	97	98
0	96	95	98	99	95	0	99	97
0	100	99	0	96	97	99	0	97
99	95	97	96	95	98	97	97	0

0	32	7	1	30	25	0	0	22
32	0	5	0	16	1	37	14	19
7	5	0	3	0	39	27	5	6
1	0	3	0	4	0	20	0	6
30	16	0	4	0	11	17	30	18
25	1	39	0	11	0	32	41	24
0	37	27	20	17	32	0	38	26
0	14	5	0	30	41	38	0	26
22	19	6	6	18	24	26	26	0

50	46
47	27
35	20
30	10
46	44
48	44
28	30
31	50
30	19
