0	0	1	0	1	1	0
0	0	1	1	1	0	1
1	1	0	0	1	1	1
0	1	0	0	1	1	1
1	1	1	1	0	1	0
1	0	1	1	1	0	0
0	1	1	1	0	0	0

0	0	13	0	10	9	0
0	0	12	14	12	0	10
13	12	0	0	12	7	12
0	14	0	0	12	12	9
10	12	12	12	0	6	0
9	0	7	12	6	0	0
0	10	12	9	0	0	0

0	0	2	0	5	2	0
0	0	2	4	1	0	1
2	2	0	0	1	2	3
0	4	0	0	2	3	2
5	1	1	2	0	3	0
2	0	2	3	3	0	0
0	1	3	2	0	0	0

0	0	99	0	98	98	0
0	0	99	96	97	0	97
99	99	0	0	98	100	99
0	96	0	0	100	97	100
98	97	98	100	0	97	0
98	0	100	97	97	0	0
0	97	99	100	0	0	0

0	0	3	0	7	9	0
0	0	19	6	22	0	30
3	19	0	0	40	28	20
0	6	0	0	42	43	24
7	22	40	42	0	37	0
9	0	28	43	37	0	0
0	30	20	24	0	0	0

29	35
23	47
48	47
41	46
15	41
21	23
39	34
