0	0	1	1	1	0	1	0	1
0	0	1	1	1	1	1	0	0
1	1	0	1	0	1	1	1	1
1	1	1	0	1	1	0	1	1
1	1	0	1	0	1	0	0	1
0	1	1	1	1	0	1	1	0
1	1	1	0	0	1	0	0	1
0	0	1	1	0	1	0	0	1
1	0	1	1	1	0	1	1	0

0	0	15	12	8	0	9	0	10
0	0	14	10	7	12	8	0	0
15	14	0	6	0	14	13	8	10
12	10	6	0	12	13	0	5	12
8	7	0	12	0	14	0	0	9
0	12	14	13	14	0	12	13	0
9	8	13	0	0	12	0	0	14
0	0	8	5	0	13	0	0	12
10	0	10	12	9	0	14	12	0

0	0	2	1	3	0	1	0	1
0	0	5	3	4	4	1	0	0
2	5	0	5	0	4	4	5	1
1	3	5	0	1	1	0	5	2
3	4	0	1	0	1	0	0	5
0	4	4	1	1	0	5	2	0
1	1	4	0	0	5	0	0	5
0	0	5	5	0	2	0	0	1
1	0	1	2	5	0	5	1	0

0	0	97	95	97	0	100	0	95
0	0	98	100	95	96	96	0	0
97	98	0	100	0	100	98	99	100
95	100	100	0	96	100	0	98	100
97	95	0	96	0	100	0	0	100
0	96	100	100	100	0	99	99	0
100	96	98	0	0	99	0	0	97
0	0	99	98	0	99	0	0	95
95	0	100	100	100	0	97	95	0

0	0	19	33	32	0	40	0	9
0	0	5	20	16	2	13	0	0
19	5	0	36	0	24	8	29	41
33	20	36	0	29	6	0	37	16
32	16	0	29	0	41	0	0	21
0	2	24	6	41	0	13	18	0
40	13	8	0	0	13	0	0	40
0	0	29	37	0	18	0	0	30
9	0	41	16	21	0	40	30	0

37	14
39	49
42	50
12	30
15	15
22	30
45	44
25	49
48	41
