0	1	1	1	1	0	1	0
1	0	0	1	1	1	1	0
1	0	0	0	0	1	0	0
1	1	0	0	1	1	1	1
1	1	0	1	0	0	0	1
0	1	1	1	0	0	1	1
1	1	0	1	0	1	0	1
0	0	0	1	1	1	1	0

0	7	14	10	12	0	14	0
7	0	0	6	11	10	14	0
14	0	0	0	0	7	0	0
10	6	0	0	12	8	14	13
12	11	0	12	0	0	0	6
0	10	7	8	0	0	10	10
14	14	0	14	0	10	0	8
0	0	0	13	6	10	8	0

0	1	2	1	5	0	3	0
1	0	0	2	5	3	3	0
2	0	0	0	0	4	0	0
1	2	0	0	4	3	3	1
5	5	0	4	0	0	0	1
0	3	4	3	0	0	1	5
3	3	0	3	0	1	0	1
0	0	0	1	1	5	1	0

0	95	96	100	98	0	98	0
95	0	0	96	97	95	96	0
96	0	0	0	0	96	0	0
100	96	0	0	97	99	97	95
98	97	0	97	0	0	0	95
0	95	96	99	0	0	96	96
98	96	0	97	0	96	0	96
0	0	0	95	95	96	96	0

0	22	10	44	20	0	24	0
22	0	0	7	9	26	33	0
10	0	0	0	0	46	0	0
44	7	0	0	6	46	29	31
20	9	0	6	0	0	0	29
0	26	46	46	0	0	43	43
24	33	0	29	0	43	0	20
0	0	0	31	29	43	20	0

14	41
31	44
31	21
18	23
10	12
32	31
35	17
28	35
