0	0	0	1	0	0	1
0	0	1	1	1	1	0
0	1	0	1	1	1	1
1	1	1	0	1	1	1
0	1	1	1	0	0	1
0	1	1	1	0	0	1
1	0	1	1	1	1	0

0	0	0	14	0	0	13
0	0	6	14	7	10	0
0	6	0	15	9	13	15
14	14	15	0	13	9	6
0	7	9	13	0	0	13
0	10	13	9	0	0	6
13	0	15	6	13	6	0

0	0	0	3	0	0	3
0	0	3	4	4	5	0
0	3	0	5	5	1	4
3	4	5	0	3	2	1
0	4	5	3	0	0	4
0	5	1	2	0	0	3
3	0	4	1	4	3	0

0	0	0	99	0	0	100
0	0	96	95	97	97	0
0	96	0	98	97	99	99
99	95	98	0	96	98	100
0	97	97	96	0	0	100
0	97	99	98	0	0	100
100	0	99	100	100	100	0

0	0	0	27	0	0	42
0	0	32	39	29	16	0
0	32	0	37	40	2	30
27	39	37	0	8	16	30
0	29	40	8	0	0	16
0	16	2	16	0	0	23
42	0	30	30	16	23	0

46	48
36	38
42	45
16	36
46	23
41	18
21	44
