0	0	1	1	0	1	1	0	1	1
0	0	0	0	1	1	0	0	0	1
1	0	0	0	1	0	1	1	1	1
1	0	0	0	0	1	0	1	0	0
0	1	1	0	0	1	0	1	1	0
1	1	0	1	1	0	1	0	1	0
1	0	1	0	0	1	0	1	0	1
0	0	1	1	1	0	1	0	1	1
1	0	1	0	1	1	0	1	0	1
1	1	1	0	0	0	1	1	1	0

0	0	7	5	0	13	5	0	11	8
0	0	0	0	14	5	0	0	0	11
7	0	0	0	12	0	5	8	9	10
5	0	0	0	0	6	0	5	0	0
0	14	12	0	0	9	0	10	7	0
13	5	0	6	9	0	9	0	13	0
5	0	5	0	0	9	0	6	0	10
0	0	8	5	10	0	6	0	6	7
11	0	9	0	7	13	0	6	0	9
8	11	10	0	0	0	10	7	9	0

0	0	2	2	0	3	3	0	3	1
0	0	0	0	1	3	0	0	0	3
2	0	0	0	5	0	5	5	2	5
2	0	0	0	0	1	0	2	0	0
0	1	5	0	0	5	0	1	3	0
3	3	0	1	5	0	4	0	3	0
3	0	5	0	0	4	0	2	0	4
0	0	5	2	1	0	2	0	4	5
3	0	2	0	3	3	0	4	0	1
1	3	5	0	0	0	4	5	1	0

0	0	97	99	0	97	97	0	99	95
0	0	0	0	100	96	0	0	0	98
97	0	0	0	97	0	100	97	99	99
99	0	0	0	0	96	0	96	0	0
0	100	97	0	0	97	0	97	95	0
97	96	0	96	97	0	100	0	96	0
97	0	100	0	0	100	0	95	0	100
0	0	97	96	97	0	95	0	100	99
99	0	99	0	95	96	0	100	0	95
95	98	99	0	0	0	100	99	95	0

0	0	0	19	0	39	38	0	1	3
0	0	0	0	37	40	0	0	0	4
0	0	0	0	5	0	26	3	1	33
19	0	0	0	0	18	0	15	0	0
0	37	5	0	0	38	0	14	12	0
39	40	0	18	38	0	38	0	39	0
38	0	26	0	0	38	0	12	0	19
0	0	3	15	14	0	12	0	48	0
1	0	1	0	12	39	0	48	0	33
3	4	33	0	0	0	19	0	33	0

17	22
42	19
34	17
18	33
38	15
50	11
45	12
26	12
22	20
44	22
