0	0	1	0	1	1	0	0
0	0	1	0	0	1	1	1
1	1	0	1	0	1	0	1
0	0	1	0	1	0	1	1
1	0	0	1	0	0	1	1
1	1	1	0	0	0	1	0
0	1	0	1	1	1	0	0
0	1	1	1	1	0	0	0

0	0	15	0	11	12	0	0
0	0	15	0	0	10	15	7
15	15	0	11	0	8	0	10
0	0	11	0	12	0	12	15
11	0	0	12	0	0	7	9
12	10	8	0	0	0	12	0
0	15	0	12	7	12	0	0
0	7	10	15	9	0	0	0

0	0	5	0	3	1	0	0
0	0	4	0	0	5	2	4
5	4	0	1	0	4	0	4
0	0	1	0	4	0	2	2
3	0	0	4	0	0	1	3
1	5	4	0	0	0	1	0
0	2	0	2	1	1	0	0
0	4	4	2	3	0	0	0

0	0	95	0	95	99	0	0
0	0	96	0	0	100	98	98
95	96	0	96	0	96	0	98
0	0	96	0	98	0	95	100
95	0	0	98	0	0	95	99
99	100	96	0	0	0	100	0
0	98	0	95	95	100	0	0
0	98	98	100	99	0	0	0

0	0	4	0	21	7	0	0
0	0	12	0	0	38	11	1
4	12	0	34	0	2	0	23
0	0	34	0	2	0	29	28
21	0	0	2	0	0	32	29
7	38	2	0	0	0	26	0
0	11	0	29	32	26	0	0
0	1	23	28	29	0	0	0

47	20
37	28
31	25
19	15
31	39
29	26
33	39
36	15
