0	0	1	1	1	1	1	1	0	1
0	0	1	0	1	0	0	1	0	1
1	1	0	1	0	0	1	0	1	1
1	0	1	0	1	1	0	1	0	1
1	1	0	1	0	1	1	1	1	0
1	0	0	1	1	0	0	1	1	1
1	0	1	0	1	0	0	1	1	1
1	1	0	1	1	1	1	0	1	1
0	0	1	0	1	1	1	1	0	1
1	1	1	1	0	1	1	1	1	0

0	0	12	7	8	6	14	7	0	15
0	0	13	0	12	0	0	8	0	7
12	13	0	6	0	0	11	0	5	7
7	0	6	0	9	5	0	9	0	15
8	12	0	9	0	8	10	5	8	0
6	0	0	5	8	0	0	7	15	5
14	0	11	0	10	0	0	15	9	7
7	8	0	9	5	7	15	0	11	14
0	0	5	0	8	15	9	11	0	13
15	7	7	15	0	5	7	14	13	0

0	0	3	5	2	4	3	5	0	1
0	0	1	0	4	0	0	1	0	2
3	1	0	1	0	0	3	0	1	2
5	0	1	0	4	1	0	2	0	5
2	4	0	4	0	4	3	5	3	0
4	0	0	1	4	0	0	5	3	5
3	0	3	0	3	0	0	2	4	1
5	1	0	2	5	5	2	0	4	2
0	0	1	0	3	3	4	4	0	5
1	2	2	5	0	5	1	2	5	0

0	0	95	96	96	99	97	96	0	95
0	0	99	0	95	0	0	96	0	97
95	99	0	97	0	0	96	0	100	96
96	0	97	0	98	97	0	96	0	99
96	95	0	98	0	96	100	99	97	0
99	0	0	97	96	0	0	96	96	100
97	0	96	0	100	0	0	97	96	97
96	96	0	96	99	96	97	0	97	99
0	0	100	0	97	96	96	97	0	99
95	97	96	99	0	100	97	99	99	0

0	0	25	7	29	18	8	45	0	26
0	0	0	0	8	0	0	9	0	26
25	0	0	15	0	0	25	0	36	0
7	0	15	0	40	38	0	28	0	4
29	8	0	40	0	38	37	28	43	0
18	0	0	38	38	0	0	43	1	29
8	0	25	0	37	0	0	36	36	27
45	9	0	28	28	43	36	0	9	4
0	0	36	0	43	1	36	9	0	41
26	26	0	4	0	29	27	4	41	0

43	33
38	47
34	27
25	17
23	46
31	22
17	37
37	39
12	12
16	40
