0	1	1	1	1	0	1	0
1	0	1	1	1	0	1	0
1	1	0	0	1	1	1	1
1	1	0	0	1	1	1	1
1	1	1	1	0	0	1	0
0	0	1	1	0	0	1	1
1	1	1	1	1	1	0	1
0	0	1	1	0	1	1	0

0	12	13	7	11	0	11	0
12	0	8	14	7	0	7	0
13	8	0	0	12	9	10	10
7	14	0	0	5	9	9	5
11	7	12	5	0	0	6	0
0	0	9	9	0	0	15	12
11	7	10	9	6	15	0	13
0	0	10	5	0	12	13	0

0	2	2	1	3	0	3	0
2	0	4	2	5	0	4	0
2	4	0	0	3	2	3	4
1	2	0	0	1	4	5	5
3	5	3	1	0	0	4	0
0	0	2	4	0	0	4	2
3	4	3	5	4	4	0	3
0	0	4	5	0	2	3	0

0	96	95	95	96	0	97	0
96	0	97	97	95	0	99	0
95	97	0	0	98	97	96	97
95	97	0	0	97	95	96	96
96	95	98	97	0	0	98	0
0	0	97	95	0	0	97	99
97	99	96	96	98	97	0	97
0	0	97	96	0	99	97	0

0	5	7	5	3	0	25	0
5	0	16	36	14	0	2	0
7	16	0	0	20	0	26	37
5	36	0	0	50	9	4	5
3	14	20	50	0	0	48	0
0	0	0	9	0	0	10	10
25	2	26	4	48	10	0	29
0	0	37	5	0	10	29	0

13	23
45	39
47	45
39	46
46	20
48	39
16	42
12	15
