0	1	1	0	0	1	0	1	1
1	0	1	1	1	1	1	0	1
1	1	0	0	1	0	1	1	1
0	1	0	0	0	1	0	1	0
0	1	1	0	0	0	1	0	1
1	1	0	1	0	0	1	1	1
0	1	1	0	1	1	0	1	1
1	0	1	1	0	1	1	0	1
1	1	1	0	1	1	1	1	0

0	10	7	0	0	10	0	9	5
10	0	5	7	5	15	9	0	14
7	5	0	0	6	0	8	7	10
0	7	0	0	0	8	0	14	0
0	5	6	0	0	0	7	0	10
10	15	0	8	0	0	14	10	6
0	9	8	0	7	14	0	6	14
9	0	7	14	0	10	6	0	14
5	14	10	0	10	6	14	14	0

0	1	2	0	0	3	0	2	3
1	0	2	5	2	1	5	0	1
2	2	0	0	2	0	2	3	5
0	5	0	0	0	2	0	1	0
0	2	2	0	0	0	4	0	1
3	1	0	2	0	0	5	3	2
0	5	2	0	4	5	0	5	2
2	0	3	1	0	3	5	0	5
3	1	5	0	1	2	2	5	0

0	98	100	0	0	97	0	99	98
98	0	97	95	98	100	97	0	98
100	97	0	0	95	0	96	98	96
0	95	0	0	0	96	0	95	0
0	98	95	0	0	0	99	0	99
97	100	0	96	0	0	98	98	98
0	97	96	0	99	98	0	99	96
99	0	98	95	0	98	99	0	99
98	98	96	0	99	98	96	99	0

0	45	48	0	0	25	0	13	49
45	0	13	40	20	24	1	0	40
48	13	0	0	46	0	3	14	44
0	40	0	0	0	17	0	12	0
0	20	46	0	0	0	7	0	10
25	24	0	17	0	0	35	44	10
0	1	3	0	7	35	0	40	24
13	0	14	12	0	44	40	0	30
49	40	44	0	10	10	24	30	0

23	47
32	24
17	25
20	18
35	46
11	27
36	35
10	14
15	43
