0	1	1	1	1	1	1	1	0	1
1	0	1	1	1	1	1	1	1	1
1	1	0	1	1	1	1	0	0	1
1	1	1	0	1	1	0	1	1	1
1	1	1	1	0	1	0	0	0	0
1	1	1	1	1	0	1	0	1	1
1	1	1	0	0	1	0	1	1	1
1	1	0	1	0	0	1	0	0	0
0	1	0	1	0	1	1	0	0	0
1	1	1	1	0	1	1	0	0	0

0	9	5	11	7	10	12	8	0	5
9	0	5	12	7	11	5	10	13	5
5	5	0	7	9	13	13	0	0	11
11	12	7	0	6	12	0	11	10	6
7	7	9	6	0	12	0	0	0	0
10	11	13	12	12	0	9	0	9	14
12	5	13	0	0	9	0	11	14	11
8	10	0	11	0	0	11	0	0	0
0	13	0	10	0	9	14	0	0	0
5	5	11	6	0	14	11	0	0	0

0	5	5	1	3	3	2	4	0	2
5	0	1	5	4	2	2	2	2	2
5	1	0	2	3	4	3	0	0	4
1	5	2	0	1	2	0	4	5	2
3	4	3	1	0	1	0	0	0	0
3	2	4	2	1	0	4	0	5	1
2	2	3	0	0	4	0	1	1	5
4	2	0	4	0	0	1	0	0	0
0	2	0	5	0	5	1	0	0	0
2	2	4	2	0	1	5	0	0	0

0	99	98	100	96	95	97	100	0	99
99	0	99	96	98	98	96	100	99	99
98	99	0	100	99	98	95	0	0	99
100	96	100	0	98	99	0	99	96	97
96	98	99	98	0	97	0	0	0	0
95	98	98	99	97	0	97	0	96	100
97	96	95	0	0	97	0	96	100	95
100	100	0	99	0	0	96	0	0	0
0	99	0	96	0	96	100	0	0	0
99	99	99	97	0	100	95	0	0	0

0	1	31	41	22	43	5	10	0	32
1	0	20	0	47	19	48	20	37	40
31	20	0	1	25	39	21	0	0	7
41	0	1	0	6	17	0	33	9	36
22	47	25	6	0	5	0	0	0	0
43	19	39	17	5	0	42	0	33	27
5	48	21	0	0	42	0	28	28	41
10	20	0	33	0	0	28	0	0	0
0	37	0	9	0	33	28	0	0	0
32	40	7	36	0	27	41	0	0	0

12	49
44	18
29	27
49	14
20	39
32	38
17	41
20	24
37	23
17	25
