0	0	1	1	1	1	1	0	0
0	0	1	0	1	0	1	1	1
1	1	0	1	0	1	1	0	1
1	0	1	0	1	1	1	1	1
1	1	0	1	0	0	1	1	1
1	0	1	1	0	0	1	1	1
1	1	1	1	1	1	0	1	0
0	1	0	1	1	1	1	0	0
0	1	1	1	1	1	0	0	0

0	0	15	5	12	12	12	0	0
0	0	10	0	9	0	14	10	9
15	10	0	15	0	7	9	0	7
5	0	15	0	8	5	11	10	11
12	9	0	8	0	0	10	12	5
12	0	7	5	0	0	6	8	12
12	14	9	11	10	6	0	12	0
0	10	0	10	12	8	12	0	0
0	9	7	11	5	12	0	0	0

0	0	1	2	1	2	3	0	0
0	0	1	0	2	0	3	3	5
1	1	0	2	0	4	4	0	1
2	0	2	0	3	2	4	3	2
1	2	0	3	0	0	4	4	1
2	0	4	2	0	0	2	3	2
3	3	4	4	4	2	0	4	0
0	3	0	3	4	3	4	0	0
0	5	1	2	1	2	0	0	0

0	0	96	95	95	96	96	0	0
0	0	96	0	99	0	100	98	95
96	96	0	96	0	96	98	0	97
95	0	96	0	96	95	95	97	97
95	99	0	96	0	0	97	96	100
96	0	96	95	0	0	98	95	99
96	100	98	95	97	98	0	96	0
0	98	0	97	96	95	96	0	0
0	95	97	97	100	99	0	0	0

0	0	12	2	8	35	28	0	0
0	0	43	0	23	0	22	37	29
12	43	0	35	0	19	6	0	12
2	0	35	0	18	8	4	4	8
8	23	0	18	0	0	28	23	31
35	0	19	8	0	0	48	41	19
28	22	6	4	28	48	0	9	0
0	37	0	4	23	41	9	0	0
0	29	12	8	31	19	0	0	0

34	48
41	37
16	16
31	48
23	37
11	31
33	26
37	19
12	40
