0	1	1	1	0	0	0	1	0	1
1	0	0	1	1	1	1	0	1	0
1	0	0	1	1	1	1	1	0	1
1	1	1	0	1	1	1	0	1	1
0	1	1	1	0	1	0	1	1	1
0	1	1	1	1	0	1	1	1	1
0	1	1	1	0	1	0	1	1	1
1	0	1	0	1	1	1	0	1	1
0	1	0	1	1	1	1	1	0	0
1	0	1	1	1	1	1	1	0	0

0	15	11	6	0	0	0	10	0	12
15	0	0	15	10	14	13	0	12	0
11	0	0	5	5	6	14	9	0	7
6	15	5	0	15	8	9	0	9	13
0	10	5	15	0	15	0	12	13	10
0	14	6	8	15	0	7	6	13	8
0	13	14	9	0	7	0	5	7	7
10	0	9	0	12	6	5	0	9	8
0	12	0	9	13	13	7	9	0	0
12	0	7	13	10	8	7	8	0	0

0	3	1	2	0	0	0	4	0	1
3	0	0	4	2	5	3	0	4	0
1	0	0	2	3	3	5	1	0	5
2	4	2	0	4	1	5	0	4	2
0	2	3	4	0	3	0	3	2	3
0	5	3	1	3	0	5	4	4	1
0	3	5	5	0	5	0	5	4	2
4	0	1	0	3	4	5	0	4	5
0	4	0	4	2	4	4	4	0	0
1	0	5	2	3	1	2	5	0	0

0	95	96	97	0	0	0	97	0	98
95	0	0	97	100	99	98	0	95	0
96	0	0	99	99	100	95	95	0	96
97	97	99	0	100	99	100	0	97	100
0	100	99	100	0	95	0	97	97	96
0	99	100	99	95	0	96	100	96	97
0	98	95	100	0	96	0	96	95	100
97	0	95	0	97	100	96	0	97	97
0	95	0	97	97	96	95	97	0	0
98	0	96	100	96	97	100	97	0	0

0	16	42	6	0	0	0	42	0	31
16	0	0	3	24	38	31	0	9	0
42	0	0	17	39	28	39	38	0	32
6	3	17	0	12	27	22	0	36	37
0	24	39	12	0	18	0	17	3	12
0	38	28	27	18	0	2	13	14	15
0	31	39	22	0	2	0	49	12	40
42	0	38	0	17	13	49	0	7	20
0	9	0	36	3	14	12	7	0	0
31	0	32	37	12	15	40	20	0	0

45	41
24	29
39	45
30	50
22	16
15	21
22	30
43	43
39	19
36	18
