0	0	1	1	1	1	1
0	0	1	1	1	1	1
1	1	0	0	0	1	0
1	1	0	0	1	1	0
1	1	0	1	0	0	0
1	1	1	1	0	0	0
1	1	0	0	0	0	0

0	0	9	12	13	14	12
0	0	13	7	11	8	15
9	13	0	0	0	11	0
12	7	0	0	12	6	0
13	11	0	12	0	0	0
14	8	11	6	0	0	0
12	15	0	0	0	0	0

0	0	5	2	3	4	2
0	0	2	5	4	4	1
5	2	0	0	0	4	0
2	5	0	0	2	4	0
3	4	0	2	0	0	0
4	4	4	4	0	0	0
2	1	0	0	0	0	0

0	0	99	99	97	97	95
0	0	97	98	95	98	96
99	97	0	0	0	96	0
99	98	0	0	100	97	0
97	95	0	100	0	0	0
97	98	96	97	0	0	0
95	96	0	0	0	0	0

0	0	21	25	39	18	12
0	0	24	41	13	15	5
21	24	0	0	0	9	0
25	41	0	0	23	10	0
39	13	0	23	0	0	0
18	15	9	10	0	0	0
12	5	0	0	0	0	0

11	41
47	49
23	41
29	18
34	50
49	11
23	48
