0	1	1	1	0	0	1
1	0	1	0	1	0	1
1	1	0	0	1	1	1
1	0	0	0	0	1	1
0	1	1	0	0	1	0
0	0	1	1	1	0	0
1	1	1	1	0	0	0

0	7	13	11	0	0	14
7	0	14	0	10	0	12
13	14	0	0	9	7	13
11	0	0	0	0	14	12
0	10	9	0	0	8	0
0	0	7	14	8	0	0
14	12	13	12	0	0	0

0	4	2	4	0	0	1
4	0	4	0	1	0	2
2	4	0	0	1	5	5
4	0	0	0	0	4	4
0	1	1	0	0	1	0
0	0	5	4	1	0	0
1	2	5	4	0	0	0

0	96	100	95	0	0	98
96	0	98	0	96	0	100
100	98	0	0	97	95	98
95	0	0	0	0	100	98
0	96	97	0	0	95	0
0	0	95	100	95	0	0
98	100	98	98	0	0	0

0	29	10	0	0	0	28
29	0	16	0	7	0	26
10	16	0	0	6	27	14
0	0	0	0	0	40	25
0	7	6	0	0	32	0
0	0	27	40	32	0	0
28	26	14	25	0	0	0

39	22
19	39
31	45
27	32
36	14
10	13
15	14
