0	0	1	0	0	1	1	1	1
0	0	1	1	0	1	1	1	0
1	1	0	0	0	1	1	1	1
0	1	0	0	0	0	0	1	1
0	0	0	0	0	1	1	1	1
1	1	1	0	1	0	0	0	1
1	1	1	0	1	0	0	1	0
1	1	1	1	1	0	1	0	0
1	0	1	1	1	1	0	0	0

0	0	9	0	0	9	11	8	5
0	0	5	5	0	8	8	13	0
9	5	0	0	0	15	6	6	10
0	5	0	0	0	0	0	5	13
0	0	0	0	0	14	10	15	14
9	8	15	0	14	0	0	0	12
11	8	6	0	10	0	0	15	0
8	13	6	5	15	0	15	0	0
5	0	10	13	14	12	0	0	0

0	0	3	0	0	1	4	1	3
0	0	2	2	0	5	4	1	0
3	2	0	0	0	2	5	1	5
0	2	0	0	0	0	0	3	5
0	0	0	0	0	4	4	5	2
1	5	2	0	4	0	0	0	3
4	4	5	0	4	0	0	3	0
1	1	1	3	5	0	3	0	0
3	0	5	5	2	3	0	0	0

0	0	97	0	0	99	97	97	99
0	0	96	96	0	99	100	99	0
97	96	0	0	0	99	100	100	95
0	96	0	0	0	0	0	98	98
0	0	0	0	0	96	99	97	95
99	99	99	0	96	0	0	0	99
97	100	100	0	99	0	0	95	0
97	99	100	98	97	0	95	0	0
99	0	95	98	95	99	0	0	0

0	0	27	0	0	31	24	42	30
0	0	35	23	0	41	23	33	0
27	35	0	0	0	11	45	48	34
0	23	0	0	0	0	0	9	3
0	0	0	0	0	30	42	17	41
31	41	11	0	30	0	0	0	31
24	23	45	0	42	0	0	8	0
42	33	48	9	17	0	8	0	0
30	0	34	3	41	31	0	0	0

11	40
29	28
35	29
15	41
38	15
43	45
16	50
46	19
47	34
