0	1	1	1	1	1	0
1	0	1	0	1	1	1
1	1	0	1	1	1	0
1	0	1	0	1	0	0
1	1	1	1	0	0	0
1	1	1	0	0	0	1
0	1	0	0	0	1	0

0	5	13	8	13	8	0
5	0	10	0	9	15	9
13	10	0	9	12	15	0
8	0	9	0	6	0	0
13	9	12	6	0	0	0
8	15	15	0	0	0	7
0	9	0	0	0	7	0

0	5	3	4	3	5	0
5	0	4	0	4	3	4
3	4	0	1	5	1	0
4	0	1	0	5	0	0
3	4	5	5	0	0	0
5	3	1	0	0	0	1
0	4	0	0	0	1	0

0	100	97	96	95	99	0
100	0	96	0	100	98	97
97	96	0	99	97	96	0
96	0	99	0	98	0	0
95	100	97	98	0	0	0
99	98	96	0	0	0	96
0	97	0	0	0	96	0

0	46	24	26	5	13	0
46	0	38	0	34	1	20
24	38	0	11	34	8	0
26	0	11	0	4	0	0
5	34	34	4	0	0	0
13	1	8	0	0	0	36
0	20	0	0	0	36	0

12	11
18	48
10	13
27	38
48	21
42	27
19	27
