0	0	1	1	1	1	0	1	1	1
0	0	1	0	1	1	1	1	1	1
1	1	0	1	1	1	0	1	1	0
1	0	1	0	1	1	0	1	1	0
1	1	1	1	0	0	0	1	1	1
1	1	1	1	0	0	1	0	1	1
0	1	0	0	0	1	0	1	1	0
1	1	1	1	1	0	1	0	1	1
1	1	1	1	1	1	1	1	0	0
1	1	0	0	1	1	0	1	0	0

0	0	15	5	11	5	0	13	8	7
0	0	8	0	9	12	8	15	9	5
15	8	0	8	7	9	0	6	13	0
5	0	8	0	14	5	0	8	13	0
11	9	7	14	0	0	0	9	6	7
5	12	9	5	0	0	10	0	8	11
0	8	0	0	0	10	0	9	11	0
13	15	6	8	9	0	9	0	8	10
8	9	13	13	6	8	11	8	0	0
7	5	0	0	7	11	0	10	0	0

0	0	3	5	5	5	0	1	4	5
0	0	3	0	4	5	2	3	1	3
3	3	0	5	2	4	0	5	1	0
5	0	5	0	4	4	0	4	1	0
5	4	2	4	0	0	0	4	2	3
5	5	4	4	0	0	4	0	2	4
0	2	0	0	0	4	0	4	4	0
1	3	5	4	4	0	4	0	5	1
4	1	1	1	2	2	4	5	0	0
5	3	0	0	3	4	0	1	0	0

0	0	98	98	96	97	0	96	95	97
0	0	96	0	97	99	98	100	100	99
98	96	0	95	99	96	0	95	100	0
98	0	95	0	100	99	0	98	97	0
96	97	99	100	0	0	0	95	98	99
97	99	96	99	0	0	97	0	96	97
0	98	0	0	0	97	0	97	97	0
96	100	95	98	95	0	97	0	95	96
95	100	100	97	98	96	97	95	0	0
97	99	0	0	99	97	0	96	0	0

0	0	9	38	35	23	0	1	21	30
0	0	7	0	42	17	7	22	35	32
9	7	0	24	10	25	0	14	29	0
38	0	24	0	27	11	0	7	36	0
35	42	10	27	0	0	0	20	45	27
23	17	25	11	0	0	43	0	25	1
0	7	0	0	0	43	0	42	3	0
1	22	14	7	20	0	42	0	34	26
21	35	29	36	45	25	3	34	0	0
30	32	0	0	27	1	0	26	0	0

49	40
41	43
34	15
48	47
39	39
11	24
38	10
48	22
46	34
41	26
