0	1	1	1	1	1	0	0	1	1
1	0	1	0	0	1	1	0	1	1
1	1	0	1	0	1	1	1	1	1
1	0	1	0	1	1	1	0	0	0
1	0	0	1	0	1	1	1	1	0
1	1	1	1	1	0	1	0	1	1
0	1	1	1	1	1	0	1	0	0
0	0	1	0	1	0	1	0	1	1
1	1	1	0	1	1	0	1	0	0
1	1	1	0	0	1	0	1	0	0

0	9	12	12	11	10	0	0	10	12
9	0	7	0	0	5	9	0	8	10
12	7	0	12	0	14	14	10	11	8
12	0	12	0	15	12	10	0	0	0
11	0	0	15	0	9	9	15	15	0
10	5	14	12	9	0	12	0	8	6
0	9	14	10	9	12	0	11	0	0
0	0	10	0	15	0	11	0	10	10
10	8	11	0	15	8	0	10	0	0
12	10	8	0	0	6	0	10	0	0

0	2	4	1	4	5	0	0	5	3
2	0	1	0	0	3	3	0	2	1
4	1	0	3	0	2	1	4	2	2
1	0	3	0	3	1	2	0	0	0
4	0	0	3	0	2	3	5	3	0
5	3	2	1	2	0	3	0	2	2
0	3	1	2	3	3	0	1	0	0
0	0	4	0	5	0	1	0	4	2
5	2	2	0	3	2	0	4	0	0
3	1	2	0	0	2	0	2	0	0

0	100	95	99	96	96	0	0	97	95
100	0	100	0	0	96	96	0	99	99
95	100	0	99	0	100	96	98	95	96
99	0	99	0	99	97	98	0	0	0
96	0	0	99	0	97	95	100	97	0
96	96	100	97	97	0	100	0	98	100
0	96	96	98	95	100	0	95	0	0
0	0	98	0	100	0	95	0	100	97
97	99	95	0	97	98	0	100	0	0
95	99	96	0	0	100	0	97	0	0

0	33	2	31	42	23	0	0	35	2
33	0	7	0	0	21	35	0	25	0
2	7	0	41	0	32	26	45	29	15
31	0	41	0	35	31	37	0	0	0
42	0	0	35	0	42	32	8	32	0
23	21	32	31	42	0	27	0	34	31
0	35	26	37	32	27	0	25	0	0
0	0	45	0	8	0	25	0	5	40
35	25	29	0	32	34	0	5	0	0
2	0	15	0	0	31	0	40	0	0

34	12
39	50
25	18
29	41
39	32
30	32
39	50
13	19
29	37
43	36
