0	1	0	0	0	1	0	0	0	1
1	0	0	1	1	1	0	0	1	1
0	0	0	1	1	1	0	1	1	0
0	1	1	0	1	0	0	0	1	1
0	1	1	1	0	1	1	1	1	0
1	1	1	0	1	0	0	0	1	1
0	0	0	0	1	0	0	1	0	1
0	0	1	0	1	0	1	0	0	1
0	1	1	1	1	1	0	0	0	0
1	1	0	1	0	1	1	1	0	0

0	6	0	0	0	14	0	0	0	9
6	0	0	9	9	15	0	0	15	6
0	0	0	8	5	11	0	15	14	0
0	9	8	0	7	0	0	0	9	9
0	9	5	7	0	14	6	9	11	0
14	15	11	0	14	0	0	0	11	12
0	0	0	0	6	0	0	13	0	8
0	0	15	0	9	0	13	0	0	9
0	15	14	9	11	11	0	0	0	0
9	6	0	9	0	12	8	9	0	0

0	2	0	0	0	4	0	0	0	5
2	0	0	1	1	3	0	0	4	1
0	0	0	2	1	4	0	1	2	0
0	1	2	0	2	0	0	0	3	2
0	1	1	2	0	5	3	2	4	0
4	3	4	0	5	0	0	0	1	5
0	0	0	0	3	0	0	4	0	3
0	0	1	0	2	0	4	0	0	3
0	4	2	3	4	1	0	0	0	0
5	1	0	2	0	5	3	3	0	0

0	95	0	0	0	95	0	0	0	97
95	0	0	100	100	99	0	0	99	99
0	0	0	95	98	99	0	98	99	0
0	100	95	0	100	0	0	0	99	95
0	100	98	100	0	97	99	96	95	0
95	99	99	0	97	0	0	0	96	97
0	0	0	0	99	0	0	97	0	97
0	0	98	0	96	0	97	0	0	95
0	99	99	99	95	96	0	0	0	0
97	99	0	95	0	97	97	95	0	0

0	19	0	0	0	37	0	0	0	37
19	0	0	21	31	11	0	0	4	18
0	0	0	3	47	29	0	29	10	0
0	21	3	0	37	0	0	0	13	7
0	31	47	37	0	31	46	16	44	0
37	11	29	0	31	0	0	0	9	37
0	0	0	0	46	0	0	27	0	43
0	0	29	0	16	0	27	0	0	40
0	4	10	13	44	9	0	0	0	0
37	18	0	7	0	37	43	40	0	0

28	40
37	40
15	18
12	50
15	12
39	36
41	10
44	44
21	34
15	38
