0	1	1	1	1	1	1	0
1	0	1	1	1	1	1	1
1	1	0	1	1	1	1	0
1	1	1	0	1	1	1	0
1	1	1	1	0	0	0	1
1	1	1	1	0	0	1	0
1	1	1	1	0	1	0	1
0	1	0	0	1	0	1	0

0	15	11	6	13	11	8	0
15	0	15	14	13	11	12	12
11	15	0	15	13	6	8	0
6	14	15	0	6	15	10	0
13	13	13	6	0	0	0	7
11	11	6	15	0	0	7	0
8	12	8	10	0	7	0	7
0	12	0	0	7	0	7	0

0	5	2	1	3	2	5	0
5	0	1	2	1	5	3	3
2	1	0	5	4	4	4	0
1	2	5	0	3	1	3	0
3	1	4	3	0	0	0	2
2	5	4	1	0	0	4	0
5	3	4	3	0	4	0	2
0	3	0	0	2	0	2	0

0	96	96	98	96	99	98	0
96	0	95	98	99	98	96	95
96	95	0	98	95	97	98	0
98	98	98	0	98	100	97	0
96	99	95	98	0	0	0	97
99	98	97	100	0	0	97	0
98	96	98	97	0	97	0	97
0	95	0	0	97	0	97	0

0	23	34	19	12	44	18	0
23	0	14	31	17	18	1	29
34	14	0	14	33	26	6	0
19	31	14	0	8	14	4	0
12	17	33	8	0	0	0	10
44	18	26	14	0	0	6	0
18	1	6	4	0	6	0	29
0	29	0	0	10	0	29	0

15	23
31	12
25	39
31	42
15	16
17	26
11	10
33	47
