0	1	1	0	1	0	1	1	1
1	0	1	1	0	1	1	1	1
1	1	0	0	1	1	1	1	1
0	1	0	0	1	0	1	0	0
1	0	1	1	0	1	0	1	1
0	1	1	0	1	0	1	1	1
1	1	1	1	0	1	0	0	1
1	1	1	0	1	1	0	0	1
1	1	1	0	1	1	1	1	0

0	14	11	0	13	0	9	14	11
14	0	6	14	0	12	9	5	6
11	6	0	0	15	13	12	7	11
0	14	0	0	14	0	5	0	0
13	0	15	14	0	6	0	13	5
0	12	13	0	6	0	11	8	7
9	9	12	5	0	11	0	0	15
14	5	7	0	13	8	0	0	7
11	6	11	0	5	7	15	7	0

0	1	1	0	3	0	1	5	3
1	0	1	2	0	5	5	4	4
1	1	0	0	2	1	5	4	3
0	2	0	0	3	0	5	0	0
3	0	2	3	0	5	0	5	4
0	5	1	0	5	0	1	1	3
1	5	5	5	0	1	0	0	4
5	4	4	0	5	1	0	0	1
3	4	3	0	4	3	4	1	0

0	98	99	0	100	0	96	95	97
98	0	98	100	0	96	98	96	98
99	98	0	0	97	95	95	99	97
0	100	0	0	100	0	99	0	0
100	0	97	100	0	96	0	95	97
0	96	95	0	96	0	96	96	97
96	98	95	99	0	96	0	0	95
95	96	99	0	95	96	0	0	97
97	98	97	0	97	97	95	97	0

0	23	43	0	26	0	45	29	9
23	0	40	15	0	9	10	15	46
43	40	0	0	28	30	26	5	33
0	15	0	0	3	0	23	0	0
26	0	28	3	0	35	0	29	39
0	9	30	0	35	0	34	40	3
45	10	26	23	0	34	0	0	36
29	15	5	0	29	40	0	0	46
9	46	33	0	39	3	36	46	0

12	39
10	39
44	37
23	49
16	30
41	21
22	21
49	49
17	46
