0	1	1	1	0	1	1	1	1
1	0	1	1	0	1	1	1	1
1	1	0	1	0	1	0	1	0
1	1	1	0	1	0	1	1	1
0	0	0	1	0	0	1	1	0
1	1	1	0	0	0	0	1	1
1	1	0	1	1	0	0	1	1
1	1	1	1	1	1	1	0	0
1	1	0	1	0	1	1	0	0

0	9	11	5	0	5	10	9	7
9	0	12	7	0	15	5	14	7
11	12	0	9	0	6	0	7	0
5	7	9	0	12	0	13	7	7
0	0	0	12	0	0	6	8	0
5	15	6	0	0	0	0	13	5
10	5	0	13	6	0	0	8	6
9	14	7	7	8	13	8	0	0
7	7	0	7	0	5	6	0	0

0	1	4	4	0	1	2	1	2
1	0	4	4	0	3	2	5	1
4	4	0	1	0	1	0	1	0
4	4	1	0	3	0	1	1	3
0	0	0	3	0	0	5	5	0
1	3	1	0	0	0	0	4	5
2	2	0	1	5	0	0	1	1
1	5	1	1	5	4	1	0	0
2	1	0	3	0	5	1	0	0

0	96	97	97	0	96	95	97	100
96	0	96	100	0	95	100	95	97
97	96	0	98	0	95	0	98	0
97	100	98	0	97	0	99	96	95
0	0	0	97	0	0	98	97	0
96	95	95	0	0	0	0	100	95
95	100	0	99	98	0	0	95	98
97	95	98	96	97	100	95	0	0
100	97	0	95	0	95	98	0	0

0	6	36	26	0	33	5	33	0
6	0	21	28	0	12	21	14	21
36	21	0	4	0	19	0	7	0
26	28	4	0	36	0	33	28	5
0	0	0	36	0	0	36	9	0
33	12	19	0	0	0	0	0	20
5	21	0	33	36	0	0	29	27
33	14	7	28	9	0	29	0	0
0	21	0	5	0	20	27	0	0

41	25
15	35
26	47
50	37
41	42
44	19
17	48
10	39
36	12
