0	1	1	1	0	0	0	1	0
1	0	1	1	1	0	1	0	0
1	1	0	1	1	1	1	1	1
1	1	1	0	1	1	1	1	1
0	1	1	1	0	0	1	0	1
0	0	1	1	0	0	1	1	1
0	1	1	1	1	1	0	1	1
1	0	1	1	0	1	1	0	1
0	0	1	1	1	1	1	1	0

0	10	15	11	0	0	0	14	0
10	0	12	8	11	0	9	0	0
15	12	0	9	6	10	11	13	8
11	8	9	0	6	12	11	13	12
0	11	6	6	0	0	8	0	10
0	0	10	12	0	0	8	14	9
0	9	11	11	8	8	0	9	5
14	0	13	13	0	14	9	0	14
0	0	8	12	10	9	5	14	0

0	5	2	1	0	0	0	1	0
5	0	3	2	1	0	3	0	0
2	3	0	4	1	4	2	1	4
1	2	4	0	5	3	1	1	2
0	1	1	5	0	0	3	0	2
0	0	4	3	0	0	2	5	1
0	3	2	1	3	2	0	5	2
1	0	1	1	0	5	5	0	1
0	0	4	2	2	1	2	1	0

0	100	95	100	0	0	0	100	0
100	0	96	98	96	0	100	0	0
95	96	0	96	95	100	100	99	95
100	98	96	0	100	96	99	97	96
0	96	95	100	0	0	98	0	97
0	0	100	96	0	0	95	98	97
0	100	100	99	98	95	0	97	96
100	0	99	97	0	98	97	0	100
0	0	95	96	97	97	96	100	0

0	30	10	13	0	0	0	29	0
30	0	9	37	12	0	20	0	0
10	9	0	9	25	9	1	34	26
13	37	9	0	33	42	44	27	39
0	12	25	33	0	0	37	0	22
0	0	9	42	0	0	20	38	43
0	20	1	44	37	20	0	11	2
29	0	34	27	0	38	11	0	12
0	0	26	39	22	43	2	12	0

23	48
13	27
34	21
16	37
46	29
22	36
25	12
50	16
25	31
