0	1	0	1	1	1	1	1	1
1	0	0	1	1	0	0	1	1
0	0	0	0	1	0	1	0	1
1	1	0	0	1	1	0	1	1
1	1	1	1	0	1	0	0	0
1	0	0	1	1	0	0	1	1
1	0	1	0	0	0	0	1	1
1	1	0	1	0	1	1	0	0
1	1	1	1	0	1	1	0	0

0	10	0	7	11	10	14	6	12
10	0	0	13	13	0	0	10	14
0	0	0	0	6	0	7	0	10
7	13	0	0	15	15	0	10	8
11	13	6	15	0	10	0	0	0
10	0	0	15	10	0	0	11	5
14	0	7	0	0	0	0	8	7
6	10	0	10	0	11	8	0	0
12	14	10	8	0	5	7	0	0

0	2	0	3	4	4	5	3	1
2	0	0	1	5	0	0	3	4
0	0	0	0	3	0	4	0	4
3	1	0	0	2	5	0	2	3
4	5	3	2	0	1	0	0	0
4	0	0	5	1	0	0	3	3
5	0	4	0	0	0	0	4	1
3	3	0	2	0	3	4	0	0
1	4	4	3	0	3	1	0	0

0	97	0	99	97	97	95	95	95
97	0	0	96	96	0	0	97	97
0	0	0	0	100	0	100	0	97
99	96	0	0	96	99	0	97	99
97	96	100	96	0	99	0	0	0
97	0	0	99	99	0	0	99	98
95	0	100	0	0	0	0	100	96
95	97	0	97	0	99	100	0	0
95	97	97	99	0	98	96	0	0

0	45	0	27	34	29	16	31	35
45	0	0	15	40	0	0	35	41
0	0	0	0	48	0	18	0	30
27	15	0	0	1	28	0	15	12
34	40	48	1	0	36	0	0	0
29	0	0	28	36	0	0	23	43
16	0	18	0	0	0	0	33	8
31	35	0	15	0	23	33	0	0
35	41	30	12	0	43	8	0	0

47	28
13	28
29	26
17	38
20	30
35	15
30	27
48	35
10	26
