0	1	1	1	1	1	1	1
1	0	0	1	1	1	1	0
1	0	0	1	1	1	0	1
1	1	1	0	1	1	1	0
1	1	1	1	0	1	1	1
1	1	1	1	1	0	1	0
1	1	0	1	1	1	0	1
1	0	1	0	1	0	1	0

0	15	13	13	12	6	11	8
15	0	0	6	5	7	8	0
13	0	0	12	5	12	0	8
13	6	12	0	6	9	12	0
12	5	5	6	0	14	13	7
6	7	12	9	14	0	14	0
11	8	0	12	13	14	0	8
8	0	8	0	7	0	8	0

0	4	2	4	2	5	4	3
4	0	0	4	2	5	5	0
2	0	0	4	3	3	0	4
4	4	4	0	2	1	1	0
2	2	3	2	0	1	4	4
5	5	3	1	1	0	2	0
4	5	0	1	4	2	0	4
3	0	4	0	4	0	4	0

0	98	95	97	96	100	96	98
98	0	0	97	100	98	98	0
95	0	0	99	97	99	0	97
97	97	99	0	96	95	95	0
96	100	97	96	0	97	99	96
100	98	99	95	97	0	96	0
96	98	0	95	99	96	0	96
98	0	97	0	96	0	96	0

0	25	17	7	41	27	17	31
25	0	0	28	26	1	16	0
17	0	0	32	46	12	0	11
7	28	32	0	13	27	5	0
41	26	46	13	0	33	13	15
27	1	12	27	33	0	19	0
17	16	0	5	13	19	0	35
31	0	11	0	15	0	35	0

11	42
40	42
49	18
16	23
40	26
25	35
17	16
22	42
