0	0	1	1	1	0	1	0	0	1
0	0	0	1	1	0	1	1	1	1
1	0	0	1	0	1	1	0	1	1
1	1	1	0	0	1	1	1	1	0
1	1	0	0	0	1	0	1	1	0
0	0	1	1	1	0	1	1	1	1
1	1	1	1	0	1	0	1	1	0
0	1	0	1	1	1	1	0	1	1
0	1	1	1	1	1	1	1	0	1
1	1	1	0	0	1	0	1	1	0

0	0	5	8	9	0	13	0	0	6
0	0	0	12	8	0	14	8	6	5
5	0	0	9	0	5	12	0	15	9
8	12	9	0	0	6	12	10	10	0
9	8	0	0	0	5	0	5	15	0
0	0	5	6	5	0	8	9	13	11
13	14	12	12	0	8	0	8	12	0
0	8	0	10	5	9	8	0	6	7
0	6	15	10	15	13	12	6	0	15
6	5	9	0	0	11	0	7	15	0

0	0	1	1	3	0	5	0	0	2
0	0	0	1	4	0	3	1	3	4
1	0	0	3	0	5	4	0	5	2
1	1	3	0	0	2	3	5	4	0
3	4	0	0	0	3	0	3	4	0
0	0	5	2	3	0	3	5	3	3
5	3	4	3	0	3	0	4	3	0
0	1	0	5	3	5	4	0	5	4
0	3	5	4	4	3	3	5	0	4
2	4	2	0	0	3	0	4	4	0

0	0	98	96	95	0	95	0	0	99
0	0	0	95	98	0	96	95	96	99
98	0	0	96	0	100	99	0	100	95
96	95	96	0	0	98	97	95	100	0
95	98	0	0	0	95	0	99	100	0
0	0	100	98	95	0	97	96	99	97
95	96	99	97	0	97	0	97	95	0
0	95	0	95	99	96	97	0	95	99
0	96	100	100	100	99	95	95	0	99
99	99	95	0	0	97	0	99	99	0

0	0	2	18	43	0	15	0	0	32
0	0	0	20	35	0	1	20	22	29
2	0	0	23	0	30	29	0	21	29
18	20	23	0	0	17	41	17	20	0
43	35	0	0	0	6	0	36	14	0
0	0	30	17	6	0	23	37	17	8
15	1	29	41	0	23	0	22	34	0
0	20	0	17	36	37	22	0	8	19
0	22	21	20	14	17	34	8	0	22
32	29	29	0	0	8	0	19	22	0

24	48
25	15
36	15
30	26
39	34
11	30
11	17
30	25
34	50
25	35
