0	0	0	1	1	0	1	1
0	0	1	0	1	1	1	1
0	1	0	1	1	0	1	1
1	0	1	0	1	1	1	0
1	1	1	1	0	0	0	1
0	1	0	1	0	0	0	0
1	1	1	1	0	0	0	1
1	1	1	0	1	0	1	0

0	0	0	11	9	0	6	5
0	0	7	0	15	6	15	14
0	7	0	5	12	0	13	7
11	0	5	0	7	13	11	0
9	15	12	7	0	0	0	13
0	6	0	13	0	0	0	0
6	15	13	11	0	0	0	8
5	14	7	0	13	0	8	0

0	0	0	1	1	0	4	3
0	0	4	0	4	3	2	2
0	4	0	3	5	0	1	4
1	0	3	0	2	3	2	0
1	4	5	2	0	0	0	4
0	3	0	3	0	0	0	0
4	2	1	2	0	0	0	3
3	2	4	0	4	0	3	0

0	0	0	98	95	0	96	97
0	0	97	0	98	97	95	100
0	97	0	100	95	0	98	99
98	0	100	0	97	97	97	0
95	98	95	97	0	0	0	96
0	97	0	97	0	0	0	0
96	95	98	97	0	0	0	100
97	100	99	0	96	0	100	0

0	0	0	32	44	0	15	11
0	0	1	0	13	18	35	28
0	1	0	32	32	0	1	35
32	0	32	0	30	24	41	0
44	13	32	30	0	0	0	10
0	18	0	24	0	0	0	0
15	35	1	41	0	0	0	38
11	28	35	0	10	0	38	0

19	39
50	34
48	26
37	46
34	31
14	37
11	17
15	23
