0	1	1	0	1	1	0	0	1
1	0	0	1	0	1	1	1	0
1	0	0	1	1	1	1	1	1
0	1	1	0	1	1	1	1	1
1	0	1	1	0	1	1	0	1
1	1	1	1	1	0	0	1	1
0	1	1	1	1	0	0	0	1
0	1	1	1	0	1	0	0	0
1	0	1	1	1	1	1	0	0

0	14	14	0	10	7	0	0	5
14	0	0	14	0	12	10	15	0
14	0	0	15	13	6	11	14	8
0	14	15	0	7	15	9	15	13
10	0	13	7	0	10	11	0	6
7	12	6	15	10	0	0	13	5
0	10	11	9	11	0	0	0	14
0	15	14	15	0	13	0	0	0
5	0	8	13	6	5	14	0	0

0	1	1	0	4	3	0	0	4
1	0	0	3	0	1	1	4	0
1	0	0	3	3	3	3	4	5
0	3	3	0	1	2	2	5	2
4	0	3	1	0	3	4	0	1
3	1	3	2	3	0	0	5	4
0	1	3	2	4	0	0	0	2
0	4	4	5	0	5	0	0	0
4	0	5	2	1	4	2	0	0

0	95	96	0	96	100	0	0	95
95	0	0	100	0	97	96	99	0
96	0	0	96	100	95	96	95	97
0	100	96	0	98	98	97	95	99
96	0	100	98	0	97	97	0	98
100	97	95	98	97	0	0	100	99
0	96	96	97	97	0	0	0	95
0	99	95	95	0	100	0	0	0
95	0	97	99	98	99	95	0	0

0	40	24	0	25	6	0	0	46
40	0	0	29	0	38	2	22	0
24	0	0	5	36	1	10	36	20
0	29	5	0	11	13	26	24	25
25	0	36	11	0	37	0	0	8
6	38	1	13	37	0	0	32	45
0	2	10	26	0	0	0	0	32
0	22	36	24	0	32	0	0	0
46	0	20	25	8	45	32	0	0

28	43
47	42
35	29
23	14
32	35
25	12
37	11
20	44
48	34
