0	1	1	1	0	0	1	0	0	1
1	0	1	1	1	0	1	0	1	1
1	1	0	0	1	1	0	0	1	0
1	1	0	0	1	1	1	1	1	1
0	1	1	1	0	0	0	1	0	0
0	0	1	1	0	0	1	0	1	1
1	1	0	1	0	1	0	0	1	1
0	0	0	1	1	0	0	0	1	1
0	1	1	1	0	1	1	1	0	1
1	1	0	1	0	1	1	1	1	0

0	7	12	13	0	0	12	0	0	13
7	0	7	5	6	0	6	0	12	10
12	7	0	0	12	10	0	0	14	0
13	5	0	0	6	11	11	11	7	7
0	6	12	6	0	0	0	15	0	0
0	0	10	11	0	0	10	0	11	12
12	6	0	11	0	10	0	0	14	7
0	0	0	11	15	0	0	0	11	5
0	12	14	7	0	11	14	11	0	5
13	10	0	7	0	12	7	5	5	0

0	2	1	3	0	0	4	0	0	1
2	0	3	5	1	0	3	0	2	2
1	3	0	0	1	3	0	0	3	0
3	5	0	0	5	1	1	1	4	4
0	1	1	5	0	0	0	1	0	0
0	0	3	1	0	0	2	0	1	2
4	3	0	1	0	2	0	0	2	1
0	0	0	1	1	0	0	0	4	3
0	2	3	4	0	1	2	4	0	4
1	2	0	4	0	2	1	3	4	0

0	96	95	97	0	0	99	0	0	96
96	0	96	96	99	0	100	0	96	99
95	96	0	0	100	97	0	0	100	0
97	96	0	0	95	99	97	97	100	95
0	99	100	95	0	0	0	96	0	0
0	0	97	99	0	0	100	0	97	97
99	100	0	97	0	100	0	0	98	99
0	0	0	97	96	0	0	0	98	100
0	96	100	100	0	97	98	98	0	98
96	99	0	95	0	97	99	100	98	0

0	4	38	12	0	0	42	0	0	34
4	0	7	47	32	0	16	0	33	42
38	7	0	0	7	1	0	0	9	0
12	47	0	0	35	14	18	3	4	44
0	32	7	35	0	0	0	28	0	0
0	0	1	14	0	0	42	0	8	37
42	16	0	18	0	42	0	0	16	35
0	0	0	3	28	0	0	0	13	25
0	33	9	4	0	8	16	13	0	33
34	42	0	44	0	37	35	25	33	0

32	40
18	48
31	35
16	47
13	30
22	38
41	28
20	47
16	39
30	26
