0	0	0	0	1	1	1	1	1
0	0	0	1	1	1	1	1	1
0	0	0	1	1	1	1	1	1
0	1	1	0	1	1	1	1	1
1	1	1	1	0	1	1	0	1
1	1	1	1	1	0	0	0	0
1	1	1	1	1	0	0	0	0
1	1	1	1	0	0	0	0	1
1	1	1	1	1	0	0	1	0

0	0	0	0	13	13	6	12	15
0	0	0	15	15	6	14	11	5
0	0	0	10	15	8	15	6	10
0	15	10	0	8	9	13	7	14
13	15	15	8	0	6	15	0	14
13	6	8	9	6	0	0	0	0
6	14	15	13	15	0	0	0	0
12	11	6	7	0	0	0	0	8
15	5	10	14	14	0	0	8	0

0	0	0	0	2	2	4	4	1
0	0	0	1	1	1	5	1	3
0	0	0	2	2	4	5	3	1
0	1	2	0	1	4	3	3	2
2	1	2	1	0	1	5	0	1
2	1	4	4	1	0	0	0	0
4	5	5	3	5	0	0	0	0
4	1	3	3	0	0	0	0	3
1	3	1	2	1	0	0	3	0

0	0	0	0	98	99	96	100	100
0	0	0	98	95	96	98	95	99
0	0	0	95	100	97	95	100	95
0	98	95	0	97	99	95	98	98
98	95	100	97	0	98	98	0	100
99	96	97	99	98	0	0	0	0
96	98	95	95	98	0	0	0	0
100	95	100	98	0	0	0	0	98
100	99	95	98	100	0	0	98	0

0	0	0	0	16	32	1	38	2
0	0	0	10	3	46	4	18	24
0	0	0	13	11	15	39	6	35
0	10	13	0	12	11	0	26	7
16	3	11	12	0	28	27	0	6
32	46	15	11	28	0	0	0	0
1	4	39	0	27	0	0	0	0
38	18	6	26	0	0	0	0	31
2	24	35	7	6	0	0	31	0

27	40
40	25
35	50
16	31
45	17
20	39
12	28
17	23
13	46
