0	1	1	0	1	1	1	0
1	0	1	1	1	0	1	0
1	1	0	1	0	0	0	1
0	1	1	0	1	0	1	1
1	1	0	1	0	1	1	1
1	0	0	0	1	0	1	1
1	1	0	1	1	1	0	1
0	0	1	1	1	1	1	0

0	8	14	0	14	13	7	0
8	0	9	5	9	0	6	0
14	9	0	14	0	0	0	8
0	5	14	0	9	0	15	12
14	9	0	9	0	13	12	12
13	0	0	0	13	0	10	7
7	6	0	15	12	10	0	8
0	0	8	12	12	7	8	0

0	2	2	0	3	4	3	0
2	0	1	3	5	0	4	0
2	1	0	2	0	0	0	2
0	3	2	0	4	0	4	3
3	5	0	4	0	1	2	2
4	0	0	0	1	0	4	4
3	4	0	4	2	4	0	3
0	0	2	3	2	4	3	0

0	95	99	0	99	99	97	0
95	0	97	99	98	0	99	0
99	97	0	99	0	0	0	100
0	99	99	0	100	0	95	100
99	98	0	100	0	98	100	96
99	0	0	0	98	0	99	96
97	99	0	95	100	99	0	98
0	0	100	100	96	96	98	0

0	44	2	0	41	23	13	0
44	0	1	14	36	0	9	0
2	1	0	29	0	0	0	18
0	14	29	0	39	0	37	6
41	36	0	39	0	16	22	27
23	0	0	0	16	0	20	32
13	9	0	37	22	20	0	7
0	0	18	6	27	32	7	0

22	35
20	35
16	46
29	15
24	22
13	49
50	25
35	24
