0	1	1	1	1	1	1	1
1	0	0	1	1	1	0	0
1	0	0	0	1	1	1	1
1	1	0	0	1	0	1	1
1	1	1	1	0	0	0	0
1	1	1	0	0	0	1	0
1	0	1	1	0	1	0	1
1	0	1	1	0	0	1	0

0	5	15	6	9	11	12	15
5	0	0	8	10	13	0	0
15	0	0	0	5	6	9	5
6	8	0	0	10	0	7	9
9	10	5	10	0	0	0	0
11	13	6	0	0	0	14	0
12	0	9	7	0	14	0	5
15	0	5	9	0	0	5	0

0	5	2	5	5	2	1	2
5	0	0	1	2	5	0	0
2	0	0	0	5	3	2	3
5	1	0	0	1	0	2	4
5	2	5	1	0	0	0	0
2	5	3	0	0	0	5	0
1	0	2	2	0	5	0	2
2	0	3	4	0	0	2	0

0	98	99	97	96	97	96	95
98	0	0	97	96	98	0	0
99	0	0	0	98	100	95	95
97	97	0	0	97	0	95	98
96	96	98	97	0	0	0	0
97	98	100	0	0	0	97	0
96	0	95	95	0	97	0	98
95	0	95	98	0	0	98	0

0	16	11	14	19	41	10	21
16	0	0	15	0	10	0	0
11	0	0	0	2	34	16	6
14	15	0	0	32	0	18	2
19	0	2	32	0	0	0	0
41	10	34	0	0	0	1	0
10	0	16	18	0	1	0	6
21	0	6	2	0	0	6	0

39	11
40	23
11	23
29	15
24	41
45	20
18	15
44	26
