0	0	0	1	1	1	1	1	1
0	0	1	1	1	1	1	1	0
0	1	0	1	1	0	1	0	1
1	1	1	0	1	1	1	0	1
1	1	1	1	0	1	1	1	0
1	1	0	1	1	0	0	1	0
1	1	1	1	1	0	0	0	1
1	1	0	0	1	1	0	0	1
1	0	1	1	0	0	1	1	0

0	0	0	11	5	15	15	10	9
0	0	7	10	9	10	14	10	0
0	7	0	6	9	0	14	0	15
11	10	6	0	15	8	15	0	13
5	9	9	15	0	9	5	12	0
15	10	0	8	9	0	0	6	0
15	14	14	15	5	0	0	0	7
10	10	0	0	12	6	0	0	11
9	0	15	13	0	0	7	11	0

0	0	0	3	1	2	2	4	5
0	0	5	4	3	2	5	1	0
0	5	0	1	5	0	2	0	1
3	4	1	0	5	5	4	0	5
1	3	5	5	0	4	2	5	0
2	2	0	5	4	0	0	1	0
2	5	2	4	2	0	0	0	3
4	1	0	0	5	1	0	0	2
5	0	1	5	0	0	3	2	0

0	0	0	99	98	98	99	98	99
0	0	96	97	100	96	96	100	0
0	96	0	96	100	0	95	0	96
99	97	96	0	97	99	100	0	100
98	100	100	97	0	97	96	99	0
98	96	0	99	97	0	0	97	0
99	96	95	100	96	0	0	0	97
98	100	0	0	99	97	0	0	99
99	0	96	100	0	0	97	99	0

0	0	0	14	5	34	8	30	39
0	0	0	0	15	38	4	37	0
0	0	0	22	9	0	34	0	32
14	0	22	0	20	36	29	0	20
5	15	9	20	0	37	30	13	0
34	38	0	36	37	0	0	48	0
8	4	34	29	30	0	0	0	48
30	37	0	0	13	48	0	0	10
39	0	32	20	0	0	48	10	0

10	39
37	48
26	35
33	45
43	41
11	30
16	39
48	33
36	11
