0	1	1	1	1	0	1	1	1
1	0	1	1	0	1	1	1	1
1	1	0	1	0	1	1	1	1
1	1	1	0	1	0	1	1	1
1	0	0	1	0	0	1	1	0
0	1	1	0	0	0	1	1	1
1	1	1	1	1	1	0	1	0
1	1	1	1	1	1	1	0	1
1	1	1	1	0	1	0	1	0

0	15	8	6	6	0	13	6	7
15	0	5	5	0	14	12	5	7
8	5	0	14	0	12	13	6	10
6	5	14	0	8	0	13	11	11
6	0	0	8	0	0	14	11	0
0	14	12	0	0	0	11	10	6
13	12	13	13	14	11	0	10	0
6	5	6	11	11	10	10	0	7
7	7	10	11	0	6	0	7	0

0	3	3	5	1	0	5	2	1
3	0	1	3	0	4	1	1	4
3	1	0	1	0	3	2	1	3
5	3	1	0	1	0	5	2	1
1	0	0	1	0	0	1	3	0
0	4	3	0	0	0	3	2	5
5	1	2	5	1	3	0	4	0
2	1	1	2	3	2	4	0	5
1	4	3	1	0	5	0	5	0

0	96	99	100	96	0	97	98	99
96	0	97	95	0	98	99	98	99
99	97	0	99	0	95	95	100	99
100	95	99	0	96	0	96	95	95
96	0	0	96	0	0	99	96	0
0	98	95	0	0	0	100	98	96
97	99	95	96	99	100	0	96	0
98	98	100	95	96	98	96	0	98
99	99	99	95	0	96	0	98	0

0	5	8	41	14	0	32	23	9
5	0	8	36	0	35	31	42	43
8	8	0	35	0	7	12	22	39
41	36	35	0	25	0	13	1	21
14	0	0	25	0	0	11	44	0
0	35	7	0	0	0	23	41	34
32	31	12	13	11	23	0	44	0
23	42	22	1	44	41	44	0	9
9	43	39	21	0	34	0	9	0

40	47
47	22
24	23
45	50
31	29
42	43
17	17
12	33
29	49
