0	0	1	1	1	1	1
0	0	0	1	1	0	1
1	0	0	1	0	1	0
1	1	1	0	1	0	1
1	1	0	1	0	1	0
1	0	1	0	1	0	1
1	1	0	1	0	1	0

0	0	12	5	8	9	6
0	0	0	5	5	0	13
12	0	0	6	0	6	0
5	5	6	0	15	0	13
8	5	0	15	0	13	0
9	0	6	0	13	0	11
6	13	0	13	0	11	0

0	0	5	3	4	4	4
0	0	0	5	1	0	3
5	0	0	4	0	2	0
3	5	4	0	5	0	1
4	1	0	5	0	2	0
4	0	2	0	2	0	3
4	3	0	1	0	3	0

0	0	99	98	95	97	98
0	0	0	96	98	0	98
99	0	0	97	0	96	0
98	96	97	0	98	0	95
95	98	0	98	0	96	0
97	0	96	0	96	0	97
98	98	0	95	0	97	0

0	0	19	14	34	11	26
0	0	0	11	19	0	37
19	0	0	43	0	3	0
14	11	43	0	24	0	3
34	19	0	24	0	37	0
11	0	3	0	37	0	20
26	37	0	3	0	20	0

25	41
44	16
13	47
39	42
41	25
32	28
25	35
