0	0	0	1	1	1	1	1	1	1
0	0	1	0	1	1	1	0	1	1
0	1	0	1	1	0	1	1	1	1
1	0	1	0	1	0	1	1	1	1
1	1	1	1	0	1	1	1	1	1
1	1	0	0	1	0	1	0	1	1
1	1	1	1	1	1	0	1	1	1
1	0	1	1	1	0	1	0	1	0
1	1	1	1	1	1	1	1	0	0
1	1	1	1	1	1	1	0	0	0

0	0	0	15	12	8	13	7	15	8
0	0	5	0	10	11	14	0	10	5
0	5	0	5	6	0	14	15	13	13
15	0	5	0	13	0	7	12	14	15
12	10	6	13	0	6	8	6	10	15
8	11	0	0	6	0	12	0	14	14
13	14	14	7	8	12	0	8	5	9
7	0	15	12	6	0	8	0	6	0
15	10	13	14	10	14	5	6	0	0
8	5	13	15	15	14	9	0	0	0

0	0	0	4	3	3	4	2	4	1
0	0	5	0	3	4	2	0	4	5
0	5	0	1	4	0	4	5	4	5
4	0	1	0	2	0	4	4	2	2
3	3	4	2	0	4	5	1	5	2
3	4	0	0	4	0	5	0	1	2
4	2	4	4	5	5	0	3	1	2
2	0	5	4	1	0	3	0	4	0
4	4	4	2	5	1	1	4	0	0
1	5	5	2	2	2	2	0	0	0

0	0	0	97	95	100	100	97	99	99
0	0	100	0	99	95	95	0	96	99
0	100	0	97	97	0	99	99	96	95
97	0	97	0	100	0	99	100	97	95
95	99	97	100	0	97	95	95	100	95
100	95	0	0	97	0	98	0	97	98
100	95	99	99	95	98	0	98	97	97
97	0	99	100	95	0	98	0	95	0
99	96	96	97	100	97	97	95	0	0
99	99	95	95	95	98	97	0	0	0

0	0	0	10	23	36	22	43	27	44
0	0	32	0	4	7	10	0	12	20
0	32	0	42	18	0	25	17	18	36
10	0	42	0	8	0	28	12	16	34
23	4	18	8	0	22	31	8	16	13
36	7	0	0	22	0	12	0	16	12
22	10	25	28	31	12	0	47	32	19
43	0	17	12	8	0	47	0	38	0
27	12	18	16	16	16	32	38	0	0
44	20	36	34	13	12	19	0	0	0

13	17
37	34
22	38
14	24
50	37
12	47
19	12
35	44
42	31
31	10
