0	1	1	1	0	1	1	1	1	1
1	0	0	0	1	1	1	1	1	1
1	0	0	1	1	1	0	0	0	0
1	0	1	0	1	1	0	1	1	0
0	1	1	1	0	1	1	1	1	0
1	1	1	1	1	0	0	1	0	1
1	1	0	0	1	0	0	0	1	0
1	1	0	1	1	1	0	0	1	1
1	1	0	1	1	0	1	1	0	1
1	1	0	0	0	1	0	1	1	0

0	6	8	9	0	6	5	15	6	12
6	0	0	0	7	11	6	8	8	8
8	0	0	15	15	15	0	0	0	0
9	0	15	0	6	7	0	11	10	0
0	7	15	6	0	13	6	13	8	0
6	11	15	7	13	0	0	15	0	13
5	6	0	0	6	0	0	0	11	0
15	8	0	11	13	15	0	0	12	11
6	8	0	10	8	0	11	12	0	5
12	8	0	0	0	13	0	11	5	0

0	2	2	4	0	3	2	4	2	5
2	0	0	0	4	5	5	1	2	3
2	0	0	4	5	5	0	0	0	0
4	0	4	0	5	3	0	3	5	0
0	4	5	5	0	4	3	1	1	0
3	5	5	3	4	0	0	5	0	3
2	5	0	0	3	0	0	0	3	0
4	1	0	3	1	5	0	0	5	2
2	2	0	5	1	0	3	5	0	3
5	3	0	0	0	3	0	2	3	0

0	97	95	98	0	98	99	98	98	95
97	0	0	0	100	97	98	99	96	100
95	0	0	95	97	100	0	0	0	0
98	0	95	0	100	95	0	96	97	0
0	100	97	100	0	96	99	95	96	0
98	97	100	95	96	0	0	99	0	97
99	98	0	0	99	0	0	0	99	0
98	99	0	96	95	99	0	0	96	100
98	96	0	97	96	0	99	96	0	98
95	100	0	0	0	97	0	100	98	0

0	6	32	34	0	15	23	11	20	27
6	0	0	0	2	20	48	47	47	21
32	0	0	14	34	1	0	0	0	0
34	0	14	0	39	39	0	11	18	0
0	2	34	39	0	13	1	9	38	0
15	20	1	39	13	0	0	21	0	29
23	48	0	0	1	0	0	0	36	0
11	47	0	11	9	21	0	0	22	23
20	47	0	18	38	0	36	22	0	47
27	21	0	0	0	29	0	23	47	0

49	15
35	14
47	41
27	29
27	15
43	39
35	44
21	22
48	35
48	13
