0	1	1	1	0	1	0	1	0
1	0	1	1	1	1	1	0	1
1	1	0	1	1	1	0	0	1
1	1	1	0	1	1	1	1	0
0	1	1	1	0	1	1	0	0
1	1	1	1	1	0	1	1	1
0	1	0	1	1	1	0	1	1
1	0	0	1	0	1	1	0	0
0	1	1	0	0	1	1	0	0

0	11	7	11	0	5	0	11	0
11	0	10	5	8	14	13	0	5
7	10	0	9	15	7	0	0	9
11	5	9	0	10	14	5	5	0
0	8	15	10	0	13	7	0	0
5	14	7	14	13	0	7	11	9
0	13	0	5	7	7	0	12	7
11	0	0	5	0	11	12	0	0
0	5	9	0	0	9	7	0	0

0	1	5	1	0	4	0	3	0
1	0	3	4	5	1	1	0	1
5	3	0	3	5	5	0	0	1
1	4	3	0	3	5	1	5	0
0	5	5	3	0	4	1	0	0
4	1	5	5	4	0	2	5	5
0	1	0	1	1	2	0	1	1
3	0	0	5	0	5	1	0	0
0	1	1	0	0	5	1	0	0

0	97	98	100	0	100	0	97	0
97	0	95	96	95	96	95	0	100
98	95	0	95	99	95	0	0	100
100	96	95	0	95	100	97	100	0
0	95	99	95	0	97	100	0	0
100	96	95	100	97	0	95	98	95
0	95	0	97	100	95	0	95	100
97	0	0	100	0	98	95	0	0
0	100	100	0	0	95	100	0	0

0	10	8	30	0	17	0	34	0
10	0	35	40	45	4	5	0	43
8	35	0	8	32	1	0	0	28
30	40	8	0	37	32	1	34	0
0	45	32	37	0	28	23	0	0
17	4	1	32	28	0	4	13	28
0	5	0	1	23	4	0	18	45
34	0	0	34	0	13	18	0	0
0	43	28	0	0	28	45	0	0

34	13
14	50
19	11
22	17
49	44
32	16
35	35
25	24
37	35
