0	1	0	0	1	1	0	1	1	1
1	0	1	1	1	1	1	0	0	1
0	1	0	1	0	0	1	1	1	1
0	1	1	0	1	1	0	1	1	1
1	1	0	1	0	1	0	1	0	0
1	1	0	1	1	0	1	0	1	1
0	1	1	0	0	1	0	1	1	0
1	0	1	1	1	0	1	0	1	1
1	0	1	1	0	1	1	1	0	0
1	1	1	1	0	1	0	1	0	0

0	13	0	0	14	6	0	11	11	10
13	0	14	11	7	6	9	0	0	7
0	14	0	5	0	0	10	13	8	6
0	11	5	0	5	13	0	14	7	8
14	7	0	5	0	15	0	11	0	0
6	6	0	13	15	0	7	0	8	9
0	9	10	0	0	7	0	6	11	0
11	0	13	14	11	0	6	0	9	11
11	0	8	7	0	8	11	9	0	0
10	7	6	8	0	9	0	11	0	0

0	4	0	0	1	3	0	4	4	3
4	0	4	2	3	5	1	0	0	5
0	4	0	5	0	0	4	5	2	5
0	2	5	0	4	1	0	5	4	5
1	3	0	4	0	1	0	4	0	0
3	5	0	1	1	0	2	0	5	3
0	1	4	0	0	2	0	4	4	0
4	0	5	5	4	0	4	0	2	3
4	0	2	4	0	5	4	2	0	0
3	5	5	5	0	3	0	3	0	0

0	96	0	0	97	99	0	98	97	100
96	0	95	97	95	98	95	0	0	95
0	95	0	96	0	0	99	97	99	97
0	97	96	0	97	99	0	97	98	100
97	95	0	97	0	99	0	97	0	0
99	98	0	99	99	0	95	0	98	98
0	95	99	0	0	95	0	98	100	0
98	0	97	97	97	0	98	0	99	95
97	0	99	98	0	98	100	99	0	0
100	95	97	100	0	98	0	95	0	0

0	33	0	0	4	37	0	7	38	15
33	0	17	10	45	22	27	0	0	35
0	17	0	1	0	0	0	42	6	8
0	10	1	0	37	18	0	1	47	35
4	45	0	37	0	17	0	26	0	0
37	22	0	18	17	0	43	0	34	39
0	27	0	0	0	43	0	42	7	0
7	0	42	1	26	0	42	0	34	23
38	0	6	47	0	34	7	34	0	0
15	35	8	35	0	39	0	23	0	0

34	50
24	14
49	33
16	10
49	43
14	26
29	39
37	42
41	43
49	41
