0	1	1	0	1	0	0	1	1	1
1	0	1	1	1	1	1	1	1	1
1	1	0	1	1	1	1	1	1	1
0	1	1	0	0	1	1	0	1	1
1	1	1	0	0	0	1	1	1	0
0	1	1	1	0	0	1	1	1	1
0	1	1	1	1	1	0	1	1	1
1	1	1	0	1	1	1	0	1	1
1	1	1	1	1	1	1	1	0	1
1	1	1	1	0	1	1	1	1	0

0	9	5	0	7	0	0	13	11	14
9	0	12	10	6	6	12	9	13	8
5	12	0	9	8	9	14	7	5	10
0	10	9	0	0	13	11	0	11	14
7	6	8	0	0	0	5	15	7	0
0	6	9	13	0	0	14	12	13	13
0	12	14	11	5	14	0	15	6	14
13	9	7	0	15	12	15	0	7	11
11	13	5	11	7	13	6	7	0	12
14	8	10	14	0	13	14	11	12	0

0	5	4	0	4	0	0	2	2	1
5	0	5	5	3	2	5	4	1	4
4	5	0	3	1	5	1	1	3	1
0	5	3	0	0	4	1	0	2	4
4	3	1	0	0	0	1	3	5	0
0	2	5	4	0	0	3	5	5	1
0	5	1	1	1	3	0	4	3	3
2	4	1	0	3	5	4	0	5	3
2	1	3	2	5	5	3	5	0	5
1	4	1	4	0	1	3	3	5	0

0	98	98	0	99	0	0	100	98	99
98	0	99	97	97	95	99	98	100	96
98	99	0	99	100	96	97	99	95	97
0	97	99	0	0	100	97	0	96	95
99	97	100	0	0	0	98	96	95	0
0	95	96	100	0	0	96	98	100	96
0	99	97	97	98	96	0	96	97	100
100	98	99	0	96	98	96	0	96	100
98	100	95	96	95	100	97	96	0	98
99	96	97	95	0	96	100	100	98	0

0	3	43	0	35	0	0	35	35	39
3	0	34	16	46	6	36	23	40	9
43	34	0	14	43	45	16	0	20	20
0	16	14	0	0	9	5	0	21	3
35	46	43	0	0	0	49	21	20	0
0	6	45	9	0	0	41	38	24	31
0	36	16	5	49	41	0	8	39	27
35	23	0	0	21	38	8	0	9	27
35	40	20	21	20	24	39	9	0	32
39	9	20	3	0	31	27	27	32	0

46	48
36	42
49	27
48	22
38	32
19	50
48	33
38	29
39	47
45	19
