0	1	1	1	0	0	1
1	0	0	1	1	1	1
1	0	0	1	1	1	0
1	1	1	0	0	1	1
0	1	1	0	0	1	0
0	1	1	1	1	0	1
1	1	0	1	0	1	0

0	14	7	12	0	0	10
14	0	0	11	5	10	13
7	0	0	15	6	14	0
12	11	15	0	0	7	7
0	5	6	0	0	9	0
0	10	14	7	9	0	6
10	13	0	7	0	6	0

0	5	3	2	0	0	5
5	0	0	2	3	3	3
3	0	0	4	5	2	0
2	2	4	0	0	3	1
0	3	5	0	0	5	0
0	3	2	3	5	0	4
5	3	0	1	0	4	0

0	98	97	100	0	0	97
98	0	0	99	97	98	97
97	0	0	97	98	96	0
100	99	97	0	0	95	98
0	97	98	0	0	95	0
0	98	96	95	95	0	98
97	97	0	98	0	98	0

0	22	18	3	0	0	24
22	0	0	1	31	11	19
18	0	0	9	32	24	0
3	1	9	0	0	14	21
0	31	32	0	0	34	0
0	11	24	14	34	0	12
24	19	0	21	0	12	0

50	35
43	43
40	50
18	21
26	33
37	26
15	36
