0	1	0	1	1	0	0	1	0	1
1	0	1	0	1	0	1	0	1	1
0	1	0	1	0	1	1	1	0	1
1	0	1	0	0	1	1	1	1	1
1	1	0	0	0	1	0	1	0	1
0	0	1	1	1	0	0	1	1	1
0	1	1	1	0	0	0	1	1	1
1	0	1	1	1	1	1	0	1	1
0	1	0	1	0	1	1	1	0	1
1	1	1	1	1	1	1	1	1	0

0	6	0	8	13	0	0	10	0	7
6	0	13	0	15	0	11	0	12	14
0	13	0	11	0	5	7	8	0	9
8	0	11	0	0	7	5	14	11	5
13	15	0	0	0	7	0	10	0	9
0	0	5	7	7	0	0	6	11	8
0	11	7	5	0	0	0	11	5	5
10	0	8	14	10	6	11	0	11	12
0	12	0	11	0	11	5	11	0	5
7	14	9	5	9	8	5	12	5	0

0	2	0	3	3	0	0	2	0	3
2	0	1	0	1	0	5	0	3	3
0	1	0	5	0	4	2	2	0	3
3	0	5	0	0	1	1	2	5	3
3	1	0	0	0	5	0	1	0	3
0	0	4	1	5	0	0	5	4	2
0	5	2	1	0	0	0	1	3	5
2	0	2	2	1	5	1	0	2	4
0	3	0	5	0	4	3	2	0	4
3	3	3	3	3	2	5	4	4	0

0	97	0	96	97	0	0	99	0	99
97	0	95	0	95	0	100	0	98	98
0	95	0	99	0	95	98	97	0	100
96	0	99	0	0	100	96	97	100	99
97	95	0	0	0	98	0	97	0	98
0	0	95	100	98	0	0	95	98	99
0	100	98	96	0	0	0	98	99	96
99	0	97	97	97	95	98	0	96	99
0	98	0	100	0	98	99	96	0	95
99	98	100	99	98	99	96	99	95	0

0	44	0	20	31	0	0	39	0	47
44	0	12	0	32	0	36	0	11	40
0	12	0	38	0	38	33	22	0	29
20	0	38	0	0	5	19	40	39	31
31	32	0	0	0	42	0	6	0	2
0	0	38	5	42	0	0	49	39	20
0	36	33	19	0	0	0	35	12	14
39	0	22	40	6	49	35	0	2	20
0	11	0	39	0	39	12	2	0	23
47	40	29	31	2	20	14	20	23	0

19	46
30	19
33	23
19	31
15	27
17	30
25	29
21	27
48	45
49	17
