0	1	0	1	1	1	0	1
1	0	0	0	0	1	0	1
0	0	0	1	0	0	0	0
1	0	1	0	1	1	0	1
1	0	0	1	0	0	1	1
1	1	0	1	0	0	1	0
0	0	0	0	1	1	0	1
1	1	0	1	1	0	1	0

0	14	0	6	11	12	0	7
14	0	0	0	0	7	0	9
0	0	0	12	0	0	0	0
6	0	12	0	10	10	0	15
11	0	0	10	0	0	10	14
12	7	0	10	0	0	8	0
0	0	0	0	10	8	0	10
7	9	0	15	14	0	10	0

0	4	0	5	5	5	0	2
4	0	0	0	0	2	0	2
0	0	0	1	0	0	0	0
5	0	1	0	3	1	0	1
5	0	0	3	0	0	2	2
5	2	0	1	0	0	2	0
0	0	0	0	2	2	0	4
2	2	0	1	2	0	4	0

0	98	0	97	97	95	0	100
98	0	0	0	0	98	0	98
0	0	0	98	0	0	0	0
97	0	98	0	100	100	0	97
97	0	0	100	0	0	100	97
95	98	0	100	0	0	98	0
0	0	0	0	100	98	0	96
100	98	0	97	97	0	96	0

0	18	0	8	17	23	0	23
18	0	0	0	0	19	0	41
0	0	0	34	0	0	0	0
8	0	34	0	24	41	0	0
17	0	0	24	0	0	29	40
23	19	0	41	0	0	43	0
0	0	0	0	29	43	0	11
23	41	0	0	40	0	11	0

38	26
28	50
30	29
27	28
28	10
20	36
13	23
29	49
