0	1	0	1	1	0	0	1
1	0	0	0	0	1	1	1
0	0	0	1	1	1	1	1
1	0	1	0	1	1	0	0
1	0	1	1	0	1	0	1
0	1	1	1	1	0	0	1
0	1	1	0	0	0	0	1
1	1	1	0	1	1	1	0

0	8	0	7	6	0	0	6
8	0	0	0	0	10	14	9
0	0	0	5	12	12	9	8
7	0	5	0	8	9	0	0
6	0	12	8	0	10	0	6
0	10	12	9	10	0	0	11
0	14	9	0	0	0	0	15
6	9	8	0	6	11	15	0

0	3	0	4	1	0	0	3
3	0	0	0	0	1	1	5
0	0	0	3	2	4	5	3
4	0	3	0	4	4	0	0
1	0	2	4	0	3	0	1
0	1	4	4	3	0	0	3
0	1	5	0	0	0	0	4
3	5	3	0	1	3	4	0

0	97	0	100	97	0	0	99
97	0	0	0	0	100	100	97
0	0	0	100	99	100	97	98
100	0	100	0	100	97	0	0
97	0	99	100	0	100	0	97
0	100	100	97	100	0	0	95
0	100	97	0	0	0	0	95
99	97	98	0	97	95	95	0

0	47	0	19	25	0	0	26
47	0	0	0	0	11	33	14
0	0	0	16	3	42	3	39
19	0	16	0	43	32	0	0
25	0	3	43	0	45	0	49
0	11	42	32	45	0	0	27
0	33	3	0	0	0	0	13
26	14	39	0	49	27	13	0

27	46
27	47
28	36
25	38
30	28
47	35
18	41
29	39
