0	0	1	1	1	1	1	0	1	1
0	0	1	1	1	1	1	1	1	1
1	1	0	1	0	1	1	1	0	1
1	1	1	0	1	1	1	1	1	1
1	1	0	1	0	0	1	1	1	0
1	1	1	1	0	0	1	1	0	1
1	1	1	1	1	1	0	1	1	0
0	1	1	1	1	1	1	0	1	1
1	1	0	1	1	0	1	1	0	0
1	1	1	1	0	1	0	1	0	0

0	0	5	10	13	7	9	0	7	6
0	0	8	14	13	10	7	8	7	11
5	8	0	12	0	13	8	10	0	14
10	14	12	0	11	7	13	15	9	7
13	13	0	11	0	0	13	12	8	0
7	10	13	7	0	0	7	15	0	8
9	7	8	13	13	7	0	12	9	0
0	8	10	15	12	15	12	0	11	9
7	7	0	9	8	0	9	11	0	0
6	11	14	7	0	8	0	9	0	0

0	0	1	5	2	1	1	0	4	1
0	0	3	2	1	1	3	1	1	5
1	3	0	5	0	1	5	1	0	5
5	2	5	0	5	5	4	4	2	4
2	1	0	5	0	0	5	2	2	0
1	1	1	5	0	0	1	1	0	1
1	3	5	4	5	1	0	2	3	0
0	1	1	4	2	1	2	0	1	4
4	1	0	2	2	0	3	1	0	0
1	5	5	4	0	1	0	4	0	0

0	0	95	100	99	98	95	0	99	98
0	0	99	99	96	96	95	97	98	95
95	99	0	100	0	95	99	96	0	99
100	99	100	0	95	95	97	98	99	95
99	96	0	95	0	0	97	100	95	0
98	96	95	95	0	0	100	97	0	97
95	95	99	97	97	100	0	97	98	0
0	97	96	98	100	97	97	0	95	95
99	98	0	99	95	0	98	95	0	0
98	95	99	95	0	97	0	95	0	0

0	0	16	30	11	35	18	0	30	13
0	0	4	7	42	37	22	14	27	14
16	4	0	5	0	16	16	2	0	9
30	7	5	0	2	34	39	8	38	40
11	42	0	2	0	0	39	35	33	0
35	37	16	34	0	0	44	0	0	2
18	22	16	39	39	44	0	21	17	0
0	14	2	8	35	0	21	0	21	1
30	27	0	38	33	0	17	21	0	0
13	14	9	40	0	2	0	1	0	0

38	49
22	30
33	23
42	49
47	41
44	32
19	28
39	43
26	10
15	27
