0	0	0	1	1	0	1	1	1
0	0	1	1	1	1	1	1	0
0	1	0	1	1	1	1	0	0
1	1	1	0	1	0	1	1	1
1	1	1	1	0	1	0	0	1
0	1	1	0	1	0	1	1	1
1	1	1	1	0	1	0	1	1
1	1	0	1	0	1	1	0	1
1	0	0	1	1	1	1	1	0

0	0	0	6	11	0	8	7	13
0	0	15	9	13	6	8	15	0
0	15	0	8	9	8	5	0	0
6	9	8	0	9	0	14	14	13
11	13	9	9	0	9	0	0	13
0	6	8	0	9	0	6	6	8
8	8	5	14	0	6	0	11	12
7	15	0	14	0	6	11	0	13
13	0	0	13	13	8	12	13	0

0	0	0	4	1	0	2	3	3
0	0	1	2	5	2	2	3	0
0	1	0	1	2	1	2	0	0
4	2	1	0	4	0	5	1	5
1	5	2	4	0	5	0	0	5
0	2	1	0	5	0	3	1	5
2	2	2	5	0	3	0	1	1
3	3	0	1	0	1	1	0	1
3	0	0	5	5	5	1	1	0

0	0	0	99	99	0	97	96	99
0	0	96	100	95	98	95	99	0
0	96	0	97	100	100	99	0	0
99	100	97	0	97	0	96	95	100
99	95	100	97	0	95	0	0	96
0	98	100	0	95	0	96	98	98
97	95	99	96	0	96	0	98	95
96	99	0	95	0	98	98	0	96
99	0	0	100	96	98	95	96	0

0	0	0	49	8	0	26	39	0
0	0	32	8	37	24	5	39	0
0	32	0	20	30	39	16	0	0
49	8	20	0	20	0	14	14	33
8	37	30	20	0	36	0	0	15
0	24	39	0	36	0	4	9	22
26	5	16	14	0	4	0	2	22
39	39	0	14	0	9	2	0	27
0	0	0	33	15	22	22	27	0

12	34
43	38
25	38
17	50
27	17
35	17
31	20
18	24
11	28
