0	1	1	1	1	1	1	0	1	0
1	0	1	1	1	1	1	1	1	1
1	1	0	1	0	1	0	1	0	1
1	1	1	0	1	1	0	0	1	0
1	1	0	1	0	1	1	1	1	1
1	1	1	1	1	0	1	1	1	0
1	1	0	0	1	1	0	1	1	1
0	1	1	0	1	1	1	0	0	1
1	1	0	1	1	1	1	0	0	1
0	1	1	0	1	0	1	1	1	0

0	6	10	10	9	5	5	0	13	0
6	0	7	12	5	12	9	14	5	8
10	7	0	6	0	7	0	8	0	10
10	12	6	0	11	7	0	0	6	0
9	5	0	11	0	10	10	5	5	9
5	12	7	7	10	0	6	5	7	0
5	9	0	0	10	6	0	8	14	9
0	14	8	0	5	5	8	0	0	6
13	5	0	6	5	7	14	0	0	10
0	8	10	0	9	0	9	6	10	0

0	3	1	2	3	5	5	0	3	0
3	0	3	5	5	1	2	5	2	1
1	3	0	1	0	2	0	2	0	3
2	5	1	0	4	1	0	0	3	0
3	5	0	4	0	4	3	4	2	3
5	1	2	1	4	0	2	4	3	0
5	2	0	0	3	2	0	2	4	2
0	5	2	0	4	4	2	0	0	1
3	2	0	3	2	3	4	0	0	1
0	1	3	0	3	0	2	1	1	0

0	99	99	95	99	100	99	0	95	0
99	0	100	96	98	96	98	97	98	99
99	100	0	98	0	99	0	99	0	98
95	96	98	0	100	97	0	0	97	0
99	98	0	100	0	96	99	99	97	97
100	96	99	97	96	0	98	100	98	0
99	98	0	0	99	98	0	97	98	98
0	97	99	0	99	100	97	0	0	99
95	98	0	97	97	98	98	0	0	95
0	99	98	0	97	0	98	99	95	0

0	21	11	43	14	8	12	0	25	0
21	0	8	43	9	10	28	40	41	3
11	8	0	40	0	15	0	47	0	10
43	43	40	0	18	30	0	0	41	0
14	9	0	18	0	9	38	49	14	32
8	10	15	30	9	0	42	27	19	0
12	28	0	0	38	42	0	6	25	0
0	40	47	0	49	27	6	0	0	26
25	41	0	41	14	19	25	0	0	17
0	3	10	0	32	0	0	26	17	0

30	48
47	32
11	10
12	15
34	13
22	14
48	13
46	44
26	17
39	31
