0	1	0	1	1	1	1	1	0	1
1	0	0	1	1	1	0	1	1	1
0	0	0	0	1	1	0	1	1	1
1	1	0	0	1	0	1	1	0	1
1	1	1	1	0	1	1	1	1	0
1	1	1	0	1	0	0	1	1	0
1	0	0	1	1	0	0	0	1	0
1	1	1	1	1	1	0	0	0	1
0	1	1	0	1	1	1	0	0	1
1	1	1	1	0	0	0	1	1	0

0	12	0	7	14	6	5	11	0	12
12	0	0	6	12	7	0	12	6	7
0	0	0	0	15	6	0	8	11	13
7	6	0	0	15	0	13	6	0	5
14	12	15	15	0	15	7	5	9	0
6	7	6	0	15	0	0	10	14	0
5	0	0	13	7	0	0	0	7	0
11	12	8	6	5	10	0	0	0	11
0	6	11	0	9	14	7	0	0	8
12	7	13	5	0	0	0	11	8	0

0	3	0	5	3	4	2	2	0	2
3	0	0	3	4	1	0	2	3	3
0	0	0	0	3	5	0	2	3	2
5	3	0	0	2	0	1	3	0	4
3	4	3	2	0	3	3	3	5	0
4	1	5	0	3	0	0	1	3	0
2	0	0	1	3	0	0	0	4	0
2	2	2	3	3	1	0	0	0	1
0	3	3	0	5	3	4	0	0	5
2	3	2	4	0	0	0	1	5	0

0	99	0	98	98	95	100	98	0	96
99	0	0	98	97	100	0	95	95	97
0	0	0	0	97	99	0	100	97	100
98	98	0	0	97	0	95	99	0	99
98	97	97	97	0	99	95	95	99	0
95	100	99	0	99	0	0	99	99	0
100	0	0	95	95	0	0	0	99	0
98	95	100	99	95	99	0	0	0	96
0	95	97	0	99	99	99	0	0	99
96	97	100	99	0	0	0	96	99	0

0	11	0	1	37	25	39	2	0	7
11	0	0	28	17	42	0	21	26	8
0	0	0	0	34	1	0	1	19	6
1	28	0	0	28	0	24	36	0	32
37	17	34	28	0	32	43	0	0	0
25	42	1	0	32	0	0	0	19	0
39	0	0	24	43	0	0	0	28	0
2	21	1	36	0	0	0	0	0	3
0	26	19	0	0	19	28	0	0	12
7	8	6	32	0	0	0	3	12	0

35	13
31	39
40	33
17	41
12	42
14	43
39	49
22	33
41	24
35	50
