0	0	1	1	0	0	1	1	1	0
0	0	0	0	0	1	1	1	1	1
1	0	0	0	1	0	1	1	0	1
1	0	0	0	0	1	1	0	1	1
0	0	1	0	0	1	1	1	1	0
0	1	0	1	1	0	0	0	1	0
1	1	1	1	1	0	0	1	1	0
1	1	1	0	1	0	1	0	1	0
1	1	0	1	1	1	1	1	0	1
0	1	1	1	0	0	0	0	1	0

0	0	13	8	0	0	12	11	15	0
0	0	0	0	0	13	6	14	15	8
13	0	0	0	14	0	12	6	0	9
8	0	0	0	0	14	5	0	7	9
0	0	14	0	0	13	9	5	5	0
0	13	0	14	13	0	0	0	6	0
12	6	12	5	9	0	0	8	10	0
11	14	6	0	5	0	8	0	7	0
15	15	0	7	5	6	10	7	0	14
0	8	9	9	0	0	0	0	14	0

0	0	4	2	0	0	3	5	5	0
0	0	0	0	0	5	4	3	5	2
4	0	0	0	1	0	5	5	0	1
2	0	0	0	0	1	4	0	1	5
0	0	1	0	0	2	1	1	4	0
0	5	0	1	2	0	0	0	3	0
3	4	5	4	1	0	0	5	4	0
5	3	5	0	1	0	5	0	2	0
5	5	0	1	4	3	4	2	0	1
0	2	1	5	0	0	0	0	1	0

0	0	100	96	0	0	100	99	96	0
0	0	0	0	0	100	96	98	99	100
100	0	0	0	96	0	96	98	0	100
96	0	0	0	0	97	99	0	97	98
0	0	96	0	0	96	96	99	100	0
0	100	0	97	96	0	0	0	98	0
100	96	96	99	96	0	0	100	95	0
99	98	98	0	99	0	100	0	98	0
96	99	0	97	100	98	95	98	0	97
0	100	100	98	0	0	0	0	97	0

0	0	27	5	0	0	36	41	15	0
0	0	0	0	0	6	8	19	16	15
27	0	0	0	5	0	33	29	0	29
5	0	0	0	0	36	50	0	39	18
0	0	5	0	0	17	43	34	28	0
0	6	0	36	17	0	0	0	1	0
36	8	33	50	43	0	0	12	10	0
41	19	29	0	34	0	12	0	34	0
15	16	0	39	28	1	10	34	0	8
0	15	29	18	0	0	0	0	8	0

43	30
40	50
29	15
33	47
30	24
22	39
38	43
18	11
34	49
19	47
