0	1	0	0	0	1	1
1	0	1	1	1	1	1
0	1	0	1	0	1	1
0	1	1	0	1	0	1
0	1	0	1	0	0	0
1	1	1	0	0	0	1
1	1	1	1	0	1	0

0	8	0	0	0	6	14
8	0	15	11	13	12	14
0	15	0	9	0	9	10
0	11	9	0	9	0	9
0	13	0	9	0	0	0
6	12	9	0	0	0	9
14	14	10	9	0	9	0

0	1	0	0	0	5	4
1	0	1	1	3	4	5
0	1	0	1	0	5	4
0	1	1	0	4	0	1
0	3	0	4	0	0	0
5	4	5	0	0	0	3
4	5	4	1	0	3	0

0	98	0	0	0	95	100
98	0	96	99	95	100	97
0	96	0	98	0	96	96
0	99	98	0	100	0	99
0	95	0	100	0	0	0
95	100	96	0	0	0	97
100	97	96	99	0	97	0

0	46	0	0	0	2	14
46	0	35	19	22	26	39
0	35	0	9	0	3	25
0	19	9	0	16	0	11
0	22	0	16	0	0	0
2	26	3	0	0	0	14
14	39	25	11	0	14	0

19	47
17	34
28	37
40	41
15	34
13	50
42	41
