0	1	1	1	0	0	0	1	0
1	0	1	1	1	0	1	0	0
1	1	0	1	1	1	1	1	1
1	1	1	0	1	1	1	1	1
0	1	1	1	0	0	1	0	1
0	0	1	1	0	0	1	1	1
0	1	1	1	1	1	0	1	1
1	0	1	1	0	1	1	0	1
0	0	1	1	1	1	1	1	0

0	11	14	15	0	0	0	5	0
11	0	13	12	12	0	5	0	0
14	13	0	6	10	5	11	13	8
15	12	6	0	12	10	15	14	6
0	12	10	12	0	0	15	0	9
0	0	5	10	0	0	6	14	10
0	5	11	15	15	6	0	6	9
5	0	13	14	0	14	6	0	11
0	0	8	6	9	10	9	11	0

0	1	1	5	0	0	0	2	0
1	0	3	3	2	0	1	0	0
1	3	0	5	5	3	2	5	1
5	3	5	0	3	1	5	4	5
0	2	5	3	0	0	3	0	5
0	0	3	1	0	0	3	5	3
0	1	2	5	3	3	0	1	3
2	0	5	4	0	5	1	0	2
0	0	1	5	5	3	3	2	0

0	100	100	98	0	0	0	97	0
100	0	96	96	96	0	95	0	0
100	96	0	95	95	95	97	97	96
98	96	95	0	100	96	96	97	100
0	96	95	100	0	0	95	0	99
0	0	95	96	0	0	98	99	97
0	95	97	96	95	98	0	99	99
97	0	97	97	0	99	99	0	97
0	0	96	100	99	97	99	97	0

0	21	25	26	0	0	0	4	0
21	0	22	29	2	0	24	0	0
25	22	0	42	23	28	41	2	4
26	29	42	0	27	24	39	8	30
0	2	23	27	0	0	9	0	13
0	0	28	24	0	0	45	14	40
0	24	41	39	9	45	0	7	15
4	0	2	8	0	14	7	0	24
0	0	4	30	13	40	15	24	0

44	45
35	10
50	24
24	43
27	33
43	12
41	29
46	27
23	11
