0	1	1	1	0	1	0
1	0	1	1	1	1	1
1	1	0	1	1	1	0
1	1	1	0	0	0	1
0	1	1	0	0	1	0
1	1	1	0	1	0	0
0	1	0	1	0	0	0

0	8	14	10	0	14	0
8	0	5	13	9	9	15
14	5	0	10	9	12	0
10	13	10	0	0	0	9
0	9	9	0	0	9	0
14	9	12	0	9	0	0
0	15	0	9	0	0	0

0	3	3	2	0	5	0
3	0	3	4	5	1	1
3	3	0	1	4	2	0
2	4	1	0	0	0	3
0	5	4	0	0	1	0
5	1	2	0	1	0	0
0	1	0	3	0	0	0

0	99	100	99	0	98	0
99	0	99	100	96	96	97
100	99	0	96	100	99	0
99	100	96	0	0	0	96
0	96	100	0	0	95	0
98	96	99	0	95	0	0
0	97	0	96	0	0	0

0	1	0	28	0	20	0
1	0	14	17	38	44	3
0	14	0	0	29	35	0
28	17	0	0	0	0	15
0	38	29	0	0	39	0
20	44	35	0	39	0	0
0	3	0	15	0	0	0

24	30
21	12
49	14
35	30
30	37
50	44
24	33
