0	1	1	1	1	1	1	1	1	1
1	0	1	1	1	0	0	1	1	1
1	1	0	1	1	0	1	0	1	1
1	1	1	0	1	1	1	1	1	1
1	1	1	1	0	1	1	0	0	1
1	0	0	1	1	0	1	1	0	1
1	0	1	1	1	1	0	1	1	0
1	1	0	1	0	1	1	0	1	1
1	1	1	1	0	0	1	1	0	0
1	1	1	1	1	1	0	1	0	0

0	8	6	5	5	15	13	11	15	5
8	0	11	5	14	0	0	9	5	12
6	11	0	15	5	0	12	0	15	9
5	5	15	0	14	9	12	10	14	15
5	14	5	14	0	10	9	0	0	10
15	0	0	9	10	0	11	15	0	6
13	0	12	12	9	11	0	7	14	0
11	9	0	10	0	15	7	0	14	12
15	5	15	14	0	0	14	14	0	0
5	12	9	15	10	6	0	12	0	0

0	4	1	2	1	3	2	2	3	5
4	0	1	2	5	0	0	1	5	3
1	1	0	2	3	0	5	0	2	3
2	2	2	0	2	4	5	3	4	3
1	5	3	2	0	1	1	0	0	4
3	0	0	4	1	0	3	1	0	1
2	0	5	5	1	3	0	3	2	0
2	1	0	3	0	1	3	0	3	2
3	5	2	4	0	0	2	3	0	0
5	3	3	3	4	1	0	2	0	0

0	99	99	98	99	96	95	95	98	99
99	0	97	95	100	0	0	96	95	96
99	97	0	99	96	0	99	0	97	100
98	95	99	0	99	97	96	98	100	99
99	100	96	99	0	99	96	0	0	99
96	0	0	97	99	0	98	97	0	100
95	0	99	96	96	98	0	95	100	0
95	96	0	98	0	97	95	0	99	100
98	95	97	100	0	0	100	99	0	0
99	96	100	99	99	100	0	100	0	0

0	17	4	8	0	10	36	27	32	44
17	0	21	47	17	0	0	46	31	24
4	21	0	19	30	0	36	0	29	33
8	47	19	0	32	36	8	18	15	1
0	17	30	32	0	13	22	0	0	30
10	0	0	36	13	0	12	28	0	45
36	0	36	8	22	12	0	37	3	0
27	46	0	18	0	28	37	0	17	28
32	31	29	15	0	0	3	17	0	0
44	24	33	1	30	45	0	28	0	0

26	50
49	17
41	13
18	18
13	47
37	24
25	36
23	46
35	46
40	28
