0	1	0	0	1	0	1	1	0
1	0	1	1	1	1	1	1	0
0	1	0	0	0	1	1	0	1
0	1	0	0	0	0	0	1	1
1	1	0	0	0	1	0	0	1
0	1	1	0	1	0	1	1	1
1	1	1	0	0	1	0	1	0
1	1	0	1	0	1	1	0	1
0	0	1	1	1	1	0	1	0

0	11	0	0	8	0	14	11	0
11	0	14	9	13	5	9	12	0
0	14	0	0	0	9	13	0	11
0	9	0	0	0	0	0	14	7
8	13	0	0	0	7	0	0	6
0	5	9	0	7	0	6	15	11
14	9	13	0	0	6	0	6	0
11	12	0	14	0	15	6	0	7
0	0	11	7	6	11	0	7	0

0	3	0	0	4	0	3	3	0
3	0	2	2	4	3	2	1	0
0	2	0	0	0	2	3	0	5
0	2	0	0	0	0	0	4	1
4	4	0	0	0	4	0	0	5
0	3	2	0	4	0	1	4	4
3	2	3	0	0	1	0	4	0
3	1	0	4	0	4	4	0	5
0	0	5	1	5	4	0	5	0

0	100	0	0	96	0	100	96	0
100	0	97	96	95	100	95	97	0
0	97	0	0	0	95	100	0	95
0	96	0	0	0	0	0	98	98
96	95	0	0	0	99	0	0	97
0	100	95	0	99	0	99	98	95
100	95	100	0	0	99	0	99	0
96	97	0	98	0	98	99	0	100
0	0	95	98	97	95	0	100	0

0	6	0	0	29	0	21	27	0
6	0	35	21	35	50	35	28	0
0	35	0	0	0	2	32	0	4
0	21	0	0	0	0	0	13	37
29	35	0	0	0	37	0	0	20
0	50	2	0	37	0	8	20	7
21	35	32	0	0	8	0	35	0
27	28	0	13	0	20	35	0	19
0	0	4	37	20	7	0	19	0

38	25
20	12
41	41
27	13
50	27
34	23
25	33
31	39
31	33
