0	0	1	1	1	1	1
0	0	1	1	1	1	0
1	1	0	1	0	1	1
1	1	1	0	0	1	1
1	1	0	0	0	1	0
1	1	1	1	1	0	0
1	0	1	1	0	0	0

0	0	7	5	11	12	9
0	0	9	11	11	13	0
7	9	0	8	0	11	5
5	11	8	0	0	8	5
11	11	0	0	0	8	0
12	13	11	8	8	0	0
9	0	5	5	0	0	0

0	0	2	4	4	4	3
0	0	5	4	5	3	0
2	5	0	1	0	5	5
4	4	1	0	0	4	5
4	5	0	0	0	3	0
4	3	5	4	3	0	0
3	0	5	5	0	0	0

0	0	100	97	99	96	99
0	0	96	97	100	100	0
100	96	0	100	0	99	96
97	97	100	0	0	97	96
99	100	0	0	0	100	0
96	100	99	97	100	0	0
99	0	96	96	0	0	0

0	0	24	41	28	0	45
0	0	23	26	40	28	0
24	23	0	38	0	35	32
41	26	38	0	0	9	29
28	40	0	0	0	44	0
0	28	35	9	44	0	0
45	0	32	29	0	0	0

17	22
20	34
27	39
19	46
44	31
17	38
33	46
