0	1	0	1	1	1	1	0
1	0	1	1	0	1	1	0
0	1	0	1	0	1	0	0
1	1	1	0	0	1	1	1
1	0	0	0	0	1	0	1
1	1	1	1	1	0	0	0
1	1	0	1	0	0	0	1
0	0	0	1	1	0	1	0

0	14	0	13	12	7	6	0
14	0	11	13	0	5	8	0
0	11	0	13	0	10	0	0
13	13	13	0	0	7	7	9
12	0	0	0	0	15	0	8
7	5	10	7	15	0	0	0
6	8	0	7	0	0	0	6
0	0	0	9	8	0	6	0

0	3	0	5	5	4	5	0
3	0	2	1	0	2	3	0
0	2	0	3	0	2	0	0
5	1	3	0	0	5	1	4
5	0	0	0	0	1	0	5
4	2	2	5	1	0	0	0
5	3	0	1	0	0	0	5
0	0	0	4	5	0	5	0

0	95	0	97	99	96	99	0
95	0	99	96	0	95	95	0
0	99	0	98	0	98	0	0
97	96	98	0	0	97	97	97
99	0	0	0	0	100	0	96
96	95	98	97	100	0	0	0
99	95	0	97	0	0	0	95
0	0	0	97	96	0	95	0

0	37	0	7	13	8	49	0
37	0	2	18	0	10	19	0
0	2	0	23	0	0	0	0
7	18	23	0	0	45	38	6
13	0	0	0	0	22	0	38
8	10	0	45	22	0	0	0
49	19	0	38	0	0	0	28
0	0	0	6	38	0	28	0

28	28
45	26
43	28
49	12
17	41
44	42
42	34
39	48
