0	0	0	0	0	0	1	1
0	0	1	1	1	1	1	0
0	1	0	1	1	1	1	1
0	1	1	0	0	1	1	1
0	1	1	0	0	0	0	1
0	1	1	1	0	0	1	1
1	1	1	1	0	1	0	1
1	0	1	1	1	1	1	0

0	0	0	0	0	0	14	6
0	0	15	6	10	9	7	0
0	15	0	9	6	7	13	14
0	6	9	0	0	12	6	15
0	10	6	0	0	0	0	5
0	9	7	12	0	0	12	6
14	7	13	6	0	12	0	14
6	0	14	15	5	6	14	0

0	0	0	0	0	0	4	4
0	0	4	5	5	1	4	0
0	4	0	1	4	4	5	5
0	5	1	0	0	3	3	3
0	5	4	0	0	0	0	5
0	1	4	3	0	0	1	3
4	4	5	3	0	1	0	4
4	0	5	3	5	3	4	0

0	0	0	0	0	0	98	95
0	0	95	97	98	96	96	0
0	95	0	98	99	96	97	96
0	97	98	0	0	99	98	99
0	98	99	0	0	0	0	97
0	96	96	99	0	0	97	97
98	96	97	98	0	97	0	99
95	0	96	99	97	97	99	0

0	0	0	0	0	0	37	0
0	0	31	24	41	38	38	0
0	31	0	37	2	1	36	2
0	24	37	0	0	19	44	19
0	41	2	0	0	0	0	5
0	38	1	19	0	0	25	27
37	38	36	44	0	25	0	35
0	0	2	19	5	27	35	0

24	46
33	33
34	27
20	19
27	15
20	21
18	39
39	36
