0	1	1	1	0	0	0	0
1	0	1	1	1	1	1	1
1	1	0	1	1	1	0	1
1	1	1	0	0	1	0	1
0	1	1	0	0	0	0	0
0	1	1	1	0	0	0	1
0	1	0	0	0	0	0	0
0	1	1	1	0	1	0	0

0	7	10	12	0	0	0	0
7	0	13	12	8	11	14	7
10	13	0	15	12	15	0	5
12	12	15	0	0	13	0	14
0	8	12	0	0	0	0	0
0	11	15	13	0	0	0	13
0	14	0	0	0	0	0	0
0	7	5	14	0	13	0	0

0	1	1	5	0	0	0	0
1	0	4	4	3	1	2	2
1	4	0	1	3	2	0	5
5	4	1	0	0	1	0	5
0	3	3	0	0	0	0	0
0	1	2	1	0	0	0	1
0	2	0	0	0	0	0	0
0	2	5	5	0	1	0	0

0	100	100	100	0	0	0	0
100	0	100	97	97	99	96	95
100	100	0	98	96	98	0	95
100	97	98	0	0	95	0	97
0	97	96	0	0	0	0	0
0	99	98	95	0	0	0	97
0	96	0	0	0	0	0	0
0	95	95	97	0	97	0	0

0	10	25	38	0	0	0	0
10	0	14	37	0	31	16	4
25	14	0	34	13	21	0	29
38	37	34	0	0	7	0	31
0	0	13	0	0	0	0	0
0	31	21	7	0	0	0	4
0	16	0	0	0	0	0	0
0	4	29	31	0	4	0	0

35	14
33	43
33	36
35	42
47	41
30	14
40	39
18	39
