0	1	1	1	1	1	1
1	0	0	0	0	0	1
1	0	0	0	1	1	1
1	0	0	0	1	1	1
1	0	1	1	0	1	1
1	0	1	1	1	0	1
1	1	1	1	1	1	0

0	12	13	5	15	8	6
12	0	0	0	0	0	8
13	0	0	0	13	8	15
5	0	0	0	5	9	6
15	0	13	5	0	13	14
8	0	8	9	13	0	9
6	8	15	6	14	9	0

0	2	1	5	3	3	1
2	0	0	0	0	0	2
1	0	0	0	1	1	4
5	0	0	0	5	1	4
3	0	1	5	0	2	1
3	0	1	1	2	0	2
1	2	4	4	1	2	0

0	100	96	95	95	96	97
100	0	0	0	0	0	100
96	0	0	0	96	99	97
95	0	0	0	98	100	98
95	0	96	98	0	96	95
96	0	99	100	96	0	98
97	100	97	98	95	98	0

0	40	33	19	14	20	2
40	0	0	0	0	0	26
33	0	0	0	22	31	2
19	0	0	0	24	41	11
14	0	22	24	0	27	16
20	0	31	41	27	0	46
2	26	2	11	16	46	0

41	35
14	12
10	39
11	17
37	50
14	39
44	24
