0	1	1	1	1	0	1
1	0	1	1	1	1	1
1	1	0	1	1	1	1
1	1	1	0	1	0	0
1	1	1	1	0	1	1
0	1	1	0	1	0	1
1	1	1	0	1	1	0

0	13	15	10	15	0	15
13	0	9	6	7	15	7
15	9	0	10	10	15	5
10	6	10	0	9	0	0
15	7	10	9	0	12	15
0	15	15	0	12	0	14
15	7	5	0	15	14	0

0	5	1	3	1	0	2
5	0	2	1	1	2	4
1	2	0	1	2	3	3
3	1	1	0	2	0	0
1	1	2	2	0	5	1
0	2	3	0	5	0	3
2	4	3	0	1	3	0

0	97	99	98	95	0	99
97	0	99	95	96	98	98
99	99	0	95	96	98	96
98	95	95	0	95	0	0
95	96	96	95	0	96	95
0	98	98	0	96	0	97
99	98	96	0	95	97	0

0	7	9	5	0	0	18
7	0	38	47	37	13	22
9	38	0	17	28	29	44
5	47	17	0	27	0	0
0	37	28	27	0	21	3
0	13	29	0	21	0	0
18	22	44	0	3	0	0

19	45
19	47
38	15
20	34
16	47
22	50
27	26
