0	0	1	1	1	1	0	1	1
0	0	0	1	1	0	0	1	1
1	0	0	0	1	1	1	0	0
1	1	0	0	1	0	1	0	0
1	1	1	1	0	1	1	1	1
1	0	1	0	1	0	1	1	1
0	0	1	1	1	1	0	0	1
1	1	0	0	1	1	0	0	0
1	1	0	0	1	1	1	0	0

0	0	15	12	11	5	0	5	13
0	0	0	7	8	0	0	11	9
15	0	0	0	15	5	6	0	0
12	7	0	0	11	0	11	0	0
11	8	15	11	0	10	5	6	12
5	0	5	0	10	0	8	9	12
0	0	6	11	5	8	0	0	10
5	11	0	0	6	9	0	0	0
13	9	0	0	12	12	10	0	0

0	0	3	2	3	5	0	2	5
0	0	0	5	3	0	0	1	3
3	0	0	0	3	2	2	0	0
2	5	0	0	4	0	4	0	0
3	3	3	4	0	4	5	4	5
5	0	2	0	4	0	4	5	3
0	0	2	4	5	4	0	0	3
2	1	0	0	4	5	0	0	0
5	3	0	0	5	3	3	0	0

0	0	96	100	96	97	0	96	98
0	0	0	95	95	0	0	97	96
96	0	0	0	97	95	97	0	0
100	95	0	0	96	0	98	0	0
96	95	97	96	0	100	98	100	96
97	0	95	0	100	0	98	95	95
0	0	97	98	98	98	0	0	100
96	97	0	0	100	95	0	0	0
98	96	0	0	96	95	100	0	0

0	0	9	22	23	1	0	21	37
0	0	0	39	29	0	0	7	20
9	0	0	0	36	1	15	0	0
22	39	0	0	33	0	8	0	0
23	29	36	33	0	10	40	27	22
1	0	1	0	10	0	39	6	26
0	0	15	8	40	39	0	0	22
21	7	0	0	27	6	0	0	0
37	20	0	0	22	26	22	0	0

15	29
25	44
21	38
50	11
10	45
32	35
32	13
46	45
38	27
