0	1	0	1	1	1	1	1
1	0	1	0	1	1	0	1
0	1	0	0	1	1	1	1
1	0	0	0	1	1	1	1
1	1	1	1	0	1	1	1
1	1	1	1	1	0	1	1
1	0	1	1	1	1	0	0
1	1	1	1	1	1	0	0

0	11	0	5	11	15	15	10
11	0	8	0	6	10	0	9
0	8	0	0	6	5	12	12
5	0	0	0	14	15	11	8
11	6	6	14	0	7	8	11
15	10	5	15	7	0	14	8
15	0	12	11	8	14	0	0
10	9	12	8	11	8	0	0

0	4	0	4	1	2	5	2
4	0	3	0	1	4	0	3
0	3	0	0	3	4	2	2
4	0	0	0	3	5	1	3
1	1	3	3	0	3	4	2
2	4	4	5	3	0	5	4
5	0	2	1	4	5	0	0
2	3	2	3	2	4	0	0

0	96	0	99	96	100	95	96
96	0	100	0	99	95	0	100
0	100	0	0	97	96	97	98
99	0	0	0	95	97	100	97
96	99	97	95	0	100	100	98
100	95	96	97	100	0	95	98
95	0	97	100	100	95	0	0
96	100	98	97	98	98	0	0

0	27	0	26	40	16	10	38
27	0	22	0	43	9	0	35
0	22	0	0	20	13	7	12
26	0	0	0	35	5	39	19
40	43	20	35	0	11	8	38
16	9	13	5	11	0	31	12
10	0	7	39	8	31	0	0
38	35	12	19	38	12	0	0

40	12
34	36
12	38
21	50
26	46
17	18
26	11
45	42
