0	1	1	1	1	1	1	1	0
1	0	0	0	0	0	0	1	1
1	0	0	0	0	0	1	1	1
1	0	0	0	1	1	1	1	1
1	0	0	1	0	1	0	0	1
1	0	0	1	1	0	1	0	1
1	0	1	1	0	1	0	1	0
1	1	1	1	0	0	1	0	0
0	1	1	1	1	1	0	0	0

0	6	6	12	9	12	14	6	0
6	0	0	0	0	0	0	13	15
6	0	0	0	0	0	12	7	12
12	0	0	0	14	6	8	14	13
9	0	0	14	0	8	0	0	7
12	0	0	6	8	0	5	0	7
14	0	12	8	0	5	0	8	0
6	13	7	14	0	0	8	0	0
0	15	12	13	7	7	0	0	0

0	3	1	3	1	1	1	4	0
3	0	0	0	0	0	0	5	1
1	0	0	0	0	0	4	5	3
3	0	0	0	1	4	1	5	1
1	0	0	1	0	3	0	0	5
1	0	0	4	3	0	4	0	1
1	0	4	1	0	4	0	3	0
4	5	5	5	0	0	3	0	0
0	1	3	1	5	1	0	0	0

0	99	95	100	98	97	96	96	0
99	0	0	0	0	0	0	100	98
95	0	0	0	0	0	96	99	100
100	0	0	0	100	98	100	95	97
98	0	0	100	0	97	0	0	98
97	0	0	98	97	0	96	0	96
96	0	96	100	0	96	0	100	0
96	100	99	95	0	0	100	0	0
0	98	100	97	98	96	0	0	0

0	8	34	0	28	4	25	11	0
8	0	0	0	0	0	0	40	14
34	0	0	0	0	0	22	1	18
0	0	0	0	22	11	46	27	31
28	0	0	22	0	40	0	0	40
4	0	0	11	40	0	22	0	42
25	0	22	46	0	22	0	21	0
11	40	1	27	0	0	21	0	0
0	14	18	31	40	42	0	0	0

19	39
33	49
31	27
34	16
21	14
11	35
22	50
11	49
38	39
