0	1	1	1	1	1	1
1	0	1	1	1	0	1
1	1	0	1	0	0	0
1	1	1	0	1	1	1
1	1	0	1	0	1	1
1	0	0	1	1	0	1
1	1	0	1	1	1	0

0	7	10	12	8	11	9
7	0	9	7	15	0	7
10	9	0	15	0	0	0
12	7	15	0	13	13	14
8	15	0	13	0	14	14
11	0	0	13	14	0	8
9	7	0	14	14	8	0

0	5	3	3	3	3	3
5	0	2	5	3	0	5
3	2	0	5	0	0	0
3	5	5	0	3	5	2
3	3	0	3	0	1	3
3	0	0	5	1	0	3
3	5	0	2	3	3	0

0	99	97	100	99	100	100
99	0	96	96	99	0	95
97	96	0	95	0	0	0
100	96	95	0	97	97	95
99	99	0	97	0	97	96
100	0	0	97	97	0	98
100	95	0	95	96	98	0

0	1	42	12	36	3	7
1	0	33	30	17	0	24
42	33	0	5	0	0	0
12	30	5	0	10	10	8
36	17	0	10	0	13	11
3	0	0	10	13	0	41
7	24	0	8	11	41	0

22	13
17	41
41	23
13	34
16	27
11	30
29	17
