0	1	1	1	1	1	0	1
1	0	1	1	1	0	0	1
1	1	0	1	1	1	0	0
1	1	1	0	0	1	1	0
1	1	1	0	0	0	1	0
1	0	1	1	0	0	0	0
0	0	0	1	1	0	0	1
1	1	0	0	0	0	1	0

0	14	8	5	14	6	0	11
14	0	8	10	12	0	0	9
8	8	0	7	5	14	0	0
5	10	7	0	0	14	8	0
14	12	5	0	0	0	6	0
6	0	14	14	0	0	0	0
0	0	0	8	6	0	0	7
11	9	0	0	0	0	7	0

0	2	4	3	2	5	0	1
2	0	2	2	5	0	0	4
4	2	0	3	2	3	0	0
3	2	3	0	0	4	4	0
2	5	2	0	0	0	1	0
5	0	3	4	0	0	0	0
0	0	0	4	1	0	0	5
1	4	0	0	0	0	5	0

0	98	100	95	95	98	0	100
98	0	99	99	97	0	0	99
100	99	0	99	95	95	0	0
95	99	99	0	0	100	99	0
95	97	95	0	0	0	97	0
98	0	95	100	0	0	0	0
0	0	0	99	97	0	0	98
100	99	0	0	0	0	98	0

0	32	31	41	10	1	0	16
32	0	40	17	33	0	0	39
31	40	0	27	32	20	0	0
41	17	27	0	0	34	46	0
10	33	32	0	0	0	19	0
1	0	20	34	0	0	0	0
0	0	0	46	19	0	0	27
16	39	0	0	0	0	27	0

25	48
34	26
47	31
12	37
21	41
28	50
21	39
10	45
