0	0	1	1	1	1	1
0	0	1	1	1	1	0
1	1	0	1	0	1	1
1	1	1	0	0	1	1
1	1	0	0	0	1	0
1	1	1	1	1	0	0
1	0	1	1	0	0	0

0	0	7	5	6	11	10
0	0	13	14	13	5	0
7	13	0	8	0	13	12
5	14	8	0	0	10	9
6	13	0	0	0	13	0
11	5	13	10	13	0	0
10	0	12	9	0	0	0

0	0	5	4	4	3	3
0	0	3	4	4	3	0
5	3	0	4	0	5	2
4	4	4	0	0	2	5
4	4	0	0	0	1	0
3	3	5	2	1	0	0
3	0	2	5	0	0	0

0	0	99	95	99	97	98
0	0	100	96	100	99	0
99	100	0	100	0	99	97
95	96	100	0	0	99	98
99	100	0	0	0	100	0
97	99	99	99	100	0	0
98	0	97	98	0	0	0

0	0	7	5	42	36	1
0	0	14	35	28	31	0
7	14	0	9	0	4	17
5	35	9	0	0	14	3
42	28	0	0	0	4	0
36	31	4	14	4	0	0
1	0	17	3	0	0	0

34	10
14	24
38	24
32	40
18	17
29	15
13	25
