0	1	1	1	0	0	1	1	0
1	0	0	1	1	0	1	1	1
1	0	0	1	1	1	1	1	0
1	1	1	0	0	1	0	1	1
0	1	1	0	0	1	0	1	1
0	0	1	1	1	0	0	0	0
1	1	1	0	0	0	0	1	0
1	1	1	1	1	0	1	0	1
0	1	0	1	1	0	0	1	0

0	14	8	15	0	0	7	10	0
14	0	0	9	5	0	15	7	5
8	0	0	5	10	11	6	13	0
15	9	5	0	0	6	0	11	7
0	5	10	0	0	10	0	13	8
0	0	11	6	10	0	0	0	0
7	15	6	0	0	0	0	14	0
10	7	13	11	13	0	14	0	7
0	5	0	7	8	0	0	7	0

0	5	2	5	0	0	2	2	0
5	0	0	5	1	0	2	2	4
2	0	0	3	5	2	5	4	0
5	5	3	0	0	3	0	5	2
0	1	5	0	0	2	0	4	2
0	0	2	3	2	0	0	0	0
2	2	5	0	0	0	0	5	0
2	2	4	5	4	0	5	0	2
0	4	0	2	2	0	0	2	0

0	98	98	98	0	0	95	96	0
98	0	0	97	98	0	100	97	98
98	0	0	99	96	100	97	100	0
98	97	99	0	0	100	0	96	95
0	98	96	0	0	98	0	95	96
0	0	100	100	98	0	0	0	0
95	100	97	0	0	0	0	98	0
96	97	100	96	95	0	98	0	98
0	98	0	95	96	0	0	98	0

0	25	0	38	0	0	23	39	0
25	0	0	10	36	0	2	42	14
0	0	0	1	24	23	13	4	0
38	10	1	0	0	46	0	43	32
0	36	24	0	0	15	0	24	37
0	0	23	46	15	0	0	0	0
23	2	13	0	0	0	0	40	0
39	42	4	43	24	0	40	0	15
0	14	0	32	37	0	0	15	0

45	21
47	14
15	47
46	44
19	13
11	33
31	26
17	29
20	37
