0	1	1	1	1	0	1	1	1
1	0	1	1	1	1	0	0	0
1	1	0	1	1	1	1	1	1
1	1	1	0	1	0	0	0	0
1	1	1	1	0	1	0	1	1
0	1	1	0	1	0	0	1	1
1	0	1	0	0	0	0	1	0
1	0	1	0	1	1	1	0	0
1	0	1	0	1	1	0	0	0

0	15	14	15	14	0	6	9	8
15	0	10	11	13	13	0	0	0
14	10	0	6	7	12	5	8	15
15	11	6	0	11	0	0	0	0
14	13	7	11	0	9	0	12	15
0	13	12	0	9	0	0	7	8
6	0	5	0	0	0	0	5	0
9	0	8	0	12	7	5	0	0
8	0	15	0	15	8	0	0	0

0	3	2	1	3	0	5	1	2
3	0	2	2	5	4	0	0	0
2	2	0	4	1	2	4	5	4
1	2	4	0	5	0	0	0	0
3	5	1	5	0	4	0	3	5
0	4	2	0	4	0	0	1	2
5	0	4	0	0	0	0	2	0
1	0	5	0	3	1	2	0	0
2	0	4	0	5	2	0	0	0

0	95	100	97	100	0	97	100	100
95	0	96	96	95	96	0	0	0
100	96	0	96	99	100	96	97	99
97	96	96	0	95	0	0	0	0
100	95	99	95	0	96	0	97	97
0	96	100	0	96	0	0	96	99
97	0	96	0	0	0	0	99	0
100	0	97	0	97	96	99	0	0
100	0	99	0	97	99	0	0	0

0	39	0	13	0	0	30	40	43
39	0	41	1	20	37	0	0	0
0	41	0	40	11	23	43	13	30
13	1	40	0	41	0	0	0	0
0	20	11	41	0	22	0	6	2
0	37	23	0	22	0	0	11	20
30	0	43	0	0	0	0	41	0
40	0	13	0	6	11	41	0	0
43	0	30	0	2	20	0	0	0

36	48
33	18
14	24
16	40
39	28
10	40
38	14
32	30
48	27
