0	1	1	0	1	1	1
1	0	1	0	0	1	1
1	1	0	1	1	1	0
0	0	1	0	1	1	0
1	0	1	1	0	1	0
1	1	1	1	1	0	1
1	1	0	0	0	1	0

0	8	7	0	7	11	8
8	0	13	0	0	9	10
7	13	0	11	13	10	0
0	0	11	0	11	11	0
7	0	13	11	0	12	0
11	9	10	11	12	0	8
8	10	0	0	0	8	0

0	5	5	0	3	4	3
5	0	5	0	0	4	2
5	5	0	2	1	5	0
0	0	2	0	5	1	0
3	0	1	5	0	2	0
4	4	5	1	2	0	1
3	2	0	0	0	1	0

0	96	98	0	98	97	96
96	0	97	0	0	95	96
98	97	0	99	97	97	0
0	0	99	0	99	99	0
98	0	97	99	0	95	0
97	95	97	99	95	0	96
96	96	0	0	0	96	0

0	33	14	0	35	27	44
33	0	30	0	0	24	25
14	30	0	37	29	30	0
0	0	37	0	44	30	0
35	0	29	44	0	8	0
27	24	30	30	8	0	18
44	25	0	0	0	18	0

27	24
27	24
21	22
32	12
24	14
40	20
28	50
