0	0	1	1	1	1	0	1	1
0	0	1	1	1	1	0	0	1
1	1	0	1	0	0	1	1	1
1	1	1	0	0	1	1	1	1
1	1	0	0	0	1	1	1	1
1	1	0	1	1	0	0	1	1
0	0	1	1	1	0	0	1	0
1	0	1	1	1	1	1	0	1
1	1	1	1	1	1	0	1	0

0	0	9	10	6	10	0	12	5
0	0	14	6	9	5	0	0	11
9	14	0	11	0	0	13	14	10
10	6	11	0	0	8	9	13	10
6	9	0	0	0	15	12	10	5
10	5	0	8	15	0	0	13	12
0	0	13	9	12	0	0	5	0
12	0	14	13	10	13	5	0	12
5	11	10	10	5	12	0	12	0

0	0	4	4	2	2	0	1	1
0	0	1	1	3	1	0	0	1
4	1	0	4	0	0	1	1	3
4	1	4	0	0	3	3	1	3
2	3	0	0	0	1	4	2	1
2	1	0	3	1	0	0	1	3
0	0	1	3	4	0	0	1	0
1	0	1	1	2	1	1	0	2
1	1	3	3	1	3	0	2	0

0	0	96	98	96	97	0	98	95
0	0	95	99	99	95	0	0	100
96	95	0	97	0	0	98	98	97
98	99	97	0	0	98	98	99	98
96	99	0	0	0	95	100	97	99
97	95	0	98	95	0	0	97	100
0	0	98	98	100	0	0	96	0
98	0	98	99	97	97	96	0	100
95	100	97	98	99	100	0	100	0

0	0	9	32	7	12	0	19	44
0	0	36	36	4	5	0	0	25
9	36	0	2	0	0	17	23	14
32	36	2	0	0	38	18	3	10
7	4	0	0	0	28	1	27	42
12	5	0	38	28	0	0	41	14
0	0	17	18	1	0	0	19	0
19	0	23	3	27	41	19	0	29
44	25	14	10	42	14	0	29	0

11	15
26	22
46	44
50	26
25	30
20	13
43	41
41	34
23	25
