0	1	1	1	1	1	1	0	1	0
1	0	1	1	1	1	1	1	1	1
1	1	0	1	0	1	0	1	0	1
1	1	1	0	1	1	0	0	1	0
1	1	0	1	0	1	1	1	1	1
1	1	1	1	1	0	1	1	1	0
1	1	0	0	1	1	0	1	1	1
0	1	1	0	1	1	1	0	0	1
1	1	0	1	1	1	1	0	0	1
0	1	1	0	1	0	1	1	1	0

0	12	10	6	14	15	9	0	7	0
12	0	6	9	9	14	8	10	7	6
10	6	0	12	0	6	0	9	0	10
6	9	12	0	11	7	0	0	5	0
14	9	0	11	0	5	11	11	11	8
15	14	6	7	5	0	14	13	12	0
9	8	0	0	11	14	0	12	14	6
0	10	9	0	11	13	12	0	0	7
7	7	0	5	11	12	14	0	0	10
0	6	10	0	8	0	6	7	10	0

0	3	3	2	1	4	3	0	2	0
3	0	1	2	2	2	4	5	1	5
3	1	0	4	0	1	0	5	0	2
2	2	4	0	4	1	0	0	4	0
1	2	0	4	0	1	2	3	1	2
4	2	1	1	1	0	5	1	1	0
3	4	0	0	2	5	0	5	1	3
0	5	5	0	3	1	5	0	0	5
2	1	0	4	1	1	1	0	0	4
0	5	2	0	2	0	3	5	4	0

0	100	99	100	98	100	97	0	98	0
100	0	96	96	100	95	97	100	99	97
99	96	0	96	0	95	0	100	0	100
100	96	96	0	98	98	0	0	98	0
98	100	0	98	0	98	99	95	98	95
100	95	95	98	98	0	97	97	99	0
97	97	0	0	99	97	0	96	99	100
0	100	100	0	95	97	96	0	0	98
98	99	0	98	98	99	99	0	0	99
0	97	100	0	95	0	100	98	99	0

0	4	3	30	28	7	12	0	8	0
4	0	31	21	33	22	34	23	1	37
3	31	0	17	0	42	0	44	0	16
30	21	17	0	14	0	0	0	5	0
28	33	0	14	0	24	2	6	28	11
7	22	42	0	24	0	30	13	15	0
12	34	0	0	2	30	0	33	12	36
0	23	44	0	6	13	33	0	0	10
8	1	0	5	28	15	12	0	0	38
0	37	16	0	11	0	36	10	38	0

12	27
26	50
10	32
24	29
19	13
26	28
33	16
18	34
47	47
31	16
