0	1	1	1	1	0	0	1	1	1
1	0	0	1	1	1	1	1	1	1
1	0	0	0	1	1	1	1	1	0
1	1	0	0	1	0	0	1	0	0
1	1	1	1	0	1	0	0	1	0
0	1	1	0	1	0	0	0	0	1
0	1	1	0	0	0	0	1	1	1
1	1	1	1	0	0	1	0	1	1
1	1	1	0	1	0	1	1	0	1
1	1	0	0	0	1	1	1	1	0

0	9	15	13	7	0	0	11	10	14
9	0	0	11	13	5	12	8	9	6
15	0	0	0	6	5	15	9	6	0
13	11	0	0	11	0	0	7	0	0
7	13	6	11	0	14	0	0	5	0
0	5	5	0	14	0	0	0	0	6
0	12	15	0	0	0	0	9	13	14
11	8	9	7	0	0	9	0	6	6
10	9	6	0	5	0	13	6	0	8
14	6	0	0	0	6	14	6	8	0

0	1	4	4	5	0	0	2	3	2
1	0	0	3	3	2	2	5	3	2
4	0	0	0	5	2	1	2	3	0
4	3	0	0	4	0	0	5	0	0
5	3	5	4	0	3	0	0	4	0
0	2	2	0	3	0	0	0	0	3
0	2	1	0	0	0	0	2	1	5
2	5	2	5	0	0	2	0	1	4
3	3	3	0	4	0	1	1	0	2
2	2	0	0	0	3	5	4	2	0

0	95	98	95	96	0	0	99	96	98
95	0	0	99	99	96	95	96	99	96
98	0	0	0	98	99	95	97	96	0
95	99	0	0	97	0	0	95	0	0
96	99	98	97	0	100	0	0	99	0
0	96	99	0	100	0	0	0	0	97
0	95	95	0	0	0	0	100	99	98
99	96	97	95	0	0	100	0	96	98
96	99	96	0	99	0	99	96	0	100
98	96	0	0	0	97	98	98	100	0

0	30	22	27	32	0	0	34	36	9
30	0	0	19	4	2	14	0	34	47
22	0	0	0	47	17	13	7	29	0
27	19	0	0	14	0	0	24	0	0
32	4	47	14	0	40	0	0	30	0
0	2	17	0	40	0	0	0	0	30
0	14	13	0	0	0	0	11	20	40
34	0	7	24	0	0	11	0	6	36
36	34	29	0	30	0	20	6	0	17
9	47	0	0	0	30	40	36	17	0

25	22
15	29
30	45
15	10
49	43
40	31
34	25
13	27
30	11
46	30
