0	1	1	1	1	1	1	1	1	1
1	0	1	1	0	1	0	1	1	1
1	1	0	1	0	1	1	1	1	1
1	1	1	0	1	1	1	1	1	0
1	0	0	1	0	1	1	0	0	1
1	1	1	1	1	0	0	1	0	1
1	0	1	1	1	0	0	1	0	1
1	1	1	1	0	1	1	0	1	1
1	1	1	1	0	0	0	1	0	0
1	1	1	0	1	1	1	1	0	0

0	8	13	15	9	5	10	9	11	8
8	0	5	9	0	15	0	15	11	14
13	5	0	14	0	12	8	10	8	9
15	9	14	0	7	6	14	15	11	0
9	0	0	7	0	11	10	0	0	6
5	15	12	6	11	0	0	8	0	14
10	0	8	14	10	0	0	9	0	5
9	15	10	15	0	8	9	0	11	12
11	11	8	11	0	0	0	11	0	0
8	14	9	0	6	14	5	12	0	0

0	5	1	3	5	1	5	1	3	2
5	0	3	3	0	2	0	5	5	2
1	3	0	4	0	3	2	2	5	2
3	3	4	0	1	5	3	1	4	0
5	0	0	1	0	3	3	0	0	5
1	2	3	5	3	0	0	5	0	3
5	0	2	3	3	0	0	2	0	3
1	5	2	1	0	5	2	0	5	3
3	5	5	4	0	0	0	5	0	0
2	2	2	0	5	3	3	3	0	0

0	98	100	98	99	100	98	95	97	95
98	0	97	98	0	98	0	99	96	97
100	97	0	97	0	98	97	96	95	98
98	98	97	0	97	95	99	100	95	0
99	0	0	97	0	95	97	0	0	98
100	98	98	95	95	0	0	97	0	100
98	0	97	99	97	0	0	96	0	95
95	99	96	100	0	97	96	0	96	96
97	96	95	95	0	0	0	96	0	0
95	97	98	0	98	100	95	96	0	0

0	7	40	12	40	8	6	1	23	12
7	0	43	6	0	16	0	22	42	25
40	43	0	33	0	42	26	22	16	13
12	6	33	0	32	24	36	39	13	0
40	0	0	32	0	34	27	0	0	0
8	16	42	24	34	0	0	13	0	31
6	0	26	36	27	0	0	19	0	8
1	22	22	39	0	13	19	0	12	19
23	42	16	13	0	0	0	12	0	0
12	25	13	0	0	31	8	19	0	0

23	37
10	49
26	30
33	35
20	34
36	29
25	18
40	36
35	20
28	16
