0	0	1	1	0	1	1	0	1	1
0	0	1	1	0	1	1	1	1	0
1	1	0	1	1	0	0	1	1	1
1	1	1	0	1	1	0	1	0	1
0	0	1	1	0	0	1	1	0	1
1	1	0	1	0	0	1	1	0	1
1	1	0	0	1	1	0	1	0	1
0	1	1	1	1	1	1	0	1	1
1	1	1	0	0	0	0	1	0	0
1	0	1	1	1	1	1	1	0	0

0	0	11	5	0	12	10	0	6	12
0	0	12	13	0	14	8	10	7	0
11	12	0	13	15	0	0	14	8	12
5	13	13	0	14	12	0	7	0	13
0	0	15	14	0	0	9	15	0	7
12	14	0	12	0	0	13	5	0	5
10	8	0	0	9	13	0	8	0	9
0	10	14	7	15	5	8	0	7	15
6	7	8	0	0	0	0	7	0	0
12	0	12	13	7	5	9	15	0	0

0	0	3	1	0	5	1	0	1	1
0	0	3	4	0	5	4	1	4	0
3	3	0	3	1	0	0	4	1	3
1	4	3	0	2	3	0	5	0	5
0	0	1	2	0	0	4	4	0	3
5	5	0	3	0	0	5	5	0	2
1	4	0	0	4	5	0	4	0	3
0	1	4	5	4	5	4	0	5	5
1	4	1	0	0	0	0	5	0	0
1	0	3	5	3	2	3	5	0	0

0	0	95	96	0	96	96	0	97	95
0	0	97	98	0	97	95	96	99	0
95	97	0	98	100	0	0	96	97	100
96	98	98	0	97	95	0	97	0	98
0	0	100	97	0	0	99	96	0	99
96	97	0	95	0	0	100	98	0	98
96	95	0	0	99	100	0	100	0	96
0	96	96	97	96	98	100	0	100	95
97	99	97	0	0	0	0	100	0	0
95	0	100	98	99	98	96	95	0	0

0	0	1	35	0	38	19	0	31	2
0	0	8	11	0	32	34	26	36	0
1	8	0	35	19	0	0	21	32	31
35	11	35	0	14	4	0	7	0	35
0	0	19	14	0	0	16	23	0	35
38	32	0	4	0	0	30	22	0	49
19	34	0	0	16	30	0	16	0	28
0	26	21	7	23	22	16	0	7	27
31	36	32	0	0	0	0	7	0	0
2	0	31	35	35	49	28	27	0	0

42	48
46	14
25	31
26	47
20	37
15	46
23	20
25	21
36	42
37	13
