0	1	1	1	0	1	1	1	1
1	0	1	1	0	1	1	1	1
1	1	0	1	0	1	0	1	0
1	1	1	0	1	0	1	1	1
0	0	0	1	0	0	1	1	0
1	1	1	0	0	0	0	1	1
1	1	0	1	1	0	0	1	1
1	1	1	1	1	1	1	0	0
1	1	0	1	0	1	1	0	0

0	7	6	11	0	14	5	14	14
7	0	13	15	0	12	11	13	7
6	13	0	8	0	10	0	9	0
11	15	8	0	8	0	10	10	5
0	0	0	8	0	0	6	6	0
14	12	10	0	0	0	0	9	15
5	11	0	10	6	0	0	14	9
14	13	9	10	6	9	14	0	0
14	7	0	5	0	15	9	0	0

0	5	3	4	0	3	1	3	5
5	0	4	4	0	5	2	5	4
3	4	0	5	0	5	0	2	0
4	4	5	0	5	0	1	5	3
0	0	0	5	0	0	3	2	0
3	5	5	0	0	0	0	5	2
1	2	0	1	3	0	0	4	1
3	5	2	5	2	5	4	0	0
5	4	0	3	0	2	1	0	0

0	99	100	98	0	96	98	99	96
99	0	99	96	0	98	95	99	97
100	99	0	97	0	98	0	95	0
98	96	97	0	99	0	100	98	96
0	0	0	99	0	0	96	96	0
96	98	98	0	0	0	0	96	100
98	95	0	100	96	0	0	96	98
99	99	95	98	96	96	96	0	0
96	97	0	96	0	100	98	0	0

0	4	38	32	0	31	45	25	34
4	0	6	39	0	10	39	16	31
38	6	0	45	0	38	0	22	0
32	39	45	0	8	0	42	7	6
0	0	0	8	0	0	40	26	0
31	10	38	0	0	0	0	44	12
45	39	0	42	40	0	0	4	40
25	16	22	7	26	44	4	0	0
34	31	0	6	0	12	40	0	0

28	44
46	46
14	49
26	36
27	41
13	22
19	10
41	23
18	20
