0	0	1	0	1	1	1	0
0	0	0	1	0	0	0	1
1	0	0	0	1	0	1	1
0	1	0	0	1	1	1	1
1	0	1	1	0	1	0	1
1	0	0	1	1	0	0	1
1	0	1	1	0	0	0	1
0	1	1	1	1	1	1	0

0	0	14	0	13	15	5	0
0	0	0	8	0	0	0	11
14	0	0	0	10	0	7	6
0	8	0	0	13	9	13	9
13	0	10	13	0	8	0	14
15	0	0	9	8	0	0	12
5	0	7	13	0	0	0	12
0	11	6	9	14	12	12	0

0	0	3	0	2	4	1	0
0	0	0	4	0	0	0	2
3	0	0	0	2	0	4	3
0	4	0	0	1	2	1	3
2	0	2	1	0	2	0	4
4	0	0	2	2	0	0	2
1	0	4	1	0	0	0	4
0	2	3	3	4	2	4	0

0	0	99	0	97	98	95	0
0	0	0	100	0	0	0	97
99	0	0	0	97	0	96	99
0	100	0	0	97	98	97	95
97	0	97	97	0	96	0	97
98	0	0	98	96	0	0	97
95	0	96	97	0	0	0	100
0	97	99	95	97	97	100	0

0	0	11	0	42	2	18	0
0	0	0	23	0	0	0	3
11	0	0	0	19	0	9	19
0	23	0	0	1	5	31	21
42	0	19	1	0	9	0	13
2	0	0	5	9	0	0	32
18	0	9	31	0	0	0	18
0	3	19	21	13	32	18	0

31	49
35	43
48	48
46	49
18	19
47	25
50	10
25	10
