0	0	1	0	1	0	0
0	0	1	1	0	1	1
1	1	0	1	1	0	1
0	1	1	0	0	0	1
1	0	1	0	0	1	0
0	1	0	0	1	0	1
0	1	1	1	0	1	0

0	0	11	0	12	0	0
0	0	12	10	0	8	11
11	12	0	15	13	0	13
0	10	15	0	0	0	10
12	0	13	0	0	10	0
0	8	0	0	10	0	5
0	11	13	10	0	5	0

0	0	5	0	3	0	0
0	0	2	5	0	5	3
5	2	0	5	2	0	1
0	5	5	0	0	0	2
3	0	2	0	0	5	0
0	5	0	0	5	0	1
0	3	1	2	0	1	0

0	0	95	0	99	0	0
0	0	100	95	0	98	99
95	100	0	99	97	0	99
0	95	99	0	0	0	97
99	0	97	0	0	98	0
0	98	0	0	98	0	98
0	99	99	97	0	98	0

0	0	1	0	39	0	0
0	0	28	1	0	32	27
1	28	0	31	24	0	9
0	1	31	0	0	0	23
39	0	24	0	0	26	0
0	32	0	0	26	0	28
0	27	9	23	0	28	0

17	44
32	43
33	38
29	30
38	30
39	29
48	26
