0	1	1	1	0	1	1	1	0	1
1	0	0	1	1	0	1	1	1	1
1	0	0	1	0	1	0	1	1	1
1	1	1	0	0	1	0	1	1	1
0	1	0	0	0	1	1	1	1	1
1	0	1	1	1	0	1	1	1	1
1	1	0	0	1	1	0	1	1	0
1	1	1	1	1	1	1	0	0	1
0	1	1	1	1	1	1	0	0	1
1	1	1	1	1	1	0	1	1	0

0	55	15	42	0	39	17	31	0	49
55	0	0	54	9	0	73	11	42	26
15	0	0	27	0	49	0	64	49	70
42	54	27	0	0	14	0	51	18	5
0	9	0	0	0	30	5	54	66	33
39	0	49	14	30	0	28	29	46	37
17	73	0	0	5	28	0	35	33	0
31	11	64	51	54	29	35	0	0	26
0	42	49	18	66	46	33	0	0	52
49	26	70	5	33	37	0	26	52	0

0	5	8	3	0	6	6	3	0	9
5	0	0	3	5	0	6	9	8	4
8	0	0	4	0	7	0	8	9	5
3	3	4	0	0	5	0	10	10	8
0	5	0	0	0	8	6	7	9	7
6	0	7	5	8	0	4	6	3	3
6	6	0	0	6	4	0	7	5	0
3	9	8	10	7	6	7	0	0	9
0	8	9	10	9	3	5	0	0	4
9	4	5	8	7	3	0	9	4	0

0	99	95	98	0	99	98	100	0	100
99	0	0	99	100	0	100	100	97	99
95	0	0	95	0	95	0	95	96	96
98	99	95	0	0	97	0	97	99	98
0	100	0	0	0	100	100	95	97	99
99	0	95	97	100	0	98	95	96	97
98	100	0	0	100	98	0	95	98	0
100	100	95	97	95	95	95	0	0	96
0	97	96	99	97	96	98	0	0	95
100	99	96	98	99	97	0	96	95	0

0	33	57	12	0	56	81	24	0	32
33	0	0	14	79	0	26	18	18	55
57	0	0	16	0	4	0	1	34	5
12	14	16	0	0	45	0	10	59	95
0	79	0	0	0	35	93	0	2	45
56	0	4	45	35	0	66	26	23	19
81	26	0	0	93	66	0	7	17	0
24	18	1	10	0	26	7	0	0	8
0	18	34	59	2	23	17	0	0	32
32	55	5	95	45	19	0	8	32	0

29	37
45	10
11	22
22	22
11	10
46	39
50	40
36	34
41	43
27	42
