0	1	0	1	0	1	1	1
1	0	1	1	1	1	0	1
0	1	0	1	1	1	1	1
1	1	1	0	1	1	0	0
0	1	1	1	0	1	1	1
1	1	1	1	1	0	1	0
1	0	1	0	1	1	0	1
1	1	1	0	1	0	1	0

0	14	0	54	0	71	39	33
14	0	65	59	31	56	0	39
0	65	0	16	68	52	75	27
54	59	16	0	65	75	0	0
0	31	68	65	0	55	43	58
71	56	52	75	55	0	69	0
39	0	75	0	43	69	0	25
33	39	27	0	58	0	25	0

0	7	0	4	0	7	7	10
7	0	9	6	3	8	0	8
0	9	0	5	8	7	9	9
4	6	5	0	9	8	0	0
0	3	8	9	0	9	3	9
7	8	7	8	9	0	4	0
7	0	9	0	3	4	0	5
10	8	9	0	9	0	5	0

0	100	0	100	0	98	96	99
100	0	97	95	100	96	0	95
0	97	0	95	99	100	99	99
100	95	95	0	100	99	0	0
0	100	99	100	0	95	95	96
98	96	100	99	95	0	100	0
96	0	99	0	95	100	0	95
99	95	99	0	96	0	95	0

0	45	0	37	0	21	8	32
45	0	27	39	19	14	0	37
0	27	0	57	4	25	13	70
37	39	57	0	18	23	0	0
0	19	4	18	0	0	22	29
21	14	25	23	0	0	4	0
8	0	13	0	22	4	0	21
32	37	70	0	29	0	21	0

21	28
26	18
22	35
18	45
12	44
17	36
39	41
50	41
