0	1	1	1	0	1	1
1	0	1	1	0	0	1
1	1	0	0	1	0	1
1	1	0	0	1	1	1
0	0	1	1	0	1	1
1	0	0	1	1	0	1
1	1	1	1	1	1	0

0	25	34	14	0	72	18
25	0	30	37	0	0	57
34	30	0	0	41	0	14
14	37	0	0	11	10	15
0	0	41	11	0	16	68
72	0	0	10	16	0	12
18	57	14	15	68	12	0

0	5	3	5	0	9	9
5	0	7	6	0	0	10
3	7	0	0	5	0	10
5	6	0	0	5	8	10
0	0	5	5	0	6	5
9	0	0	8	6	0	3
9	10	10	10	5	3	0

0	100	99	95	0	100	96
100	0	100	96	0	0	100
99	100	0	0	96	0	99
95	96	0	0	100	96	97
0	0	96	100	0	100	98
100	0	0	96	100	0	95
96	100	99	97	98	95	0

0	10	51	54	0	23	70
10	0	14	52	0	0	38
51	14	0	0	9	0	69
54	52	0	0	82	27	56
0	0	9	82	0	0	15
23	0	0	27	0	0	23
70	38	69	56	15	23	0

46	30
27	16
46	11
11	20
43	14
46	24
11	18
