0	0	1	0	1	1	0	1	1
0	0	1	0	0	1	0	1	0
1	1	0	1	1	0	0	0	1
0	0	1	0	1	1	0	0	1
1	0	1	1	0	1	0	1	1
1	1	0	1	1	0	0	0	0
0	0	0	0	0	0	0	1	1
1	1	0	0	1	0	1	0	0
1	0	1	1	1	0	1	0	0

0	0	47	0	72	8	0	31	50
0	0	68	0	0	56	0	39	0
47	68	0	66	31	0	0	0	52
0	0	66	0	41	64	0	0	37
72	0	31	41	0	38	0	15	74
8	56	0	64	38	0	0	0	0
0	0	0	0	0	0	0	37	8
31	39	0	0	15	0	37	0	0
50	0	52	37	74	0	8	0	0

0	0	3	0	3	5	0	9	4
0	0	7	0	0	4	0	10	0
3	7	0	3	6	0	0	0	10
0	0	3	0	9	7	0	0	9
3	0	6	9	0	8	0	4	8
5	4	0	7	8	0	0	0	0
0	0	0	0	0	0	0	7	8
9	10	0	0	4	0	7	0	0
4	0	10	9	8	0	8	0	0

0	0	98	0	97	97	0	97	100
0	0	100	0	0	95	0	98	0
98	100	0	100	99	0	0	0	96
0	0	100	0	99	95	0	0	99
97	0	99	99	0	99	0	96	98
97	95	0	95	99	0	0	0	0
0	0	0	0	0	0	0	96	98
97	98	0	0	96	0	96	0	0
100	0	96	99	98	0	98	0	0

0	0	40	0	25	92	0	60	33
0	0	10	0	0	43	0	30	0
40	10	0	9	12	0	0	0	10
0	0	9	0	37	20	0	0	8
25	0	12	37	0	52	0	2	21
92	43	0	20	52	0	0	0	0
0	0	0	0	0	0	0	48	30
60	30	0	0	2	0	48	0	0
33	0	10	8	21	0	30	0	0

43	46
36	36
17	50
17	43
11	48
41	36
15	31
11	34
26	44
