0	0	0	0	1	1	1	0	0
0	0	0	1	1	0	1	1	1
0	0	0	1	1	1	1	1	1
0	1	1	0	0	1	1	0	1
1	1	1	0	0	1	1	1	1
1	0	1	1	1	0	1	0	1
1	1	1	1	1	1	0	1	1
0	1	1	0	1	0	1	0	1
0	1	1	1	1	1	1	1	0

0	0	0	0	67	11	29	0	0
0	0	0	43	27	0	34	11	24
0	0	0	46	48	54	13	10	51
0	43	46	0	0	44	53	0	69
67	27	48	0	0	73	72	49	34
11	0	54	44	73	0	68	0	75
29	34	13	53	72	68	0	70	12
0	11	10	0	49	0	70	0	75
0	24	51	69	34	75	12	75	0

0	0	0	0	6	8	5	0	0
0	0	0	7	4	0	8	9	3
0	0	0	4	5	8	9	4	3
0	7	4	0	0	8	4	0	7
6	4	5	0	0	5	8	9	6
8	0	8	8	5	0	10	0	7
5	8	9	4	8	10	0	6	5
0	9	4	0	9	0	6	0	5
0	3	3	7	6	7	5	5	0

0	0	0	0	100	97	100	0	0
0	0	0	99	98	0	98	98	96
0	0	0	100	97	99	98	100	97
0	99	100	0	0	99	95	0	97
100	98	97	0	0	98	100	96	96
97	0	99	99	98	0	100	0	97
100	98	98	95	100	100	0	96	96
0	98	100	0	96	0	96	0	99
0	96	97	97	96	97	96	99	0

0	0	0	0	32	75	34	0	0
0	0	0	43	29	0	34	55	29
0	0	0	41	5	40	18	19	47
0	43	41	0	0	44	39	0	7
32	29	5	0	0	7	0	49	32
75	0	40	44	7	0	5	0	8
34	34	18	39	0	5	0	11	42
0	55	19	0	49	0	11	0	17
0	29	47	7	32	8	42	17	0

24	39
10	35
32	10
19	44
15	38
19	37
35	10
13	12
40	29
