0	1	1	0	1	1	1	1	0	1
1	0	1	1	0	1	1	0	0	1
1	1	0	1	1	0	0	1	1	1
0	1	1	0	0	0	1	0	1	1
1	0	1	0	0	1	0	1	1	0
1	1	0	0	1	0	1	1	0	0
1	1	0	1	0	1	0	1	0	0
1	0	1	0	1	1	1	0	0	1
0	0	1	1	1	0	0	0	0	1
1	1	1	1	0	0	0	1	1	0

0	72	57	0	24	71	59	37	0	39
72	0	18	57	0	63	25	0	0	5
57	18	0	35	12	0	0	10	36	55
0	57	35	0	0	0	20	0	5	19
24	0	12	0	0	39	0	14	55	0
71	63	0	0	39	0	51	19	0	0
59	25	0	20	0	51	0	63	0	0
37	0	10	0	14	19	63	0	0	13
0	0	36	5	55	0	0	0	0	22
39	5	55	19	0	0	0	13	22	0

0	7	4	0	3	5	9	4	0	6
7	0	8	3	0	6	6	0	0	7
4	8	0	3	7	0	0	9	6	6
0	3	3	0	0	0	9	0	6	9
3	0	7	0	0	8	0	5	3	0
5	6	0	0	8	0	4	10	0	0
9	6	0	9	0	4	0	6	0	0
4	0	9	0	5	10	6	0	0	5
0	0	6	6	3	0	0	0	0	9
6	7	6	9	0	0	0	5	9	0

0	96	97	0	100	96	97	96	0	97
96	0	99	99	0	99	95	0	0	97
97	99	0	99	100	0	0	100	95	99
0	99	99	0	0	0	98	0	96	97
100	0	100	0	0	99	0	99	99	0
96	99	0	0	99	0	97	95	0	0
97	95	0	98	0	97	0	99	0	0
96	0	100	0	99	95	99	0	0	95
0	0	95	96	99	0	0	0	0	95
97	97	99	97	0	0	0	95	95	0

0	14	26	0	27	10	2	56	0	5
14	0	21	24	0	19	61	0	0	5
26	21	0	6	19	0	0	87	32	13
0	24	6	0	0	0	7	0	52	65
27	0	19	0	0	31	0	20	28	0
10	19	0	0	31	0	0	73	0	0
2	61	0	7	0	0	0	28	0	0
56	0	87	0	20	73	28	0	0	19
0	0	32	52	28	0	0	0	0	7
5	5	13	65	0	0	0	19	7	0

39	40
30	33
11	26
40	24
30	24
49	48
44	25
41	49
47	12
33	35
