0	1	0	1	0	0	0	0	0	1
1	0	1	1	1	1	0	0	0	1
0	1	0	1	1	0	1	0	1	0
1	1	1	0	1	1	1	1	0	0
0	1	1	1	0	1	1	1	0	1
0	1	0	1	1	0	1	1	0	1
0	0	1	1	1	1	0	1	0	1
0	0	0	1	1	1	1	0	1	1
0	0	1	0	0	0	0	1	0	1
1	1	0	0	1	1	1	1	1	0

0	7	0	9	0	0	0	0	0	56
7	0	17	64	6	11	0	0	0	57
0	17	0	9	46	0	73	0	14	0
9	64	9	0	66	31	58	9	0	0
0	6	46	66	0	69	16	11	0	59
0	11	0	31	69	0	24	69	0	34
0	0	73	58	16	24	0	38	0	29
0	0	0	9	11	69	38	0	45	27
0	0	14	0	0	0	0	45	0	33
56	57	0	0	59	34	29	27	33	0

0	5	0	3	0	0	0	0	0	6
5	0	9	7	4	3	0	0	0	9
0	9	0	6	4	0	4	0	8	0
3	7	6	0	8	7	6	7	0	0
0	4	4	8	0	9	4	9	0	4
0	3	0	7	9	0	6	6	0	6
0	0	4	6	4	6	0	8	0	3
0	0	0	7	9	6	8	0	3	4
0	0	8	0	0	0	0	3	0	10
6	9	0	0	4	6	3	4	10	0

0	98	0	97	0	0	0	0	0	96
98	0	99	99	99	99	0	0	0	97
0	99	0	99	97	0	100	0	99	0
97	99	99	0	100	99	96	95	0	0
0	99	97	100	0	95	97	98	0	99
0	99	0	99	95	0	97	98	0	99
0	0	100	96	97	97	0	98	0	98
0	0	0	95	98	98	98	0	99	95
0	0	99	0	0	0	0	99	0	98
96	97	0	0	99	99	98	95	98	0

0	26	0	31	0	0	0	0	0	17
26	0	7	15	91	24	0	0	0	41
0	7	0	1	36	0	24	0	7	0
31	15	1	0	23	9	15	28	0	0
0	91	36	23	0	8	22	74	0	11
0	24	0	9	8	0	24	12	0	47
0	0	24	15	22	24	0	62	0	27
0	0	0	28	74	12	62	0	28	39
0	0	7	0	0	0	0	28	0	61
17	41	0	0	11	47	27	39	61	0

30	43
10	33
43	31
17	24
29	19
32	36
31	18
14	38
31	12
46	13
