0	1	0	1	1	1	1
1	0	1	1	1	0	1
0	1	0	0	0	0	0
1	1	0	0	0	1	0
1	1	0	0	0	1	0
1	0	0	1	1	0	0
1	1	0	0	0	0	0

0	48	0	18	6	54	50
48	0	46	34	51	0	39
0	46	0	0	0	0	0
18	34	0	0	0	56	0
6	51	0	0	0	31	0
54	0	0	56	31	0	0
50	39	0	0	0	0	0

0	3	0	5	7	8	4
3	0	3	4	5	0	10
0	3	0	0	0	0	0
5	4	0	0	0	3	0
7	5	0	0	0	4	0
8	0	0	3	4	0	0
4	10	0	0	0	0	0

0	95	0	95	99	100	96
95	0	100	100	95	0	98
0	100	0	0	0	0	0
95	100	0	0	0	97	0
99	95	0	0	0	99	0
100	0	0	97	99	0	0
96	98	0	0	0	0	0

0	15	0	37	13	23	48
15	0	29	9	30	0	28
0	29	0	0	0	0	0
37	9	0	0	0	24	0
13	30	0	0	0	69	0
23	0	0	24	69	0	0
48	28	0	0	0	0	0

36	29
26	32
24	28
38	41
11	30
37	30
12	37
