0	0	1	1	0	1	1	1	0	0
0	0	0	0	1	1	1	1	0	1
1	0	0	1	0	1	1	1	0	1
1	0	1	0	1	1	1	0	1	1
0	1	0	1	0	1	0	1	1	0
1	1	1	1	1	0	0	1	1	1
1	1	1	1	0	0	0	0	1	1
1	1	1	0	1	1	0	0	0	0
0	0	0	1	1	1	1	0	0	1
0	1	1	1	0	1	1	0	1	0

0	0	54	25	0	22	65	7	0	0
0	0	0	0	35	7	23	65	0	36
54	0	0	66	0	72	54	69	0	59
25	0	66	0	36	11	66	0	40	67
0	35	0	36	0	17	0	59	56	0
22	7	72	11	17	0	0	60	25	73
65	23	54	66	0	0	0	0	58	31
7	65	69	0	59	60	0	0	0	0
0	0	0	40	56	25	58	0	0	75
0	36	59	67	0	73	31	0	75	0

0	0	8	6	0	8	6	9	0	0
0	0	0	0	6	4	4	9	0	4
8	0	0	10	0	5	3	5	0	8
6	0	10	0	8	4	8	0	9	8
0	6	0	8	0	7	0	10	6	0
8	4	5	4	7	0	0	3	6	9
6	4	3	8	0	0	0	0	9	7
9	9	5	0	10	3	0	0	0	0
0	0	0	9	6	6	9	0	0	6
0	4	8	8	0	9	7	0	6	0

0	0	100	98	0	95	100	95	0	0
0	0	0	0	99	99	95	98	0	96
100	0	0	100	0	99	96	98	0	98
98	0	100	0	99	95	97	0	95	98
0	99	0	99	0	99	0	97	98	0
95	99	99	95	99	0	0	98	97	99
100	95	96	97	0	0	0	0	97	97
95	98	98	0	97	98	0	0	0	0
0	0	0	95	98	97	97	0	0	95
0	96	98	98	0	99	97	0	95	0

0	0	19	69	0	65	18	10	0	0
0	0	0	0	31	24	5	19	0	17
19	0	0	19	0	2	34	17	0	21
69	0	19	0	34	2	33	0	30	4
0	31	0	34	0	65	0	3	4	0
65	24	2	2	65	0	0	26	61	24
18	5	34	33	0	0	0	0	18	40
10	19	17	0	3	26	0	0	0	0
0	0	0	30	4	61	18	0	0	5
0	17	21	4	0	24	40	0	5	0

32	17
15	39
26	29
39	33
33	21
27	31
35	34
11	19
15	17
30	44
