0	1	0	1	0	1	1	0	0	1
1	0	0	1	1	1	1	0	0	0
0	0	0	1	1	1	1	1	1	1
1	1	1	0	0	0	1	0	1	1
0	1	1	0	0	1	1	0	0	1
1	1	1	0	1	0	0	1	1	1
1	1	1	1	1	0	0	1	0	1
0	0	1	0	0	1	1	0	0	0
0	0	1	1	0	1	0	0	0	1
1	0	1	1	1	1	1	0	1	0

0	30	0	73	0	66	73	0	0	9
30	0	0	67	18	5	67	0	0	0
0	0	0	24	7	66	52	61	54	59
73	67	24	0	0	0	6	0	72	12
0	18	7	0	0	40	34	0	0	35
66	5	66	0	40	0	0	50	38	31
73	67	52	6	34	0	0	24	0	27
0	0	61	0	0	50	24	0	0	0
0	0	54	72	0	38	0	0	0	59
9	0	59	12	35	31	27	0	59	0

0	7	0	5	0	3	9	0	0	3
7	0	0	9	5	4	7	0	0	0
0	0	0	7	8	8	4	3	5	10
5	9	7	0	0	0	6	0	10	5
0	5	8	0	0	9	9	0	0	5
3	4	8	0	9	0	0	9	10	4
9	7	4	6	9	0	0	7	0	10
0	0	3	0	0	9	7	0	0	0
0	0	5	10	0	10	0	0	0	9
3	0	10	5	5	4	10	0	9	0

0	100	0	98	0	100	98	0	0	100
100	0	0	100	100	99	100	0	0	0
0	0	0	99	100	95	99	98	97	99
98	100	99	0	0	0	99	0	99	97
0	100	100	0	0	98	96	0	0	100
100	99	95	0	98	0	0	98	100	98
98	100	99	99	96	0	0	98	0	96
0	0	98	0	0	98	98	0	0	0
0	0	97	99	0	100	0	0	0	98
100	0	99	97	100	98	96	0	98	0

0	60	0	20	0	13	6	0	0	68
60	0	0	4	31	56	14	0	0	0
0	0	0	6	49	19	10	24	41	25
20	4	6	0	0	0	78	0	5	61
0	31	49	0	0	33	16	0	0	51
13	56	19	0	33	0	0	7	0	52
6	14	10	78	16	0	0	66	0	3
0	0	24	0	0	7	66	0	0	0
0	0	41	5	0	0	0	0	0	8
68	0	25	61	51	52	3	0	8	0

49	16
18	18
36	45
23	33
11	21
40	36
23	46
34	18
11	23
18	28
