0	1	1	1	1	0	1
1	0	1	0	0	0	1
1	1	0	0	1	1	0
1	0	0	0	1	1	1
1	0	1	1	0	1	1
0	0	1	1	1	0	1
1	1	0	1	1	1	0

0	28	9	72	68	0	46
28	0	75	0	0	0	46
9	75	0	0	59	66	0
72	0	0	0	46	61	65
68	0	59	46	0	63	22
0	0	66	61	63	0	75
46	46	0	65	22	75	0

0	6	4	3	5	0	10
6	0	6	0	0	0	7
4	6	0	0	5	5	0
3	0	0	0	9	6	6
5	0	5	9	0	3	4
0	0	5	6	3	0	9
10	7	0	6	4	9	0

0	95	95	97	99	0	95
95	0	97	0	0	0	95
95	97	0	0	98	98	0
97	0	0	0	96	97	96
99	0	98	96	0	96	98
0	0	98	97	96	0	99
95	95	0	96	98	99	0

0	6	91	26	3	0	38
6	0	8	0	0	0	24
91	8	0	0	18	22	0
26	0	0	0	10	1	17
3	0	18	10	0	20	10
0	0	22	1	20	0	15
38	24	0	17	10	15	0

12	39
12	37
31	14
14	12
26	21
26	50
34	14
