0	0	0	1	0	1	1	1
0	0	0	1	1	1	1	0
0	0	0	1	0	1	1	1
1	1	1	0	1	1	1	0
0	1	0	1	0	1	0	0
1	1	1	1	1	0	1	1
1	1	1	1	0	1	0	1
1	0	1	0	0	1	1	0

0	0	0	19	0	46	34	74
0	0	0	31	59	28	32	0
0	0	0	20	0	26	46	37
19	31	20	0	18	5	74	0
0	59	0	18	0	25	0	0
46	28	26	5	25	0	35	35
34	32	46	74	0	35	0	10
74	0	37	0	0	35	10	0

0	0	0	5	0	7	9	9
0	0	0	3	3	5	6	0
0	0	0	4	0	9	6	5
5	3	4	0	5	9	10	0
0	3	0	5	0	3	0	0
7	5	9	9	3	0	3	8
9	6	6	10	0	3	0	9
9	0	5	0	0	8	9	0

0	0	0	95	0	97	99	96
0	0	0	98	99	97	100	0
0	0	0	96	0	95	97	99
95	98	96	0	99	99	98	0
0	99	0	99	0	100	0	0
97	97	95	99	100	0	97	99
99	100	97	98	0	97	0	99
96	0	99	0	0	99	99	0

0	0	0	49	0	9	36	20
0	0	0	58	13	25	23	0
0	0	0	52	0	25	38	28
49	58	52	0	51	93	12	0
0	13	0	51	0	50	0	0
9	25	25	93	50	0	51	62
36	23	38	12	0	51	0	24
20	0	28	0	0	62	24	0

17	13
15	16
34	16
45	11
13	39
46	26
45	30
50	38
