0	0	1	1	1	1	1	1	1
0	0	1	1	1	1	1	1	1
1	1	0	1	1	1	1	1	1
1	1	1	0	0	1	1	1	1
1	1	1	0	0	1	0	1	1
1	1	1	1	1	0	1	1	1
1	1	1	1	0	1	0	1	0
1	1	1	1	1	1	1	0	1
1	1	1	1	1	1	0	1	0

0	0	25	21	29	22	51	55	29
0	0	5	43	58	42	32	38	35
25	5	0	58	66	73	16	67	26
21	43	58	0	0	57	56	57	34
29	58	66	0	0	6	0	42	54
22	42	73	57	6	0	37	30	47
51	32	16	56	0	37	0	69	0
55	38	67	57	42	30	69	0	25
29	35	26	34	54	47	0	25	0

0	0	9	7	5	4	8	6	3
0	0	3	6	4	6	3	7	6
9	3	0	3	7	7	4	5	8
7	6	3	0	0	10	3	6	7
5	4	7	0	0	3	0	4	6
4	6	7	10	3	0	6	4	4
8	3	4	3	0	6	0	10	0
6	7	5	6	4	4	10	0	7
3	6	8	7	6	4	0	7	0

0	0	98	97	95	98	95	100	98
0	0	98	98	95	96	96	97	98
98	98	0	96	98	100	96	98	100
97	98	96	0	0	99	98	99	100
95	95	98	0	0	96	0	99	96
98	96	100	99	96	0	95	95	96
95	96	96	98	0	95	0	99	0
100	97	98	99	99	95	99	0	96
98	98	100	100	96	96	0	96	0

0	0	19	58	35	76	25	12	2
0	0	36	1	38	19	4	11	57
19	36	0	34	29	5	60	20	39
58	1	34	0	0	14	16	24	38
35	38	29	0	0	88	0	16	4
76	19	5	14	88	0	25	49	36
25	4	60	16	0	25	0	27	0
12	11	20	24	16	49	27	0	1
2	57	39	38	4	36	0	1	0

24	11
10	35
14	21
35	15
31	50
14	49
29	23
26	38
13	35
