0	1	1	1	0	1	1	0
1	0	1	0	1	0	1	1
1	1	0	1	1	1	1	1
1	0	1	0	0	0	0	0
0	1	1	0	0	0	0	0
1	0	1	0	0	0	0	1
1	1	1	0	0	0	0	1
0	1	1	0	0	1	1	0

0	69	21	17	0	69	56	0
69	0	5	0	75	0	64	68
21	5	0	49	35	16	37	43
17	0	49	0	0	0	0	0
0	75	35	0	0	0	0	0
69	0	16	0	0	0	0	73
56	64	37	0	0	0	0	60
0	68	43	0	0	73	60	0

0	4	6	9	0	7	5	0
4	0	4	0	3	0	9	5
6	4	0	9	5	7	10	3
9	0	9	0	0	0	0	0
0	3	5	0	0	0	0	0
7	0	7	0	0	0	0	10
5	9	10	0	0	0	0	4
0	5	3	0	0	10	4	0

0	97	97	97	0	96	98	0
97	0	98	0	99	0	100	96
97	98	0	97	95	100	95	98
97	0	97	0	0	0	0	0
0	99	95	0	0	0	0	0
96	0	100	0	0	0	0	100
98	100	95	0	0	0	0	98
0	96	98	0	0	100	98	0

0	31	64	63	0	24	24	0
31	0	73	0	17	0	28	8
64	73	0	43	4	72	49	50
63	0	43	0	0	0	0	0
0	17	4	0	0	0	0	0
24	0	72	0	0	0	0	0
24	28	49	0	0	0	0	0
0	8	50	0	0	0	0	0

44	28
40	36
21	14
37	30
47	36
34	47
48	15
27	28
