0	1	1	1	0	0	0	1	0	1
1	0	0	1	1	1	1	0	1	0
1	0	0	1	1	1	1	1	0	1
1	1	1	0	1	1	1	0	1	1
0	1	1	1	0	1	0	1	1	1
0	1	1	1	1	0	1	1	1	1
0	1	1	1	0	1	0	1	1	1
1	0	1	0	1	1	1	0	1	1
0	1	0	1	1	1	1	1	0	0
1	0	1	1	1	1	1	1	0	0

0	27	22	49	0	0	0	51	0	71
27	0	0	58	45	50	27	0	73	0
22	0	0	53	7	41	65	44	0	26
49	58	53	0	61	32	63	0	70	6
0	45	7	61	0	44	0	19	40	65
0	50	41	32	44	0	28	12	69	12
0	27	65	63	0	28	0	10	66	51
51	0	44	0	19	12	10	0	34	58
0	73	0	70	40	69	66	34	0	0
71	0	26	6	65	12	51	58	0	0

0	3	9	6	0	0	0	10	0	4
3	0	0	9	8	7	6	0	5	0
9	0	0	6	4	3	10	7	0	5
6	9	6	0	4	7	9	0	3	4
0	8	4	4	0	4	0	4	9	10
0	7	3	7	4	0	8	5	6	5
0	6	10	9	0	8	0	5	8	9
10	0	7	0	4	5	5	0	10	9
0	5	0	3	9	6	8	10	0	0
4	0	5	4	10	5	9	9	0	0

0	99	97	96	0	0	0	95	0	97
99	0	0	96	99	95	98	0	95	0
97	0	0	96	95	95	99	100	0	100
96	96	96	0	95	99	96	0	99	98
0	99	95	95	0	96	0	95	96	99
0	95	95	99	96	0	96	96	98	96
0	98	99	96	0	96	0	100	100	98
95	0	100	0	95	96	100	0	96	97
0	95	0	99	96	98	100	96	0	0
97	0	100	98	99	96	98	97	0	0

0	39	45	44	0	0	0	12	0	15
39	0	0	25	2	4	37	0	13	0
45	0	0	32	86	3	24	38	0	17
44	25	32	0	8	40	20	0	21	30
0	2	86	8	0	26	0	18	25	15
0	4	3	40	26	0	18	28	2	8
0	37	24	20	0	18	0	24	34	39
12	0	38	0	18	28	24	0	7	10
0	13	0	21	25	2	34	7	0	0
15	0	17	30	15	8	39	10	0	0

46	26
39	38
22	24
29	47
20	18
48	46
46	47
14	14
33	25
50	10
