0	0	1	1	1	1	0
0	0	0	1	1	1	1
1	0	0	0	0	1	1
1	1	0	0	1	0	0
1	1	0	1	0	0	0
1	1	1	0	0	0	0
0	1	1	0	0	0	0

0	0	70	28	21	53	0
0	0	0	71	43	13	49
70	0	0	0	0	8	73
28	71	0	0	44	0	0
21	43	0	44	0	0	0
53	13	8	0	0	0	0
0	49	73	0	0	0	0

0	0	6	8	5	3	0
0	0	0	4	5	3	8
6	0	0	0	0	3	4
8	4	0	0	8	0	0
5	5	0	8	0	0	0
3	3	3	0	0	0	0
0	8	4	0	0	0	0

0	0	99	95	96	97	0
0	0	0	97	96	98	95
99	0	0	0	0	95	96
95	97	0	0	98	0	0
96	96	0	98	0	0	0
97	98	95	0	0	0	0
0	95	96	0	0	0	0

0	0	5	53	54	15	0
0	0	0	7	19	9	11
5	0	0	0	0	88	25
53	7	0	0	49	0	0
54	19	0	49	0	0	0
15	9	88	0	0	0	0
0	11	25	0	0	0	0

49	25
23	35
24	24
21	12
13	36
15	25
12	12
