0	1	0	0	0	1	0	0	0	1
1	0	0	1	1	1	0	0	1	1
0	0	0	1	1	1	0	1	1	0
0	1	1	0	1	0	0	0	1	1
0	1	1	1	0	1	1	1	1	0
1	1	1	0	1	0	0	0	1	1
0	0	0	0	1	0	0	1	0	1
0	0	1	0	1	0	1	0	0	1
0	1	1	1	1	1	0	0	0	0
1	1	0	1	0	1	1	1	0	0

0	56	0	0	0	5	0	0	0	28
56	0	0	50	74	34	0	0	21	73
0	0	0	6	42	43	0	32	38	0
0	50	6	0	27	0	0	0	26	49
0	74	42	27	0	44	39	5	31	0
5	34	43	0	44	0	0	0	66	28
0	0	0	0	39	0	0	33	0	17
0	0	32	0	5	0	33	0	0	8
0	21	38	26	31	66	0	0	0	0
28	73	0	49	0	28	17	8	0	0

0	8	0	0	0	7	0	0	0	4
8	0	0	9	5	9	0	0	4	7
0	0	0	6	7	10	0	4	7	0
0	9	6	0	5	0	0	0	8	4
0	5	7	5	0	10	10	8	4	0
7	9	10	0	10	0	0	0	9	9
0	0	0	0	10	0	0	10	0	4
0	0	4	0	8	0	10	0	0	9
0	4	7	8	4	9	0	0	0	0
4	7	0	4	0	9	4	9	0	0

0	95	0	0	0	100	0	0	0	96
95	0	0	96	98	97	0	0	95	97
0	0	0	97	97	96	0	99	99	0
0	96	97	0	99	0	0	0	99	96
0	98	97	99	0	98	97	99	99	0
100	97	96	0	98	0	0	0	96	97
0	0	0	0	97	0	0	95	0	95
0	0	99	0	99	0	95	0	0	96
0	95	99	99	99	96	0	0	0	0
96	97	0	96	0	97	95	96	0	0

0	18	0	0	0	71	0	0	0	52
18	0	0	48	7	14	0	0	68	8
0	0	0	0	1	4	0	9	37	0
0	48	0	0	33	0	0	0	21	35
0	7	1	33	0	12	12	71	57	0
71	14	4	0	12	0	0	0	25	19
0	0	0	0	12	0	0	65	0	33
0	0	9	0	71	0	65	0	0	16
0	68	37	21	57	25	0	0	0	0
52	8	0	35	0	19	33	16	0	0

43	16
13	45
12	39
50	18
23	29
39	29
37	16
17	25
34	45
13	15
